    0.10000E-03    0.45852E+03
    0.10202E-03    0.46749E+03
    0.10408E-03    0.47663E+03
    0.10618E-03    0.48596E+03
    0.10833E-03    0.49546E+03
    0.11052E-03    0.50515E+03
    0.11275E-03    0.51503E+03
    0.11503E-03    0.52511E+03
    0.11735E-03    0.53538E+03
    0.11972E-03    0.54585E+03
    0.12214E-03    0.55653E+03
    0.12461E-03    0.56742E+03
    0.12712E-03    0.57852E+03
    0.12969E-03    0.58983E+03
    0.13231E-03    0.60137E+03
    0.13499E-03    0.61314E+03
    0.13771E-03    0.62513E+03
    0.14049E-03    0.63736E+03
    0.14333E-03    0.64983E+03
    0.14623E-03    0.66254E+03
    0.14918E-03    0.67551E+03
    0.15220E-03    0.68872E+03
    0.15527E-03    0.70220E+03
    0.15841E-03    0.71594E+03
    0.16161E-03    0.72994E+03
    0.16487E-03    0.74423E+03
    0.16820E-03    0.75879E+03
    0.17160E-03    0.77364E+03
    0.17507E-03    0.78878E+03
    0.17860E-03    0.80421E+03
    0.18221E-03    0.81995E+03
    0.18589E-03    0.83599E+03
    0.18965E-03    0.85235E+03
    0.19348E-03    0.86904E+03
    0.19739E-03    0.88604E+03
    0.20138E-03    0.90338E+03
    0.20544E-03    0.92107E+03
    0.20959E-03    0.93909E+03
    0.21383E-03    0.95748E+03
    0.21815E-03    0.97622E+03
    0.22255E-03    0.99533E+03
    0.22705E-03    0.10148E+04
    0.23164E-03    0.10347E+04
    0.23632E-03    0.10549E+04
    0.24109E-03    0.10756E+04
    0.24596E-03    0.10966E+04
    0.25093E-03    0.11181E+04
    0.25600E-03    0.11400E+04
    0.26117E-03    0.11623E+04
    0.26645E-03    0.11851E+04
    0.27183E-03    0.12083E+04
    0.27732E-03    0.12320E+04
    0.28292E-03    0.12561E+04
    0.28864E-03    0.12807E+04
    0.29447E-03    0.13058E+04
    0.30042E-03    0.13314E+04
    0.30649E-03    0.13574E+04
    0.31268E-03    0.13840E+04
    0.31899E-03    0.14111E+04
    0.32544E-03    0.14388E+04
    0.33201E-03    0.14670E+04
    0.33872E-03    0.14957E+04
    0.34556E-03    0.15250E+04
    0.35254E-03    0.15549E+04
    0.35966E-03    0.15854E+04
    0.36693E-03    0.16165E+04
    0.37434E-03    0.16481E+04
    0.38190E-03    0.16805E+04
    0.38962E-03    0.17134E+04
    0.39749E-03    0.17470E+04
    0.40552E-03    0.17812E+04
    0.41371E-03    0.18161E+04
    0.42207E-03    0.18517E+04
    0.43060E-03    0.18881E+04
    0.43929E-03    0.19251E+04
    0.44817E-03    0.19628E+04
    0.45722E-03    0.20013E+04
    0.46646E-03    0.20405E+04
    0.47588E-03    0.20806E+04
    0.48550E-03    0.21214E+04
    0.49530E-03    0.21630E+04
    0.50531E-03    0.22054E+04
    0.51552E-03    0.22486E+04
    0.52593E-03    0.22927E+04
    0.53656E-03    0.23377E+04
    0.54739E-03    0.23835E+04
    0.55845E-03    0.24302E+04
    0.56973E-03    0.24779E+04
    0.58124E-03    0.25264E+04
    0.59299E-03    0.25760E+04
    0.60496E-03    0.26265E+04
    0.61719E-03    0.26779E+04
    0.62965E-03    0.27304E+04
    0.64237E-03    0.27839E+04
    0.65535E-03    0.28384E+04
    0.66859E-03    0.28940E+04
    0.68210E-03    0.29507E+04
    0.69588E-03    0.30084E+04
    0.70993E-03    0.30673E+04
    0.72427E-03    0.31273E+04
    0.73891E-03    0.31885E+04
    0.75383E-03    0.32508E+04
    0.76906E-03    0.33144E+04
    0.78460E-03    0.33791E+04
    0.80045E-03    0.34451E+04
    0.81662E-03    0.35123E+04
    0.83311E-03    0.35808E+04
    0.84994E-03    0.36506E+04
    0.86711E-03    0.37218E+04
    0.88463E-03    0.37942E+04
    0.90250E-03    0.38680E+04
    0.92073E-03    0.39432E+04
    0.93933E-03    0.40198E+04
    0.95831E-03    0.40978E+04
    0.97767E-03    0.41773E+04
    0.99742E-03    0.42582E+04
    0.10176E-02    0.43406E+04
    0.10381E-02    0.44245E+04
    0.10591E-02    0.45099E+04
    0.10805E-02    0.45969E+04
    0.11023E-02    0.46854E+04
    0.11246E-02    0.47755E+04
    0.11473E-02    0.48672E+04
    0.11705E-02    0.49605E+04
    0.11941E-02    0.50555E+04
    0.12182E-02    0.51521E+04
    0.12429E-02    0.52504E+04
    0.12680E-02    0.53505E+04
    0.12936E-02    0.54522E+04
    0.13197E-02    0.55557E+04
    0.13464E-02    0.56610E+04
    0.13736E-02    0.57680E+04
    0.14013E-02    0.58768E+04
    0.14296E-02    0.59875E+04
    0.14585E-02    0.61000E+04
    0.14880E-02    0.62144E+04
    0.15180E-02    0.63306E+04
    0.15487E-02    0.64487E+04
    0.15800E-02    0.65688E+04
    0.16119E-02    0.66908E+04
    0.16445E-02    0.68147E+04
    0.16777E-02    0.69406E+04
    0.17116E-02    0.70685E+04
    0.17462E-02    0.71984E+04
    0.17814E-02    0.73303E+04
    0.18174E-02    0.74642E+04
    0.18541E-02    0.76002E+04
    0.18916E-02    0.77383E+04
    0.19298E-02    0.78785E+04
    0.19688E-02    0.80207E+04
    0.20086E-02    0.81651E+04
    0.20491E-02    0.83116E+04
    0.20905E-02    0.84602E+04
    0.21328E-02    0.86110E+04
    0.21758E-02    0.87639E+04
    0.22198E-02    0.89191E+04
    0.22646E-02    0.90763E+04
    0.23104E-02    0.92358E+04
    0.23571E-02    0.93975E+04
    0.24047E-02    0.95614E+04
    0.24533E-02    0.97275E+04
    0.25028E-02    0.98958E+04
    0.25534E-02    0.10066E+05
    0.26050E-02    0.10239E+05
    0.26576E-02    0.10414E+05
    0.27113E-02    0.10591E+05
    0.27660E-02    0.10771E+05
    0.28219E-02    0.10952E+05
    0.28789E-02    0.11136E+05
    0.29371E-02    0.11322E+05
    0.29964E-02    0.11510E+05
    0.30569E-02    0.11701E+05
    0.31187E-02    0.11893E+05
    0.31817E-02    0.12088E+05
    0.32460E-02    0.12285E+05
    0.33115E-02    0.12484E+05
    0.33784E-02    0.12685E+05
    0.34467E-02    0.12888E+05
    0.35163E-02    0.13094E+05
    0.35874E-02    0.13301E+05
    0.36598E-02    0.13511E+05
    0.37338E-02    0.13722E+05
    0.38092E-02    0.13935E+05
    0.38861E-02    0.14151E+05
    0.39646E-02    0.14368E+05
    0.40447E-02    0.14587E+05
    0.41264E-02    0.14808E+05
    0.42098E-02    0.15031E+05
    0.42948E-02    0.15255E+05
    0.43816E-02    0.15481E+05
    0.44701E-02    0.15709E+05
    0.45604E-02    0.15938E+05
    0.46525E-02    0.16169E+05
    0.47465E-02    0.16401E+05
    0.48424E-02    0.16635E+05
    0.49402E-02    0.16869E+05
    0.50400E-02    0.17106E+05
    0.51419E-02    0.17343E+05
    0.52457E-02    0.17581E+05
    0.53517E-02    0.17820E+05
    0.54598E-02    0.18061E+05
    0.55701E-02    0.18302E+05
    0.56826E-02    0.18543E+05
    0.57974E-02    0.18786E+05
    0.59145E-02    0.19029E+05
    0.60340E-02    0.19272E+05
    0.61559E-02    0.19515E+05
    0.62803E-02    0.19759E+05
    0.64072E-02    0.20003E+05
    0.65366E-02    0.20247E+05
    0.66686E-02    0.20490E+05
    0.68033E-02    0.20733E+05
    0.69408E-02    0.20975E+05
    0.70810E-02    0.21217E+05
    0.72240E-02    0.21458E+05
    0.73700E-02    0.21697E+05
    0.75189E-02    0.21936E+05
    0.76708E-02    0.22173E+05
    0.78257E-02    0.22409E+05
    0.79838E-02    0.22643E+05
    0.81451E-02    0.22875E+05
    0.83096E-02    0.23105E+05
    0.84775E-02    0.23333E+05
    0.86488E-02    0.23558E+05
    0.88235E-02    0.23781E+05
    0.90017E-02    0.24001E+05
    0.91836E-02    0.24218E+05
    0.93691E-02    0.24431E+05
    0.95583E-02    0.24641E+05
    0.97514E-02    0.24847E+05
    0.99484E-02    0.25049E+05
    0.10149E-01    0.25247E+05
    0.10354E-01    0.25440E+05
    0.10564E-01    0.25628E+05
    0.10777E-01    0.25811E+05
    0.10995E-01    0.25989E+05
    0.11217E-01    0.26161E+05
    0.11443E-01    0.26327E+05
    0.11675E-01    0.26487E+05
    0.11910E-01    0.26641E+05
    0.12151E-01    0.26788E+05
    0.12397E-01    0.26928E+05
    0.12647E-01    0.27060E+05
    0.12902E-01    0.27185E+05
    0.13163E-01    0.27302E+05
    0.13429E-01    0.27410E+05
    0.13700E-01    0.27510E+05
    0.13977E-01    0.27601E+05
    0.14259E-01    0.27683E+05
    0.14547E-01    0.27755E+05
    0.14841E-01    0.27818E+05
    0.15141E-01    0.27870E+05
    0.15447E-01    0.27912E+05
    0.15759E-01    0.27944E+05
    0.16077E-01    0.27964E+05
    0.16402E-01    0.27974E+05
    0.16734E-01    0.27971E+05
    0.17072E-01    0.27957E+05
    0.17416E-01    0.27931E+05
    0.17768E-01    0.27893E+05
    0.18127E-01    0.27843E+05
    0.18493E-01    0.27780E+05
    0.18867E-01    0.27704E+05
    0.19248E-01    0.27615E+05
    0.19637E-01    0.27513E+05
    0.20034E-01    0.27398E+05
    0.20438E-01    0.27270E+05
    0.20851E-01    0.27128E+05
    0.21272E-01    0.26974E+05
    0.21702E-01    0.26806E+05
    0.22141E-01    0.26624E+05
    0.22588E-01    0.26430E+05
    0.23044E-01    0.26222E+05
    0.23510E-01    0.26002E+05
    0.23985E-01    0.25769E+05
    0.24469E-01    0.25524E+05
    0.24964E-01    0.25267E+05
    0.25468E-01    0.24998E+05
    0.25982E-01    0.24718E+05
    0.26507E-01    0.24427E+05
    0.27043E-01    0.24126E+05
    0.27589E-01    0.23815E+05
    0.28146E-01    0.23495E+05
    0.28715E-01    0.23166E+05
    0.29295E-01    0.22830E+05
    0.29887E-01    0.22486E+05
    0.30490E-01    0.22137E+05
    0.31106E-01    0.21782E+05
    0.31735E-01    0.21422E+05
    0.32376E-01    0.21059E+05
    0.33030E-01    0.20694E+05
    0.33697E-01    0.20326E+05
    0.34378E-01    0.19958E+05
    0.35072E-01    0.19590E+05
    0.35781E-01    0.19224E+05
    0.36504E-01    0.18859E+05
    0.37241E-01    0.18498E+05
    0.37993E-01    0.18142E+05
    0.38761E-01    0.17791E+05
    0.39544E-01    0.17446E+05
    0.40343E-01    0.17108E+05
    0.41158E-01    0.16778E+05
    0.41989E-01    0.16456E+05
    0.42838E-01    0.16143E+05
    0.43703E-01    0.15838E+05
    0.44586E-01    0.15542E+05
    0.45486E-01    0.15258E+05
    0.46405E-01    0.14985E+05
    0.47343E-01    0.14726E+05
    0.48299E-01    0.14479E+05
    0.49275E-01    0.14245E+05
    0.50270E-01    0.14022E+05
    0.51286E-01    0.13809E+05
    0.52322E-01    0.13605E+05
    0.53379E-01    0.13409E+05
    0.54457E-01    0.13221E+05
    0.55557E-01    0.13039E+05
    0.56680E-01    0.12862E+05
    0.57825E-01    0.12690E+05
    0.58993E-01    0.12521E+05
    0.60184E-01    0.12354E+05
    0.61400E-01    0.12187E+05
    0.62641E-01    0.12020E+05
    0.63906E-01    0.11850E+05
    0.65197E-01    0.11677E+05
    0.66514E-01    0.11497E+05
    0.67858E-01    0.11310E+05
    0.69229E-01    0.11113E+05
    0.70627E-01    0.10904E+05
    0.72054E-01    0.10683E+05
    0.73510E-01    0.10450E+05
    0.74994E-01    0.10202E+05
    0.76509E-01    0.99428E+04
    0.78055E-01    0.96714E+04
    0.79632E-01    0.93899E+04
    0.81241E-01    0.91005E+04
    0.82882E-01    0.88057E+04
    0.84556E-01    0.85079E+04
    0.86264E-01    0.82101E+04
    0.88007E-01    0.79148E+04
    0.89785E-01    0.76247E+04
    0.91598E-01    0.73424E+04
    0.93449E-01    0.70704E+04
    0.95337E-01    0.68112E+04
    0.97263E-01    0.65669E+04
    0.99227E-01    0.63394E+04
    0.10123E+00    0.61306E+04
    0.10328E+00    0.59414E+04
    0.10536E+00    0.57720E+04
    0.10749E+00    0.56222E+04
    0.10966E+00    0.54905E+04
    0.11188E+00    0.53744E+04
    0.11414E+00    0.52712E+04
    0.11644E+00    0.51772E+04
    0.11880E+00    0.50885E+04
    0.12120E+00    0.50012E+04
    0.12365E+00    0.49112E+04
    0.12614E+00    0.48152E+04
    0.12869E+00    0.47103E+04
    0.13129E+00    0.45944E+04
    0.13394E+00    0.44667E+04
    0.13665E+00    0.43272E+04
    0.13941E+00    0.41771E+04
    0.14223E+00    0.40185E+04
    0.14510E+00    0.38542E+04
    0.14803E+00    0.36878E+04
    0.15102E+00    0.35230E+04
    0.15407E+00    0.33643E+04
    0.15718E+00    0.32156E+04
    0.16036E+00    0.30806E+04
    0.16360E+00    0.29617E+04
    0.16690E+00    0.28596E+04
    0.17028E+00    0.27732E+04
    0.17371E+00    0.26995E+04
    0.17722E+00    0.26352E+04
    0.18080E+00    0.25771E+04
    0.18446E+00    0.25211E+04
    0.18818E+00    0.24635E+04
    0.19198E+00    0.24007E+04
    0.19586E+00    0.23300E+04
    0.19982E+00    0.22504E+04
    0.20386E+00    0.21630E+04
    0.20797E+00    0.20707E+04
    0.21218E+00    0.19776E+04
    0.21646E+00    0.18864E+04
    0.22083E+00    0.18009E+04
    0.22530E+00    0.17239E+04
    0.22985E+00    0.16568E+04
    0.23449E+00    0.15995E+04
    0.23923E+00    0.15505E+04
    0.24406E+00    0.15070E+04
    0.24899E+00    0.14659E+04
    0.25402E+00    0.14238E+04
    0.25915E+00    0.13782E+04
    0.26439E+00    0.13282E+04
    0.26973E+00    0.12745E+04
    0.27518E+00    0.12192E+04
    0.28074E+00    0.11646E+04
    0.28641E+00    0.11132E+04
    0.29219E+00    0.10667E+04
    0.29810E+00    0.10259E+04
    0.30412E+00    0.99014E+03
    0.31026E+00    0.95747E+03
    0.31653E+00    0.92587E+03
    0.32292E+00    0.89371E+03
    0.32945E+00    0.86001E+03
    0.33610E+00    0.82483E+03
    0.34289E+00    0.78938E+03
    0.34982E+00    0.75528E+03
    0.35689E+00    0.72370E+03
    0.36409E+00    0.69499E+03
    0.37145E+00    0.66882E+03
    0.37895E+00    0.64431E+03
    0.38661E+00    0.62031E+03
    0.39442E+00    0.59606E+03
    0.40239E+00    0.57157E+03
    0.41052E+00    0.54742E+03
    0.41881E+00    0.52428E+03
    0.42727E+00    0.50266E+03
    0.43590E+00    0.48259E+03
    0.44471E+00    0.46361E+03
    0.45369E+00    0.44524E+03
    0.46286E+00    0.42714E+03
    0.47221E+00    0.40928E+03
    0.48174E+00    0.39201E+03
    0.49148E+00    0.37560E+03
    0.50141E+00    0.36008E+03
    0.51153E+00    0.34535E+03
    0.52187E+00    0.33114E+03
    0.53241E+00    0.31731E+03
    0.54317E+00    0.30390E+03
    0.55414E+00    0.29101E+03
    0.56533E+00    0.27874E+03
    0.57675E+00    0.26704E+03
    0.58840E+00    0.25579E+03
    0.60029E+00    0.24494E+03
    0.61242E+00    0.23448E+03
    0.62479E+00    0.22445E+03
    0.63741E+00    0.21486E+03
    0.65029E+00    0.20567E+03
    0.66342E+00    0.19685E+03
    0.67683E+00    0.18838E+03
    0.69050E+00    0.18026E+03
    0.70445E+00    0.17246E+03
    0.71868E+00    0.16498E+03
    0.73320E+00    0.15780E+03
    0.74801E+00    0.15093E+03
    0.76312E+00    0.14433E+03
    0.77854E+00    0.13801E+03
    0.79426E+00    0.13196E+03
    0.81031E+00    0.12615E+03
    0.82668E+00    0.12060E+03
    0.84338E+00    0.11528E+03
    0.86041E+00    0.11018E+03
    0.87780E+00    0.10530E+03
    0.89553E+00    0.10062E+03
    0.91362E+00    0.96151E+02
    0.93208E+00    0.91868E+02
    0.95091E+00    0.87767E+02
    0.97011E+00    0.83843E+02
    0.98971E+00    0.80087E+02
    0.10097E+01    0.76492E+02
    0.10301E+01    0.73053E+02
    0.10509E+01    0.69761E+02
    0.10721E+01    0.66613E+02
    0.10938E+01    0.63601E+02
    0.11159E+01    0.60720E+02
    0.11384E+01    0.57964E+02
    0.11614E+01    0.55330E+02
    0.11849E+01    0.52810E+02
    0.12088E+01    0.50401E+02
    0.12333E+01    0.48098E+02
    0.12582E+01    0.45897E+02
    0.12836E+01    0.43793E+02
    0.13095E+01    0.41783E+02
    0.13360E+01    0.39861E+02
    0.13630E+01    0.38025E+02
    0.13905E+01    0.36271E+02
    0.14186E+01    0.34596E+02
    0.14472E+01    0.32995E+02
    0.14765E+01    0.31466E+02
    0.15063E+01    0.30006E+02
    0.15367E+01    0.28612E+02
    0.15678E+01    0.27281E+02
    0.15994E+01    0.26010E+02
    0.16318E+01    0.24796E+02
    0.16647E+01    0.23638E+02
    0.16984E+01    0.22532E+02
    0.17327E+01    0.21476E+02
    0.17677E+01    0.20468E+02
    0.18034E+01    0.19507E+02
    0.18398E+01    0.18589E+02
    0.18770E+01    0.17712E+02
    0.19149E+01    0.16876E+02
    0.19536E+01    0.16078E+02
    0.19930E+01    0.15317E+02
    0.20333E+01    0.14591E+02
    0.20744E+01    0.13898E+02
    0.21163E+01    0.13237E+02
    0.21590E+01    0.12607E+02
    0.22026E+01    0.12006E+02
    0.22471E+01    0.11434E+02
    0.22925E+01    0.10888E+02
    0.23388E+01    0.10368E+02
    0.23861E+01    0.98733E+01
    0.24343E+01    0.94017E+01
