    0.10000E-03    0.48879E+03
    0.10202E-03    0.49834E+03
    0.10408E-03    0.50807E+03
    0.10618E-03    0.51800E+03
    0.10833E-03    0.52811E+03
    0.11052E-03    0.53843E+03
    0.11275E-03    0.54895E+03
    0.11503E-03    0.55967E+03
    0.11735E-03    0.57060E+03
    0.11972E-03    0.58174E+03
    0.12214E-03    0.59311E+03
    0.12461E-03    0.60469E+03
    0.12712E-03    0.61650E+03
    0.12969E-03    0.62853E+03
    0.13231E-03    0.64080E+03
    0.13499E-03    0.65332E+03
    0.13771E-03    0.66607E+03
    0.14049E-03    0.67907E+03
    0.14333E-03    0.69233E+03
    0.14623E-03    0.70584E+03
    0.14918E-03    0.71962E+03
    0.15220E-03    0.73366E+03
    0.15527E-03    0.74798E+03
    0.15841E-03    0.76257E+03
    0.16161E-03    0.77745E+03
    0.16487E-03    0.79261E+03
    0.16820E-03    0.80808E+03
    0.17160E-03    0.82384E+03
    0.17507E-03    0.83990E+03
    0.17860E-03    0.85628E+03
    0.18221E-03    0.87298E+03
    0.18589E-03    0.89000E+03
    0.18965E-03    0.90735E+03
    0.19348E-03    0.92503E+03
    0.19739E-03    0.94306E+03
    0.20138E-03    0.96144E+03
    0.20544E-03    0.98017E+03
    0.20959E-03    0.99927E+03
    0.21383E-03    0.10187E+04
    0.21815E-03    0.10386E+04
    0.22255E-03    0.10588E+04
    0.22705E-03    0.10794E+04
    0.23164E-03    0.11004E+04
    0.23632E-03    0.11218E+04
    0.24109E-03    0.11437E+04
    0.24596E-03    0.11659E+04
    0.25093E-03    0.11886E+04
    0.25600E-03    0.12117E+04
    0.26117E-03    0.12353E+04
    0.26645E-03    0.12593E+04
    0.27183E-03    0.12838E+04
    0.27732E-03    0.13087E+04
    0.28292E-03    0.13341E+04
    0.28864E-03    0.13600E+04
    0.29447E-03    0.13864E+04
    0.30042E-03    0.14133E+04
    0.30649E-03    0.14408E+04
    0.31268E-03    0.14687E+04
    0.31899E-03    0.14972E+04
    0.32544E-03    0.15262E+04
    0.33201E-03    0.15558E+04
    0.33872E-03    0.15859E+04
    0.34556E-03    0.16166E+04
    0.35254E-03    0.16479E+04
    0.35966E-03    0.16798E+04
    0.36693E-03    0.17123E+04
    0.37434E-03    0.17454E+04
    0.38190E-03    0.17792E+04
    0.38962E-03    0.18136E+04
    0.39749E-03    0.18486E+04
    0.40552E-03    0.18843E+04
    0.41371E-03    0.19206E+04
    0.42207E-03    0.19577E+04
    0.43060E-03    0.19954E+04
    0.43929E-03    0.20339E+04
    0.44817E-03    0.20730E+04
    0.45722E-03    0.21129E+04
    0.46646E-03    0.21536E+04
    0.47588E-03    0.21950E+04
    0.48550E-03    0.22371E+04
    0.49530E-03    0.22801E+04
    0.50531E-03    0.23239E+04
    0.51552E-03    0.23684E+04
    0.52593E-03    0.24138E+04
    0.53656E-03    0.24600E+04
    0.54739E-03    0.25071E+04
    0.55845E-03    0.25551E+04
    0.56973E-03    0.26039E+04
    0.58124E-03    0.26537E+04
    0.59299E-03    0.27043E+04
    0.60496E-03    0.27559E+04
    0.61719E-03    0.28084E+04
    0.62965E-03    0.28619E+04
    0.64237E-03    0.29163E+04
    0.65535E-03    0.29717E+04
    0.66859E-03    0.30282E+04
    0.68210E-03    0.30856E+04
    0.69588E-03    0.31441E+04
    0.70993E-03    0.32037E+04
    0.72427E-03    0.32643E+04
    0.73891E-03    0.33260E+04
    0.75383E-03    0.33888E+04
    0.76906E-03    0.34528E+04
    0.78460E-03    0.35179E+04
    0.80045E-03    0.35841E+04
    0.81662E-03    0.36515E+04
    0.83311E-03    0.37202E+04
    0.84994E-03    0.37900E+04
    0.86711E-03    0.38611E+04
    0.88463E-03    0.39334E+04
    0.90250E-03    0.40070E+04
    0.92073E-03    0.40819E+04
    0.93933E-03    0.41580E+04
    0.95831E-03    0.42356E+04
    0.97767E-03    0.43144E+04
    0.99742E-03    0.43947E+04
    0.10176E-02    0.44763E+04
    0.10381E-02    0.45593E+04
    0.10591E-02    0.46438E+04
    0.10805E-02    0.47297E+04
    0.11023E-02    0.48171E+04
    0.11246E-02    0.49060E+04
    0.11473E-02    0.49963E+04
    0.11705E-02    0.50883E+04
    0.11941E-02    0.51817E+04
    0.12182E-02    0.52768E+04
    0.12429E-02    0.53734E+04
    0.12680E-02    0.54716E+04
    0.12936E-02    0.55715E+04
    0.13197E-02    0.56730E+04
    0.13464E-02    0.57762E+04
    0.13736E-02    0.58811E+04
    0.14013E-02    0.59876E+04
    0.14296E-02    0.60960E+04
    0.14585E-02    0.62060E+04
    0.14880E-02    0.63178E+04
    0.15180E-02    0.64315E+04
    0.15487E-02    0.65469E+04
    0.15800E-02    0.66641E+04
    0.16119E-02    0.67831E+04
    0.16445E-02    0.69041E+04
    0.16777E-02    0.70268E+04
    0.17116E-02    0.71515E+04
    0.17462E-02    0.72781E+04
    0.17814E-02    0.74065E+04
    0.18174E-02    0.75369E+04
    0.18541E-02    0.76692E+04
    0.18916E-02    0.78035E+04
    0.19298E-02    0.79397E+04
    0.19688E-02    0.80780E+04
    0.20086E-02    0.82181E+04
    0.20491E-02    0.83603E+04
    0.20905E-02    0.85045E+04
    0.21328E-02    0.86507E+04
    0.21758E-02    0.87989E+04
    0.22198E-02    0.89491E+04
    0.22646E-02    0.91014E+04
    0.23104E-02    0.92556E+04
    0.23571E-02    0.94119E+04
    0.24047E-02    0.95703E+04
    0.24533E-02    0.97306E+04
    0.25028E-02    0.98930E+04
    0.25534E-02    0.10057E+05
    0.26050E-02    0.10224E+05
    0.26576E-02    0.10392E+05
    0.27113E-02    0.10563E+05
    0.27660E-02    0.10735E+05
    0.28219E-02    0.10910E+05
    0.28789E-02    0.11086E+05
    0.29371E-02    0.11264E+05
    0.29964E-02    0.11445E+05
    0.30569E-02    0.11627E+05
    0.31187E-02    0.11811E+05
    0.31817E-02    0.11997E+05
    0.32460E-02    0.12185E+05
    0.33115E-02    0.12375E+05
    0.33784E-02    0.12567E+05
    0.34467E-02    0.12760E+05
    0.35163E-02    0.12955E+05
    0.35874E-02    0.13152E+05
    0.36598E-02    0.13351E+05
    0.37338E-02    0.13551E+05
    0.38092E-02    0.13753E+05
    0.38861E-02    0.13956E+05
    0.39646E-02    0.14161E+05
    0.40447E-02    0.14368E+05
    0.41264E-02    0.14576E+05
    0.42098E-02    0.14785E+05
    0.42948E-02    0.14995E+05
    0.43816E-02    0.15207E+05
    0.44701E-02    0.15420E+05
    0.45604E-02    0.15634E+05
    0.46525E-02    0.15849E+05
    0.47465E-02    0.16065E+05
    0.48424E-02    0.16282E+05
    0.49402E-02    0.16500E+05
    0.50400E-02    0.16719E+05
    0.51419E-02    0.16938E+05
    0.52457E-02    0.17158E+05
    0.53517E-02    0.17378E+05
    0.54598E-02    0.17599E+05
    0.55701E-02    0.17820E+05
    0.56826E-02    0.18041E+05
    0.57974E-02    0.18263E+05
    0.59145E-02    0.18484E+05
    0.60340E-02    0.18704E+05
    0.61559E-02    0.18925E+05
    0.62803E-02    0.19145E+05
    0.64072E-02    0.19364E+05
    0.65366E-02    0.19583E+05
    0.66686E-02    0.19800E+05
    0.68033E-02    0.20017E+05
    0.69408E-02    0.20233E+05
    0.70810E-02    0.20447E+05
    0.72240E-02    0.20660E+05
    0.73700E-02    0.20870E+05
    0.75189E-02    0.21080E+05
    0.76708E-02    0.21287E+05
    0.78257E-02    0.21492E+05
    0.79838E-02    0.21694E+05
    0.81451E-02    0.21894E+05
    0.83096E-02    0.22092E+05
    0.84775E-02    0.22286E+05
    0.86488E-02    0.22477E+05
    0.88235E-02    0.22665E+05
    0.90017E-02    0.22850E+05
    0.91836E-02    0.23030E+05
    0.93691E-02    0.23207E+05
    0.95583E-02    0.23379E+05
    0.97514E-02    0.23547E+05
    0.99484E-02    0.23710E+05
    0.10149E-01    0.23868E+05
    0.10354E-01    0.24020E+05
    0.10564E-01    0.24168E+05
    0.10777E-01    0.24309E+05
    0.10995E-01    0.24445E+05
    0.11217E-01    0.24574E+05
    0.11443E-01    0.24697E+05
    0.11675E-01    0.24813E+05
    0.11910E-01    0.24922E+05
    0.12151E-01    0.25024E+05
    0.12397E-01    0.25118E+05
    0.12647E-01    0.25204E+05
    0.12902E-01    0.25282E+05
    0.13163E-01    0.25352E+05
    0.13429E-01    0.25413E+05
    0.13700E-01    0.25464E+05
    0.13977E-01    0.25507E+05
    0.14259E-01    0.25540E+05
    0.14547E-01    0.25564E+05
    0.14841E-01    0.25577E+05
    0.15141E-01    0.25580E+05
    0.15447E-01    0.25572E+05
    0.15759E-01    0.25554E+05
    0.16077E-01    0.25525E+05
    0.16402E-01    0.25484E+05
    0.16734E-01    0.25433E+05
    0.17072E-01    0.25369E+05
    0.17416E-01    0.25294E+05
    0.17768E-01    0.25207E+05
    0.18127E-01    0.25107E+05
    0.18493E-01    0.24996E+05
    0.18867E-01    0.24872E+05
    0.19248E-01    0.24736E+05
    0.19637E-01    0.24588E+05
    0.20034E-01    0.24427E+05
    0.20438E-01    0.24254E+05
    0.20851E-01    0.24069E+05
    0.21272E-01    0.23871E+05
    0.21702E-01    0.23661E+05
    0.22141E-01    0.23440E+05
    0.22588E-01    0.23206E+05
    0.23044E-01    0.22962E+05
    0.23510E-01    0.22706E+05
    0.23985E-01    0.22439E+05
    0.24469E-01    0.22161E+05
    0.24964E-01    0.21874E+05
    0.25468E-01    0.21577E+05
    0.25982E-01    0.21271E+05
    0.26507E-01    0.20957E+05
    0.27043E-01    0.20634E+05
    0.27589E-01    0.20305E+05
    0.28146E-01    0.19969E+05
    0.28715E-01    0.19627E+05
    0.29295E-01    0.19280E+05
    0.29887E-01    0.18929E+05
    0.30490E-01    0.18575E+05
    0.31106E-01    0.18218E+05
    0.31735E-01    0.17860E+05
    0.32376E-01    0.17501E+05
    0.33030E-01    0.17143E+05
    0.33697E-01    0.16786E+05
    0.34378E-01    0.16431E+05
    0.35072E-01    0.16080E+05
    0.35781E-01    0.15732E+05
    0.36504E-01    0.15390E+05
    0.37241E-01    0.15054E+05
    0.37993E-01    0.14726E+05
    0.38761E-01    0.14405E+05
    0.39544E-01    0.14092E+05
    0.40343E-01    0.13789E+05
    0.41158E-01    0.13495E+05
    0.41989E-01    0.13210E+05
    0.42838E-01    0.12935E+05
    0.43703E-01    0.12672E+05
    0.44586E-01    0.12420E+05
    0.45486E-01    0.12180E+05
    0.46405E-01    0.11954E+05
    0.47343E-01    0.11742E+05
    0.48299E-01    0.11541E+05
    0.49275E-01    0.11352E+05
    0.50270E-01    0.11173E+05
    0.51286E-01    0.11002E+05
    0.52322E-01    0.10839E+05
    0.53379E-01    0.10684E+05
    0.54457E-01    0.10535E+05
    0.55557E-01    0.10392E+05
    0.56680E-01    0.10254E+05
    0.57825E-01    0.10119E+05
    0.58993E-01    0.99864E+04
    0.60184E-01    0.98539E+04
    0.61400E-01    0.97200E+04
    0.62641E-01    0.95828E+04
    0.63906E-01    0.94405E+04
    0.65197E-01    0.92913E+04
    0.66514E-01    0.91336E+04
    0.67858E-01    0.89658E+04
    0.69229E-01    0.87869E+04
    0.70627E-01    0.85963E+04
    0.72054E-01    0.83935E+04
    0.73510E-01    0.81787E+04
    0.74994E-01    0.79527E+04
    0.76509E-01    0.77166E+04
    0.78055E-01    0.74719E+04
    0.79632E-01    0.72206E+04
    0.81241E-01    0.69649E+04
    0.82882E-01    0.67071E+04
    0.84556E-01    0.64496E+04
    0.86264E-01    0.61948E+04
    0.88007E-01    0.59452E+04
    0.89785E-01    0.57034E+04
    0.91598E-01    0.54720E+04
    0.93449E-01    0.52535E+04
    0.95337E-01    0.50501E+04
    0.97263E-01    0.48635E+04
    0.99227E-01    0.46953E+04
    0.10123E+00    0.45461E+04
    0.10328E+00    0.44153E+04
    0.10536E+00    0.43024E+04
    0.10749E+00    0.42052E+04
    0.10966E+00    0.41212E+04
    0.11188E+00    0.40476E+04
    0.11414E+00    0.39809E+04
    0.11644E+00    0.39178E+04
    0.11880E+00    0.38548E+04
    0.12120E+00    0.37886E+04
    0.12365E+00    0.37163E+04
    0.12614E+00    0.36351E+04
    0.12869E+00    0.35434E+04
    0.13129E+00    0.34403E+04
    0.13394E+00    0.33259E+04
    0.13665E+00    0.32013E+04
    0.13941E+00    0.30689E+04
    0.14223E+00    0.29315E+04
    0.14510E+00    0.27928E+04
    0.14803E+00    0.26568E+04
    0.15102E+00    0.25277E+04
    0.15407E+00    0.24093E+04
    0.15718E+00    0.23039E+04
    0.16036E+00    0.22129E+04
    0.16360E+00    0.21362E+04
    0.16690E+00    0.20728E+04
    0.17028E+00    0.20202E+04
    0.17371E+00    0.19757E+04
    0.17722E+00    0.19360E+04
    0.18080E+00    0.18972E+04
    0.18446E+00    0.18555E+04
    0.18818E+00    0.18077E+04
    0.19198E+00    0.17519E+04
    0.19586E+00    0.16880E+04
    0.19982E+00    0.16176E+04
    0.20386E+00    0.15435E+04
    0.20797E+00    0.14690E+04
    0.21218E+00    0.13966E+04
    0.21646E+00    0.13299E+04
    0.22083E+00    0.12712E+04
    0.22530E+00    0.12216E+04
    0.22985E+00    0.11803E+04
    0.23449E+00    0.11457E+04
    0.23923E+00    0.11152E+04
    0.24406E+00    0.10858E+04
    0.24899E+00    0.10548E+04
    0.25402E+00    0.10199E+04
    0.25915E+00    0.98095E+03
    0.26439E+00    0.93892E+03
    0.26973E+00    0.89571E+03
    0.27518E+00    0.85351E+03
    0.28074E+00    0.81443E+03
    0.28641E+00    0.77997E+03
    0.29219E+00    0.75040E+03
    0.29810E+00    0.72473E+03
    0.30412E+00    0.70126E+03
    0.31026E+00    0.67823E+03
    0.31653E+00    0.65422E+03
    0.32292E+00    0.62856E+03
    0.32945E+00    0.60165E+03
    0.33610E+00    0.57475E+03
    0.34289E+00    0.54921E+03
    0.34982E+00    0.52586E+03
    0.35689E+00    0.50495E+03
    0.36409E+00    0.48606E+03
    0.37145E+00    0.46825E+03
    0.37895E+00    0.45053E+03
    0.38661E+00    0.43245E+03
    0.39442E+00    0.41413E+03
    0.40239E+00    0.39612E+03
    0.41052E+00    0.37906E+03
    0.41881E+00    0.36329E+03
    0.42727E+00    0.34870E+03
    0.43590E+00    0.33490E+03
    0.44471E+00    0.32144E+03
    0.45369E+00    0.30807E+03
    0.46286E+00    0.29492E+03
    0.47221E+00    0.28225E+03
    0.48174E+00    0.27027E+03
    0.49148E+00    0.25901E+03
    0.50141E+00    0.24830E+03
    0.51153E+00    0.23794E+03
    0.52187E+00    0.22782E+03
    0.53241E+00    0.21804E+03
    0.54317E+00    0.20867E+03
    0.55414E+00    0.19977E+03
    0.56533E+00    0.19129E+03
    0.57675E+00    0.18313E+03
    0.58840E+00    0.17525E+03
    0.60029E+00    0.16766E+03
    0.61242E+00    0.16040E+03
    0.62479E+00    0.15347E+03
    0.63741E+00    0.14683E+03
    0.65029E+00    0.14046E+03
    0.66342E+00    0.13435E+03
    0.67683E+00    0.12848E+03
    0.69050E+00    0.12286E+03
    0.70445E+00    0.11747E+03
    0.71868E+00    0.11230E+03
    0.73320E+00    0.10735E+03
    0.74801E+00    0.10261E+03
    0.76312E+00    0.98065E+02
    0.77854E+00    0.93714E+02
    0.79426E+00    0.89549E+02
    0.81031E+00    0.85562E+02
    0.82668E+00    0.81747E+02
    0.84338E+00    0.78095E+02
    0.86041E+00    0.74600E+02
    0.87780E+00    0.71256E+02
    0.89553E+00    0.68056E+02
    0.91362E+00    0.64995E+02
    0.93208E+00    0.62066E+02
    0.95091E+00    0.59264E+02
    0.97011E+00    0.56584E+02
    0.98971E+00    0.54021E+02
    0.10097E+01    0.51569E+02
    0.10301E+01    0.49225E+02
    0.10509E+01    0.46983E+02
    0.10721E+01    0.44840E+02
    0.10938E+01    0.42791E+02
    0.11159E+01    0.40832E+02
    0.11384E+01    0.38960E+02
    0.11614E+01    0.37171E+02
    0.11849E+01    0.35461E+02
    0.12088E+01    0.33827E+02
    0.12333E+01    0.32266E+02
    0.12582E+01    0.30775E+02
    0.12836E+01    0.29351E+02
    0.13095E+01    0.27990E+02
    0.13360E+01    0.26691E+02
    0.13630E+01    0.25450E+02
    0.13905E+01    0.24265E+02
    0.14186E+01    0.23134E+02
    0.14472E+01    0.22054E+02
    0.14765E+01    0.21023E+02
    0.15063E+01    0.20039E+02
    0.15367E+01    0.19100E+02
    0.15678E+01    0.18204E+02
    0.15994E+01    0.17348E+02
    0.16318E+01    0.16532E+02
    0.16647E+01    0.15753E+02
    0.16984E+01    0.15010E+02
    0.17327E+01    0.14301E+02
    0.17677E+01    0.13624E+02
    0.18034E+01    0.12979E+02
    0.18398E+01    0.12363E+02
    0.18770E+01    0.11775E+02
    0.19149E+01    0.11215E+02
    0.19536E+01    0.10681E+02
    0.19930E+01    0.10171E+02
    0.20333E+01    0.96847E+01
    0.20744E+01    0.92214E+01
    0.21163E+01    0.87798E+01
    0.21590E+01    0.83590E+01
    0.22026E+01    0.79580E+01
    0.22471E+01    0.75761E+01
    0.22925E+01    0.72123E+01
    0.23388E+01    0.68658E+01
    0.23861E+01    0.65360E+01
