    0.10000E-03    0.42153E+03
    0.10202E-03    0.42976E+03
    0.10408E-03    0.43816E+03
    0.10618E-03    0.44672E+03
    0.10833E-03    0.45544E+03
    0.11052E-03    0.46434E+03
    0.11275E-03    0.47340E+03
    0.11503E-03    0.48265E+03
    0.11735E-03    0.49207E+03
    0.11972E-03    0.50168E+03
    0.12214E-03    0.51148E+03
    0.12461E-03    0.52146E+03
    0.12712E-03    0.53164E+03
    0.12969E-03    0.54202E+03
    0.13231E-03    0.55260E+03
    0.13499E-03    0.56339E+03
    0.13771E-03    0.57438E+03
    0.14049E-03    0.58559E+03
    0.14333E-03    0.59702E+03
    0.14623E-03    0.60867E+03
    0.14918E-03    0.62054E+03
    0.15220E-03    0.63265E+03
    0.15527E-03    0.64499E+03
    0.15841E-03    0.65757E+03
    0.16161E-03    0.67039E+03
    0.16487E-03    0.68347E+03
    0.16820E-03    0.69679E+03
    0.17160E-03    0.71038E+03
    0.17507E-03    0.72422E+03
    0.17860E-03    0.73834E+03
    0.18221E-03    0.75273E+03
    0.18589E-03    0.76740E+03
    0.18965E-03    0.78235E+03
    0.19348E-03    0.79759E+03
    0.19739E-03    0.81313E+03
    0.20138E-03    0.82896E+03
    0.20544E-03    0.84510E+03
    0.20959E-03    0.86156E+03
    0.21383E-03    0.87833E+03
    0.21815E-03    0.89542E+03
    0.22255E-03    0.91284E+03
    0.22705E-03    0.93060E+03
    0.23164E-03    0.94870E+03
    0.23632E-03    0.96715E+03
    0.24109E-03    0.98596E+03
    0.24596E-03    0.10051E+04
    0.25093E-03    0.10247E+04
    0.25600E-03    0.10446E+04
    0.26117E-03    0.10649E+04
    0.26645E-03    0.10855E+04
    0.27183E-03    0.11066E+04
    0.27732E-03    0.11281E+04
    0.28292E-03    0.11500E+04
    0.28864E-03    0.11723E+04
    0.29447E-03    0.11950E+04
    0.30042E-03    0.12182E+04
    0.30649E-03    0.12418E+04
    0.31268E-03    0.12658E+04
    0.31899E-03    0.12904E+04
    0.32544E-03    0.13153E+04
    0.33201E-03    0.13408E+04
    0.33872E-03    0.13667E+04
    0.34556E-03    0.13931E+04
    0.35254E-03    0.14201E+04
    0.35966E-03    0.14475E+04
    0.36693E-03    0.14755E+04
    0.37434E-03    0.15039E+04
    0.38190E-03    0.15330E+04
    0.38962E-03    0.15625E+04
    0.39749E-03    0.15926E+04
    0.40552E-03    0.16233E+04
    0.41371E-03    0.16546E+04
    0.42207E-03    0.16864E+04
    0.43060E-03    0.17188E+04
    0.43929E-03    0.17519E+04
    0.44817E-03    0.17855E+04
    0.45722E-03    0.18198E+04
    0.46646E-03    0.18547E+04
    0.47588E-03    0.18903E+04
    0.48550E-03    0.19265E+04
    0.49530E-03    0.19634E+04
    0.50531E-03    0.20010E+04
    0.51552E-03    0.20392E+04
    0.52593E-03    0.20782E+04
    0.53656E-03    0.21179E+04
    0.54739E-03    0.21583E+04
    0.55845E-03    0.21995E+04
    0.56973E-03    0.22414E+04
    0.58124E-03    0.22840E+04
    0.59299E-03    0.23275E+04
    0.60496E-03    0.23717E+04
    0.61719E-03    0.24167E+04
    0.62965E-03    0.24626E+04
    0.64237E-03    0.25092E+04
    0.65535E-03    0.25568E+04
    0.66859E-03    0.26051E+04
    0.68210E-03    0.26544E+04
    0.69588E-03    0.27045E+04
    0.70993E-03    0.27555E+04
    0.72427E-03    0.28074E+04
    0.73891E-03    0.28603E+04
    0.75383E-03    0.29141E+04
    0.76906E-03    0.29689E+04
    0.78460E-03    0.30246E+04
    0.80045E-03    0.30813E+04
    0.81662E-03    0.31390E+04
    0.83311E-03    0.31978E+04
    0.84994E-03    0.32576E+04
    0.86711E-03    0.33184E+04
    0.88463E-03    0.33803E+04
    0.90250E-03    0.34433E+04
    0.92073E-03    0.35074E+04
    0.93933E-03    0.35726E+04
    0.95831E-03    0.36390E+04
    0.97767E-03    0.37065E+04
    0.99742E-03    0.37752E+04
    0.10176E-02    0.38451E+04
    0.10381E-02    0.39162E+04
    0.10591E-02    0.39885E+04
    0.10805E-02    0.40621E+04
    0.11023E-02    0.41369E+04
    0.11246E-02    0.42131E+04
    0.11473E-02    0.42905E+04
    0.11705E-02    0.43693E+04
    0.11941E-02    0.44494E+04
    0.12182E-02    0.45309E+04
    0.12429E-02    0.46138E+04
    0.12680E-02    0.46981E+04
    0.12936E-02    0.47838E+04
    0.13197E-02    0.48709E+04
    0.13464E-02    0.49596E+04
    0.13736E-02    0.50497E+04
    0.14013E-02    0.51413E+04
    0.14296E-02    0.52344E+04
    0.14585E-02    0.53291E+04
    0.14880E-02    0.54253E+04
    0.15180E-02    0.55231E+04
    0.15487E-02    0.56225E+04
    0.15800E-02    0.57235E+04
    0.16119E-02    0.58262E+04
    0.16445E-02    0.59305E+04
    0.16777E-02    0.60365E+04
    0.17116E-02    0.61442E+04
    0.17462E-02    0.62535E+04
    0.17814E-02    0.63646E+04
    0.18174E-02    0.64774E+04
    0.18541E-02    0.65920E+04
    0.18916E-02    0.67083E+04
    0.19298E-02    0.68265E+04
    0.19688E-02    0.69464E+04
    0.20086E-02    0.70681E+04
    0.20491E-02    0.71916E+04
    0.20905E-02    0.73170E+04
    0.21328E-02    0.74442E+04
    0.21758E-02    0.75732E+04
    0.22198E-02    0.77041E+04
    0.22646E-02    0.78369E+04
    0.23104E-02    0.79716E+04
    0.23571E-02    0.81081E+04
    0.24047E-02    0.82466E+04
    0.24533E-02    0.83869E+04
    0.25028E-02    0.85292E+04
    0.25534E-02    0.86733E+04
    0.26050E-02    0.88194E+04
    0.26576E-02    0.89674E+04
    0.27113E-02    0.91172E+04
    0.27660E-02    0.92690E+04
    0.28219E-02    0.94227E+04
    0.28789E-02    0.95783E+04
    0.29371E-02    0.97359E+04
    0.29964E-02    0.98953E+04
    0.30569E-02    0.10057E+05
    0.31187E-02    0.10220E+05
    0.31817E-02    0.10385E+05
    0.32460E-02    0.10552E+05
    0.33115E-02    0.10720E+05
    0.33784E-02    0.10891E+05
    0.34467E-02    0.11063E+05
    0.35163E-02    0.11238E+05
    0.35874E-02    0.11413E+05
    0.36598E-02    0.11591E+05
    0.37338E-02    0.11771E+05
    0.38092E-02    0.11952E+05
    0.38861E-02    0.12135E+05
    0.39646E-02    0.12319E+05
    0.40447E-02    0.12505E+05
    0.41264E-02    0.12693E+05
    0.42098E-02    0.12882E+05
    0.42948E-02    0.13072E+05
    0.43816E-02    0.13264E+05
    0.44701E-02    0.13458E+05
    0.45604E-02    0.13653E+05
    0.46525E-02    0.13849E+05
    0.47465E-02    0.14046E+05
    0.48424E-02    0.14245E+05
    0.49402E-02    0.14445E+05
    0.50400E-02    0.14645E+05
    0.51419E-02    0.14847E+05
    0.52457E-02    0.15050E+05
    0.53517E-02    0.15253E+05
    0.54598E-02    0.15458E+05
    0.55701E-02    0.15663E+05
    0.56826E-02    0.15868E+05
    0.57974E-02    0.16075E+05
    0.59145E-02    0.16281E+05
    0.60340E-02    0.16488E+05
    0.61559E-02    0.16696E+05
    0.62803E-02    0.16903E+05
    0.64072E-02    0.17111E+05
    0.65366E-02    0.17318E+05
    0.66686E-02    0.17525E+05
    0.68033E-02    0.17732E+05
    0.69408E-02    0.17939E+05
    0.70810E-02    0.18144E+05
    0.72240E-02    0.18349E+05
    0.73700E-02    0.18554E+05
    0.75189E-02    0.18757E+05
    0.76708E-02    0.18959E+05
    0.78257E-02    0.19159E+05
    0.79838E-02    0.19359E+05
    0.81451E-02    0.19557E+05
    0.83096E-02    0.19753E+05
    0.84775E-02    0.19947E+05
    0.86488E-02    0.20139E+05
    0.88235E-02    0.20329E+05
    0.90017E-02    0.20516E+05
    0.91836E-02    0.20701E+05
    0.93691E-02    0.20883E+05
    0.95583E-02    0.21061E+05
    0.97514E-02    0.21237E+05
    0.99484E-02    0.21409E+05
    0.10149E-01    0.21578E+05
    0.10354E-01    0.21742E+05
    0.10564E-01    0.21903E+05
    0.10777E-01    0.22059E+05
    0.10995E-01    0.22210E+05
    0.11217E-01    0.22357E+05
    0.11443E-01    0.22499E+05
    0.11675E-01    0.22635E+05
    0.11910E-01    0.22766E+05
    0.12151E-01    0.22891E+05
    0.12397E-01    0.23010E+05
    0.12647E-01    0.23123E+05
    0.12902E-01    0.23229E+05
    0.13163E-01    0.23329E+05
    0.13429E-01    0.23421E+05
    0.13700E-01    0.23506E+05
    0.13977E-01    0.23584E+05
    0.14259E-01    0.23653E+05
    0.14547E-01    0.23715E+05
    0.14841E-01    0.23768E+05
    0.15141E-01    0.23813E+05
    0.15447E-01    0.23849E+05
    0.15759E-01    0.23875E+05
    0.16077E-01    0.23893E+05
    0.16402E-01    0.23900E+05
    0.16734E-01    0.23898E+05
    0.17072E-01    0.23886E+05
    0.17416E-01    0.23864E+05
    0.17768E-01    0.23831E+05
    0.18127E-01    0.23788E+05
    0.18493E-01    0.23734E+05
    0.18867E-01    0.23669E+05
    0.19248E-01    0.23593E+05
    0.19637E-01    0.23506E+05
    0.20034E-01    0.23408E+05
    0.20438E-01    0.23298E+05
    0.20851E-01    0.23177E+05
    0.21272E-01    0.23045E+05
    0.21702E-01    0.22901E+05
    0.22141E-01    0.22746E+05
    0.22588E-01    0.22580E+05
    0.23044E-01    0.22403E+05
    0.23510E-01    0.22215E+05
    0.23985E-01    0.22016E+05
    0.24469E-01    0.21806E+05
    0.24964E-01    0.21586E+05
    0.25468E-01    0.21357E+05
    0.25982E-01    0.21117E+05
    0.26507E-01    0.20869E+05
    0.27043E-01    0.20611E+05
    0.27589E-01    0.20346E+05
    0.28146E-01    0.20072E+05
    0.28715E-01    0.19791E+05
    0.29295E-01    0.19504E+05
    0.29887E-01    0.19211E+05
    0.30490E-01    0.18912E+05
    0.31106E-01    0.18609E+05
    0.31735E-01    0.18302E+05
    0.32376E-01    0.17992E+05
    0.33030E-01    0.17679E+05
    0.33697E-01    0.17365E+05
    0.34378E-01    0.17051E+05
    0.35072E-01    0.16737E+05
    0.35781E-01    0.16423E+05
    0.36504E-01    0.16112E+05
    0.37241E-01    0.15804E+05
    0.37993E-01    0.15499E+05
    0.38761E-01    0.15199E+05
    0.39544E-01    0.14905E+05
    0.40343E-01    0.14616E+05
    0.41158E-01    0.14334E+05
    0.41989E-01    0.14059E+05
    0.42838E-01    0.13791E+05
    0.43703E-01    0.13531E+05
    0.44586E-01    0.13278E+05
    0.45486E-01    0.13035E+05
    0.46405E-01    0.12803E+05
    0.47343E-01    0.12581E+05
    0.48299E-01    0.12370E+05
    0.49275E-01    0.12170E+05
    0.50270E-01    0.11979E+05
    0.51286E-01    0.11797E+05
    0.52322E-01    0.11623E+05
    0.53379E-01    0.11456E+05
    0.54457E-01    0.11295E+05
    0.55557E-01    0.11140E+05
    0.56680E-01    0.10989E+05
    0.57825E-01    0.10842E+05
    0.58993E-01    0.10697E+05
    0.60184E-01    0.10554E+05
    0.61400E-01    0.10412E+05
    0.62641E-01    0.10269E+05
    0.63906E-01    0.10124E+05
    0.65197E-01    0.99759E+04
    0.66514E-01    0.98227E+04
    0.67858E-01    0.96627E+04
    0.69229E-01    0.94943E+04
    0.70627E-01    0.93162E+04
    0.72054E-01    0.91275E+04
    0.73510E-01    0.89276E+04
    0.74994E-01    0.87165E+04
    0.76509E-01    0.84946E+04
    0.78055E-01    0.82628E+04
    0.79632E-01    0.80223E+04
    0.81241E-01    0.77751E+04
    0.82882E-01    0.75232E+04
    0.84556E-01    0.72688E+04
    0.86264E-01    0.70144E+04
    0.88007E-01    0.67621E+04
    0.89785E-01    0.65143E+04
    0.91598E-01    0.62731E+04
    0.93449E-01    0.60407E+04
    0.95337E-01    0.58192E+04
    0.97263E-01    0.56105E+04
    0.99227E-01    0.54162E+04
    0.10123E+00    0.52377E+04
    0.10328E+00    0.50762E+04
    0.10536E+00    0.49314E+04
    0.10749E+00    0.48034E+04
    0.10966E+00    0.46909E+04
    0.11188E+00    0.45917E+04
    0.11414E+00    0.45036E+04
    0.11644E+00    0.44233E+04
    0.11880E+00    0.43475E+04
    0.12120E+00    0.42729E+04
    0.12365E+00    0.41960E+04
    0.12614E+00    0.41140E+04
    0.12869E+00    0.40243E+04
    0.13129E+00    0.39254E+04
    0.13394E+00    0.38163E+04
    0.13665E+00    0.36971E+04
    0.13941E+00    0.35688E+04
    0.14223E+00    0.34333E+04
    0.14510E+00    0.32930E+04
    0.14803E+00    0.31507E+04
    0.15102E+00    0.30100E+04
    0.15407E+00    0.28743E+04
    0.15718E+00    0.27474E+04
    0.16036E+00    0.26320E+04
    0.16360E+00    0.25304E+04
    0.16690E+00    0.24431E+04
    0.17028E+00    0.23693E+04
    0.17371E+00    0.23064E+04
    0.17722E+00    0.22515E+04
    0.18080E+00    0.22018E+04
    0.18446E+00    0.21540E+04
    0.18818E+00    0.21048E+04
    0.19198E+00    0.20511E+04
    0.19586E+00    0.19907E+04
    0.19982E+00    0.19227E+04
    0.20386E+00    0.18481E+04
    0.20797E+00    0.17691E+04
    0.21218E+00    0.16895E+04
    0.21646E+00    0.16117E+04
    0.22083E+00    0.15387E+04
    0.22530E+00    0.14729E+04
    0.22985E+00    0.14156E+04
    0.23449E+00    0.13666E+04
    0.23923E+00    0.13247E+04
    0.24406E+00    0.12875E+04
    0.24899E+00    0.12524E+04
    0.25402E+00    0.12165E+04
    0.25915E+00    0.11775E+04
    0.26439E+00    0.11348E+04
    0.26973E+00    0.10889E+04
    0.27518E+00    0.10416E+04
    0.28074E+00    0.99502E+03
    0.28641E+00    0.95106E+03
    0.29219E+00    0.91134E+03
    0.29810E+00    0.87653E+03
    0.30412E+00    0.84596E+03
    0.31026E+00    0.81804E+03
    0.31653E+00    0.79105E+03
    0.32292E+00    0.76357E+03
    0.32945E+00    0.73478E+03
    0.33610E+00    0.70472E+03
    0.34289E+00    0.67443E+03
    0.34982E+00    0.64530E+03
    0.35689E+00    0.61832E+03
    0.36409E+00    0.59379E+03
    0.37145E+00    0.57143E+03
    0.37895E+00    0.55049E+03
    0.38661E+00    0.52998E+03
    0.39442E+00    0.50926E+03
    0.40239E+00    0.48834E+03
    0.41052E+00    0.46771E+03
    0.41881E+00    0.44794E+03
    0.42727E+00    0.42946E+03
    0.43590E+00    0.41231E+03
    0.44471E+00    0.39610E+03
    0.45369E+00    0.38040E+03
    0.46286E+00    0.36494E+03
    0.47221E+00    0.34969E+03
    0.48174E+00    0.33493E+03
    0.49148E+00    0.32091E+03
    0.50141E+00    0.30765E+03
    0.51153E+00    0.29506E+03
    0.52187E+00    0.28292E+03
    0.53241E+00    0.27110E+03
    0.54317E+00    0.25964E+03
    0.55414E+00    0.24864E+03
    0.56533E+00    0.23816E+03
    0.57675E+00    0.22815E+03
    0.58840E+00    0.21854E+03
    0.60029E+00    0.20927E+03
    0.61242E+00    0.20034E+03
    0.62479E+00    0.19176E+03
    0.63741E+00    0.18357E+03
    0.65029E+00    0.17572E+03
    0.66342E+00    0.16819E+03
    0.67683E+00    0.16095E+03
    0.69050E+00    0.15401E+03
    0.70445E+00    0.14735E+03
    0.71868E+00    0.14096E+03
    0.73320E+00    0.13483E+03
    0.74801E+00    0.12895E+03
    0.76312E+00    0.12331E+03
    0.77854E+00    0.11792E+03
    0.79426E+00    0.11274E+03
    0.81031E+00    0.10778E+03
    0.82668E+00    0.10304E+03
    0.84338E+00    0.98489E+02
    0.86041E+00    0.94135E+02
    0.87780E+00    0.89965E+02
    0.89553E+00    0.85972E+02
    0.91362E+00    0.82150E+02
    0.93208E+00    0.78490E+02
    0.95091E+00    0.74987E+02
    0.97011E+00    0.71634E+02
    0.98971E+00    0.68425E+02
    0.10097E+01    0.65354E+02
    0.10301E+01    0.62415E+02
    0.10509E+01    0.59603E+02
    0.10721E+01    0.56913E+02
    0.10938E+01    0.54340E+02
    0.11159E+01    0.51878E+02
    0.11384E+01    0.49524E+02
    0.11614E+01    0.47273E+02
    0.11849E+01    0.45120E+02
    0.12088E+01    0.43062E+02
    0.12333E+01    0.41095E+02
    0.12582E+01    0.39214E+02
    0.12836E+01    0.37416E+02
    0.13095E+01    0.35699E+02
    0.13360E+01    0.34057E+02
    0.13630E+01    0.32488E+02
    0.13905E+01    0.30990E+02
    0.14186E+01    0.29558E+02
    0.14472E+01    0.28191E+02
    0.14765E+01    0.26884E+02
    0.15063E+01    0.25637E+02
    0.15367E+01    0.24446E+02
    0.15678E+01    0.23308E+02
    0.15994E+01    0.22222E+02
    0.16318E+01    0.21186E+02
    0.16647E+01    0.20196E+02
    0.16984E+01    0.19251E+02
    0.17327E+01    0.18349E+02
    0.17677E+01    0.17488E+02
    0.18034E+01    0.16666E+02
    0.18398E+01    0.15882E+02
    0.18770E+01    0.15133E+02
    0.19149E+01    0.14419E+02
    0.19536E+01    0.13737E+02
    0.19930E+01    0.13087E+02
    0.20333E+01    0.12466E+02
    0.20744E+01    0.11874E+02
    0.21163E+01    0.11309E+02
    0.21590E+01    0.10771E+02
    0.22026E+01    0.10258E+02
    0.22471E+01    0.97688E+01
    0.22925E+01    0.93027E+01
    0.23388E+01    0.88586E+01
    0.23861E+01    0.84356E+01
    0.24343E+01    0.80327E+01
