    0.10000E-03    0.25972E+03
    0.10202E-03    0.26480E+03
    0.10408E-03    0.26998E+03
    0.10618E-03    0.27526E+03
    0.10833E-03    0.28064E+03
    0.11052E-03    0.28613E+03
    0.11275E-03    0.29172E+03
    0.11503E-03    0.29743E+03
    0.11735E-03    0.30324E+03
    0.11972E-03    0.30917E+03
    0.12214E-03    0.31522E+03
    0.12461E-03    0.32138E+03
    0.12712E-03    0.32766E+03
    0.12969E-03    0.33407E+03
    0.13231E-03    0.34060E+03
    0.13499E-03    0.34726E+03
    0.13771E-03    0.35405E+03
    0.14049E-03    0.36097E+03
    0.14333E-03    0.36803E+03
    0.14623E-03    0.37523E+03
    0.14918E-03    0.38256E+03
    0.15220E-03    0.39004E+03
    0.15527E-03    0.39767E+03
    0.15841E-03    0.40545E+03
    0.16161E-03    0.41337E+03
    0.16487E-03    0.42146E+03
    0.16820E-03    0.42970E+03
    0.17160E-03    0.43810E+03
    0.17507E-03    0.44666E+03
    0.17860E-03    0.45539E+03
    0.18221E-03    0.46430E+03
    0.18589E-03    0.47338E+03
    0.18965E-03    0.48263E+03
    0.19348E-03    0.49207E+03
    0.19739E-03    0.50169E+03
    0.20138E-03    0.51149E+03
    0.20544E-03    0.52149E+03
    0.20959E-03    0.53169E+03
    0.21383E-03    0.54208E+03
    0.21815E-03    0.55268E+03
    0.22255E-03    0.56348E+03
    0.22705E-03    0.57450E+03
    0.23164E-03    0.58573E+03
    0.23632E-03    0.59718E+03
    0.24109E-03    0.60885E+03
    0.24596E-03    0.62076E+03
    0.25093E-03    0.63289E+03
    0.25600E-03    0.64526E+03
    0.26117E-03    0.65787E+03
    0.26645E-03    0.67073E+03
    0.27183E-03    0.68384E+03
    0.27732E-03    0.69721E+03
    0.28292E-03    0.71084E+03
    0.28864E-03    0.72473E+03
    0.29447E-03    0.73889E+03
    0.30042E-03    0.75333E+03
    0.30649E-03    0.76806E+03
    0.31268E-03    0.78307E+03
    0.31899E-03    0.79837E+03
    0.32544E-03    0.81397E+03
    0.33201E-03    0.82988E+03
    0.33872E-03    0.84609E+03
    0.34556E-03    0.86263E+03
    0.35254E-03    0.87948E+03
    0.35966E-03    0.89666E+03
    0.36693E-03    0.91418E+03
    0.37434E-03    0.93204E+03
    0.38190E-03    0.95025E+03
    0.38962E-03    0.96881E+03
    0.39749E-03    0.98774E+03
    0.40552E-03    0.10070E+04
    0.41371E-03    0.10267E+04
    0.42207E-03    0.10468E+04
    0.43060E-03    0.10672E+04
    0.43929E-03    0.10880E+04
    0.44817E-03    0.11093E+04
    0.45722E-03    0.11309E+04
    0.46646E-03    0.11530E+04
    0.47588E-03    0.11755E+04
    0.48550E-03    0.11985E+04
    0.49530E-03    0.12219E+04
    0.50531E-03    0.12457E+04
    0.51552E-03    0.12700E+04
    0.52593E-03    0.12948E+04
    0.53656E-03    0.13201E+04
    0.54739E-03    0.13458E+04
    0.55845E-03    0.13721E+04
    0.56973E-03    0.13988E+04
    0.58124E-03    0.14261E+04
    0.59299E-03    0.14539E+04
    0.60496E-03    0.14823E+04
    0.61719E-03    0.15112E+04
    0.62965E-03    0.15406E+04
    0.64237E-03    0.15706E+04
    0.65535E-03    0.16012E+04
    0.66859E-03    0.16324E+04
    0.68210E-03    0.16642E+04
    0.69588E-03    0.16966E+04
    0.70993E-03    0.17296E+04
    0.72427E-03    0.17633E+04
    0.73891E-03    0.17976E+04
    0.75383E-03    0.18326E+04
    0.76906E-03    0.18682E+04
    0.78460E-03    0.19045E+04
    0.80045E-03    0.19415E+04
    0.81662E-03    0.19792E+04
    0.83311E-03    0.20177E+04
    0.84994E-03    0.20568E+04
    0.86711E-03    0.20968E+04
    0.88463E-03    0.21374E+04
    0.90250E-03    0.21789E+04
    0.92073E-03    0.22211E+04
    0.93933E-03    0.22641E+04
    0.95831E-03    0.23079E+04
    0.97767E-03    0.23526E+04
    0.99742E-03    0.23981E+04
    0.10176E-02    0.24444E+04
    0.10381E-02    0.24916E+04
    0.10591E-02    0.25397E+04
    0.10805E-02    0.25887E+04
    0.11023E-02    0.26386E+04
    0.11246E-02    0.26894E+04
    0.11473E-02    0.27411E+04
    0.11705E-02    0.27938E+04
    0.11941E-02    0.28475E+04
    0.12182E-02    0.29022E+04
    0.12429E-02    0.29578E+04
    0.12680E-02    0.30145E+04
    0.12936E-02    0.30722E+04
    0.13197E-02    0.31309E+04
    0.13464E-02    0.31907E+04
    0.13736E-02    0.32516E+04
    0.14013E-02    0.33135E+04
    0.14296E-02    0.33766E+04
    0.14585E-02    0.34408E+04
    0.14880E-02    0.35061E+04
    0.15180E-02    0.35726E+04
    0.15487E-02    0.36402E+04
    0.15800E-02    0.37090E+04
    0.16119E-02    0.37790E+04
    0.16445E-02    0.38503E+04
    0.16777E-02    0.39228E+04
    0.17116E-02    0.39965E+04
    0.17462E-02    0.40715E+04
    0.17814E-02    0.41477E+04
    0.18174E-02    0.42253E+04
    0.18541E-02    0.43042E+04
    0.18916E-02    0.43844E+04
    0.19298E-02    0.44659E+04
    0.19688E-02    0.45489E+04
    0.20086E-02    0.46331E+04
    0.20491E-02    0.47188E+04
    0.20905E-02    0.48059E+04
    0.21328E-02    0.48944E+04
    0.21758E-02    0.49844E+04
    0.22198E-02    0.50758E+04
    0.22646E-02    0.51687E+04
    0.23104E-02    0.52630E+04
    0.23571E-02    0.53589E+04
    0.24047E-02    0.54563E+04
    0.24533E-02    0.55552E+04
    0.25028E-02    0.56556E+04
    0.25534E-02    0.57576E+04
    0.26050E-02    0.58612E+04
    0.26576E-02    0.59663E+04
    0.27113E-02    0.60731E+04
    0.27660E-02    0.61814E+04
    0.28219E-02    0.62913E+04
    0.28789E-02    0.64029E+04
    0.29371E-02    0.65161E+04
    0.29964E-02    0.66310E+04
    0.30569E-02    0.67475E+04
    0.31187E-02    0.68657E+04
    0.31817E-02    0.69855E+04
    0.32460E-02    0.71071E+04
    0.33115E-02    0.72303E+04
    0.33784E-02    0.73552E+04
    0.34467E-02    0.74818E+04
    0.35163E-02    0.76101E+04
    0.35874E-02    0.77401E+04
    0.36598E-02    0.78718E+04
    0.37338E-02    0.80052E+04
    0.38092E-02    0.81403E+04
    0.38861E-02    0.82772E+04
    0.39646E-02    0.84157E+04
    0.40447E-02    0.85559E+04
    0.41264E-02    0.86979E+04
    0.42098E-02    0.88415E+04
    0.42948E-02    0.89868E+04
    0.43816E-02    0.91338E+04
    0.44701E-02    0.92825E+04
    0.45604E-02    0.94328E+04
    0.46525E-02    0.95848E+04
    0.47465E-02    0.97384E+04
    0.48424E-02    0.98936E+04
    0.49402E-02    0.10050E+05
    0.50400E-02    0.10209E+05
    0.51419E-02    0.10369E+05
    0.52457E-02    0.10530E+05
    0.53517E-02    0.10693E+05
    0.54598E-02    0.10858E+05
    0.55701E-02    0.11024E+05
    0.56826E-02    0.11191E+05
    0.57974E-02    0.11360E+05
    0.59145E-02    0.11530E+05
    0.60340E-02    0.11701E+05
    0.61559E-02    0.11874E+05
    0.62803E-02    0.12048E+05
    0.64072E-02    0.12223E+05
    0.65366E-02    0.12399E+05
    0.66686E-02    0.12577E+05
    0.68033E-02    0.12755E+05
    0.69408E-02    0.12934E+05
    0.70810E-02    0.13115E+05
    0.72240E-02    0.13296E+05
    0.73700E-02    0.13477E+05
    0.75189E-02    0.13660E+05
    0.76708E-02    0.13843E+05
    0.78257E-02    0.14027E+05
    0.79838E-02    0.14211E+05
    0.81451E-02    0.14395E+05
    0.83096E-02    0.14580E+05
    0.84775E-02    0.14765E+05
    0.86488E-02    0.14950E+05
    0.88235E-02    0.15135E+05
    0.90017E-02    0.15320E+05
    0.91836E-02    0.15504E+05
    0.93691E-02    0.15689E+05
    0.95583E-02    0.15873E+05
    0.97514E-02    0.16056E+05
    0.99484E-02    0.16238E+05
    0.10149E-01    0.16420E+05
    0.10354E-01    0.16601E+05
    0.10564E-01    0.16781E+05
    0.10777E-01    0.16959E+05
    0.10995E-01    0.17137E+05
    0.11217E-01    0.17312E+05
    0.11443E-01    0.17486E+05
    0.11675E-01    0.17658E+05
    0.11910E-01    0.17828E+05
    0.12151E-01    0.17996E+05
    0.12397E-01    0.18161E+05
    0.12647E-01    0.18324E+05
    0.12902E-01    0.18483E+05
    0.13163E-01    0.18640E+05
    0.13429E-01    0.18794E+05
    0.13700E-01    0.18945E+05
    0.13977E-01    0.19092E+05
    0.14259E-01    0.19235E+05
    0.14547E-01    0.19374E+05
    0.14841E-01    0.19509E+05
    0.15141E-01    0.19640E+05
    0.15447E-01    0.19766E+05
    0.15759E-01    0.19887E+05
    0.16077E-01    0.20003E+05
    0.16402E-01    0.20114E+05
    0.16734E-01    0.20219E+05
    0.17072E-01    0.20318E+05
    0.17416E-01    0.20412E+05
    0.17768E-01    0.20499E+05
    0.18127E-01    0.20580E+05
    0.18493E-01    0.20654E+05
    0.18867E-01    0.20722E+05
    0.19248E-01    0.20782E+05
    0.19637E-01    0.20835E+05
    0.20034E-01    0.20880E+05
    0.20438E-01    0.20918E+05
    0.20851E-01    0.20948E+05
    0.21272E-01    0.20970E+05
    0.21702E-01    0.20983E+05
    0.22141E-01    0.20988E+05
    0.22588E-01    0.20985E+05
    0.23044E-01    0.20973E+05
    0.23510E-01    0.20952E+05
    0.23985E-01    0.20922E+05
    0.24469E-01    0.20883E+05
    0.24964E-01    0.20835E+05
    0.25468E-01    0.20778E+05
    0.25982E-01    0.20712E+05
    0.26507E-01    0.20637E+05
    0.27043E-01    0.20553E+05
    0.27589E-01    0.20460E+05
    0.28146E-01    0.20358E+05
    0.28715E-01    0.20247E+05
    0.29295E-01    0.20127E+05
    0.29887E-01    0.19999E+05
    0.30490E-01    0.19863E+05
    0.31106E-01    0.19719E+05
    0.31735E-01    0.19567E+05
    0.32376E-01    0.19408E+05
    0.33030E-01    0.19242E+05
    0.33697E-01    0.19069E+05
    0.34378E-01    0.18890E+05
    0.35072E-01    0.18705E+05
    0.35781E-01    0.18514E+05
    0.36504E-01    0.18319E+05
    0.37241E-01    0.18120E+05
    0.37993E-01    0.17917E+05
    0.38761E-01    0.17710E+05
    0.39544E-01    0.17502E+05
    0.40343E-01    0.17291E+05
    0.41158E-01    0.17079E+05
    0.41989E-01    0.16865E+05
    0.42838E-01    0.16652E+05
    0.43703E-01    0.16438E+05
    0.44586E-01    0.16225E+05
    0.45486E-01    0.16014E+05
    0.46405E-01    0.15804E+05
    0.47343E-01    0.15597E+05
    0.48299E-01    0.15394E+05
    0.49275E-01    0.15193E+05
    0.50270E-01    0.14997E+05
    0.51286E-01    0.14805E+05
    0.52322E-01    0.14618E+05
    0.53379E-01    0.14436E+05
    0.54457E-01    0.14259E+05
    0.55557E-01    0.14086E+05
    0.56680E-01    0.13917E+05
    0.57825E-01    0.13751E+05
    0.58993E-01    0.13589E+05
    0.60184E-01    0.13430E+05
    0.61400E-01    0.13272E+05
    0.62641E-01    0.13116E+05
    0.63906E-01    0.12960E+05
    0.65197E-01    0.12805E+05
    0.66514E-01    0.12648E+05
    0.67858E-01    0.12490E+05
    0.69229E-01    0.12329E+05
    0.70627E-01    0.12165E+05
    0.72054E-01    0.11997E+05
    0.73510E-01    0.11824E+05
    0.74994E-01    0.11645E+05
    0.76509E-01    0.11459E+05
    0.78055E-01    0.11266E+05
    0.79632E-01    0.11065E+05
    0.81241E-01    0.10855E+05
    0.82882E-01    0.10638E+05
    0.84556E-01    0.10412E+05
    0.86264E-01    0.10179E+05
    0.88007E-01    0.99403E+04
    0.89785E-01    0.96966E+04
    0.91598E-01    0.94493E+04
    0.93449E-01    0.92000E+04
    0.95337E-01    0.89503E+04
    0.97263E-01    0.87020E+04
    0.99227E-01    0.84570E+04
    0.10123E+00    0.82173E+04
    0.10328E+00    0.79844E+04
    0.10536E+00    0.77601E+04
    0.10749E+00    0.75458E+04
    0.10966E+00    0.73427E+04
    0.11188E+00    0.71519E+04
    0.11414E+00    0.69740E+04
    0.11644E+00    0.68089E+04
    0.11880E+00    0.66567E+04
    0.12120E+00    0.65159E+04
    0.12365E+00    0.63850E+04
    0.12614E+00    0.62619E+04
    0.12869E+00    0.61439E+04
    0.13129E+00    0.60282E+04
    0.13394E+00    0.59122E+04
    0.13665E+00    0.57932E+04
    0.13941E+00    0.56691E+04
    0.14223E+00    0.55385E+04
    0.14510E+00    0.54004E+04
    0.14803E+00    0.52546E+04
    0.15102E+00    0.51018E+04
    0.15407E+00    0.49432E+04
    0.15718E+00    0.47809E+04
    0.16036E+00    0.46170E+04
    0.16360E+00    0.44543E+04
    0.16690E+00    0.42953E+04
    0.17028E+00    0.41427E+04
    0.17371E+00    0.39987E+04
    0.17722E+00    0.38651E+04
    0.18080E+00    0.37432E+04
    0.18446E+00    0.36334E+04
    0.18818E+00    0.35347E+04
    0.19198E+00    0.34452E+04
    0.19586E+00    0.33619E+04
    0.19982E+00    0.32815E+04
    0.20386E+00    0.32012E+04
    0.20797E+00    0.31183E+04
    0.21218E+00    0.30311E+04
    0.21646E+00    0.29388E+04
    0.22083E+00    0.28413E+04
    0.22530E+00    0.27401E+04
    0.22985E+00    0.26372E+04
    0.23449E+00    0.25361E+04
    0.23923E+00    0.24400E+04
    0.24406E+00    0.23495E+04
    0.24899E+00    0.22662E+04
    0.25402E+00    0.21909E+04
    0.25915E+00    0.21228E+04
    0.26439E+00    0.20603E+04
    0.26973E+00    0.20010E+04
    0.27518E+00    0.19425E+04
    0.28074E+00    0.18826E+04
    0.28641E+00    0.18202E+04
    0.29219E+00    0.17554E+04
    0.29810E+00    0.16891E+04
    0.30412E+00    0.16234E+04
    0.31026E+00    0.15604E+04
    0.31653E+00    0.15013E+04
    0.32292E+00    0.14469E+04
    0.32945E+00    0.13970E+04
    0.33610E+00    0.13506E+04
    0.34289E+00    0.13063E+04
    0.34982E+00    0.12623E+04
    0.35689E+00    0.12178E+04
    0.36409E+00    0.11726E+04
    0.37145E+00    0.11274E+04
    0.37895E+00    0.10833E+04
    0.38661E+00    0.10414E+04
    0.39442E+00    0.10021E+04
    0.40239E+00    0.96552E+03
    0.41052E+00    0.93086E+03
    0.41881E+00    0.89730E+03
    0.42727E+00    0.86415E+03
    0.43590E+00    0.83117E+03
    0.44471E+00    0.79868E+03
    0.45369E+00    0.76726E+03
    0.46286E+00    0.73736E+03
    0.47221E+00    0.70906E+03
    0.48174E+00    0.68214E+03
    0.49148E+00    0.65620E+03
    0.50141E+00    0.63087E+03
    0.51153E+00    0.60605E+03
    0.52187E+00    0.58197E+03
    0.53241E+00    0.55883E+03
    0.54317E+00    0.53674E+03
    0.55414E+00    0.51562E+03
    0.56533E+00    0.49530E+03
    0.57675E+00    0.47558E+03
    0.58840E+00    0.45646E+03
    0.60029E+00    0.43803E+03
    0.61242E+00    0.42035E+03
    0.62479E+00    0.40339E+03
    0.63741E+00    0.38710E+03
    0.65029E+00    0.37137E+03
    0.66342E+00    0.35619E+03
    0.67683E+00    0.34159E+03
    0.69050E+00    0.32757E+03
    0.70445E+00    0.31410E+03
    0.71868E+00    0.30115E+03
    0.73320E+00    0.28869E+03
    0.74801E+00    0.27671E+03
    0.76312E+00    0.26519E+03
    0.77854E+00    0.25412E+03
    0.79426E+00    0.24348E+03
    0.81031E+00    0.23326E+03
    0.82668E+00    0.22344E+03
    0.84338E+00    0.21401E+03
    0.86041E+00    0.20495E+03
    0.87780E+00    0.19626E+03
    0.89553E+00    0.18791E+03
    0.91362E+00    0.17990E+03
    0.93208E+00    0.17221E+03
    0.95091E+00    0.16484E+03
    0.97011E+00    0.15776E+03
    0.98971E+00    0.15097E+03
    0.10097E+01    0.14446E+03
    0.10301E+01    0.13821E+03
    0.10509E+01    0.13222E+03
    0.10721E+01    0.12648E+03
    0.10938E+01    0.12098E+03
    0.11159E+01    0.11570E+03
    0.11384E+01    0.11064E+03
    0.11614E+01    0.10579E+03
    0.11849E+01    0.10114E+03
    0.12088E+01    0.96694E+02
    0.12333E+01    0.92430E+02
    0.12582E+01    0.88346E+02
    0.12836E+01    0.84434E+02
    0.13095E+01    0.80689E+02
    0.13360E+01    0.77102E+02
    0.13630E+01    0.73669E+02
    0.13905E+01    0.70383E+02
    0.14186E+01    0.67238E+02
    0.14472E+01    0.64227E+02
    0.14765E+01    0.61346E+02
    0.15063E+01    0.58589E+02
    0.15367E+01    0.55951E+02
    0.15678E+01    0.53427E+02
    0.15994E+01    0.51012E+02
    0.16318E+01    0.48701E+02
    0.16647E+01    0.46491E+02
    0.16984E+01    0.44376E+02
    0.17327E+01    0.42354E+02
    0.17677E+01    0.40420E+02
    0.18034E+01    0.38570E+02
    0.18398E+01    0.36803E+02
    0.18770E+01    0.35114E+02
    0.19149E+01    0.33500E+02
    0.19536E+01    0.31959E+02
    0.19930E+01    0.30487E+02
    0.20333E+01    0.29083E+02
    0.20744E+01    0.27742E+02
    0.21163E+01    0.26463E+02
