    0.10000E-03    0.10090E+04
    0.10202E-03    0.10287E+04
    0.10408E-03    0.10488E+04
    0.10618E-03    0.10694E+04
    0.10833E-03    0.10903E+04
    0.11052E-03    0.11116E+04
    0.11275E-03    0.11334E+04
    0.11503E-03    0.11556E+04
    0.11735E-03    0.11782E+04
    0.11972E-03    0.12013E+04
    0.12214E-03    0.12248E+04
    0.12461E-03    0.12488E+04
    0.12712E-03    0.12732E+04
    0.12969E-03    0.12981E+04
    0.13231E-03    0.13236E+04
    0.13499E-03    0.13495E+04
    0.13771E-03    0.13759E+04
    0.14049E-03    0.14028E+04
    0.14333E-03    0.14303E+04
    0.14623E-03    0.14583E+04
    0.14918E-03    0.14869E+04
    0.15220E-03    0.15160E+04
    0.15527E-03    0.15457E+04
    0.15841E-03    0.15760E+04
    0.16161E-03    0.16069E+04
    0.16487E-03    0.16384E+04
    0.16820E-03    0.16705E+04
    0.17160E-03    0.17032E+04
    0.17507E-03    0.17366E+04
    0.17860E-03    0.17706E+04
    0.18221E-03    0.18053E+04
    0.18589E-03    0.18407E+04
    0.18965E-03    0.18768E+04
    0.19348E-03    0.19136E+04
    0.19739E-03    0.19511E+04
    0.20138E-03    0.19894E+04
    0.20544E-03    0.20284E+04
    0.20959E-03    0.20682E+04
    0.21383E-03    0.21088E+04
    0.21815E-03    0.21502E+04
    0.22255E-03    0.21924E+04
    0.22705E-03    0.22354E+04
    0.23164E-03    0.22792E+04
    0.23632E-03    0.23240E+04
    0.24109E-03    0.23696E+04
    0.24596E-03    0.24161E+04
    0.25093E-03    0.24636E+04
    0.25600E-03    0.25120E+04
    0.26117E-03    0.25613E+04
    0.26645E-03    0.26116E+04
    0.27183E-03    0.26629E+04
    0.27732E-03    0.27152E+04
    0.28292E-03    0.27686E+04
    0.28864E-03    0.28230E+04
    0.29447E-03    0.28785E+04
    0.30042E-03    0.29351E+04
    0.30649E-03    0.29928E+04
    0.31268E-03    0.30517E+04
    0.31899E-03    0.31117E+04
    0.32544E-03    0.31729E+04
    0.33201E-03    0.32353E+04
    0.33872E-03    0.32990E+04
    0.34556E-03    0.33639E+04
    0.35254E-03    0.34301E+04
    0.35966E-03    0.34977E+04
    0.36693E-03    0.35665E+04
    0.37434E-03    0.36368E+04
    0.38190E-03    0.37084E+04
    0.38962E-03    0.37814E+04
    0.39749E-03    0.38559E+04
    0.40552E-03    0.39319E+04
    0.41371E-03    0.40094E+04
    0.42207E-03    0.40884E+04
    0.43060E-03    0.41689E+04
    0.43929E-03    0.42511E+04
    0.44817E-03    0.43349E+04
    0.45722E-03    0.44203E+04
    0.46646E-03    0.45074E+04
    0.47588E-03    0.45962E+04
    0.48550E-03    0.46868E+04
    0.49530E-03    0.47792E+04
    0.50531E-03    0.48733E+04
    0.51552E-03    0.49694E+04
    0.52593E-03    0.50673E+04
    0.53656E-03    0.51671E+04
    0.54739E-03    0.52688E+04
    0.55845E-03    0.53726E+04
    0.56973E-03    0.54783E+04
    0.58124E-03    0.55861E+04
    0.59299E-03    0.56960E+04
    0.60496E-03    0.58080E+04
    0.61719E-03    0.59221E+04
    0.62965E-03    0.60385E+04
    0.64237E-03    0.61570E+04
    0.65535E-03    0.62778E+04
    0.66859E-03    0.64009E+04
    0.68210E-03    0.65263E+04
    0.69588E-03    0.66540E+04
    0.70993E-03    0.67842E+04
    0.72427E-03    0.69167E+04
    0.73891E-03    0.70517E+04
    0.75383E-03    0.71892E+04
    0.76906E-03    0.73292E+04
    0.78460E-03    0.74718E+04
    0.80045E-03    0.76169E+04
    0.81662E-03    0.77646E+04
    0.83311E-03    0.79149E+04
    0.84994E-03    0.80680E+04
    0.86711E-03    0.82236E+04
    0.88463E-03    0.83821E+04
    0.90250E-03    0.85432E+04
    0.92073E-03    0.87071E+04
    0.93933E-03    0.88738E+04
    0.95831E-03    0.90433E+04
    0.97767E-03    0.92156E+04
    0.99742E-03    0.93908E+04
    0.10176E-02    0.95689E+04
    0.10381E-02    0.97499E+04
    0.10591E-02    0.99338E+04
    0.10805E-02    0.10121E+05
    0.11023E-02    0.10310E+05
    0.11246E-02    0.10503E+05
    0.11473E-02    0.10699E+05
    0.11705E-02    0.10898E+05
    0.11941E-02    0.11099E+05
    0.12182E-02    0.11304E+05
    0.12429E-02    0.11512E+05
    0.12680E-02    0.11723E+05
    0.12936E-02    0.11937E+05
    0.13197E-02    0.12154E+05
    0.13464E-02    0.12374E+05
    0.13736E-02    0.12597E+05
    0.14013E-02    0.12824E+05
    0.14296E-02    0.13053E+05
    0.14585E-02    0.13286E+05
    0.14880E-02    0.13521E+05
    0.15180E-02    0.13760E+05
    0.15487E-02    0.14002E+05
    0.15800E-02    0.14247E+05
    0.16119E-02    0.14495E+05
    0.16445E-02    0.14747E+05
    0.16777E-02    0.15001E+05
    0.17116E-02    0.15259E+05
    0.17462E-02    0.15519E+05
    0.17814E-02    0.15783E+05
    0.18174E-02    0.16050E+05
    0.18541E-02    0.16319E+05
    0.18916E-02    0.16592E+05
    0.19298E-02    0.16868E+05
    0.19688E-02    0.17147E+05
    0.20086E-02    0.17428E+05
    0.20491E-02    0.17713E+05
    0.20905E-02    0.18000E+05
    0.21328E-02    0.18291E+05
    0.21758E-02    0.18584E+05
    0.22198E-02    0.18880E+05
    0.22646E-02    0.19178E+05
    0.23104E-02    0.19480E+05
    0.23571E-02    0.19784E+05
    0.24047E-02    0.20090E+05
    0.24533E-02    0.20399E+05
    0.25028E-02    0.20711E+05
    0.25534E-02    0.21025E+05
    0.26050E-02    0.21341E+05
    0.26576E-02    0.21659E+05
    0.27113E-02    0.21980E+05
    0.27660E-02    0.22303E+05
    0.28219E-02    0.22628E+05
    0.28789E-02    0.22954E+05
    0.29371E-02    0.23283E+05
    0.29964E-02    0.23613E+05
    0.30569E-02    0.23945E+05
    0.31187E-02    0.24279E+05
    0.31817E-02    0.24614E+05
    0.32460E-02    0.24950E+05
    0.33115E-02    0.25287E+05
    0.33784E-02    0.25626E+05
    0.34467E-02    0.25966E+05
    0.35163E-02    0.26306E+05
    0.35874E-02    0.26647E+05
    0.36598E-02    0.26988E+05
    0.37338E-02    0.27330E+05
    0.38092E-02    0.27673E+05
    0.38861E-02    0.28015E+05
    0.39646E-02    0.28357E+05
    0.40447E-02    0.28699E+05
    0.41264E-02    0.29041E+05
    0.42098E-02    0.29382E+05
    0.42948E-02    0.29722E+05
    0.43816E-02    0.30061E+05
    0.44701E-02    0.30399E+05
    0.45604E-02    0.30736E+05
    0.46525E-02    0.31071E+05
    0.47465E-02    0.31405E+05
    0.48424E-02    0.31736E+05
    0.49402E-02    0.32066E+05
    0.50400E-02    0.32393E+05
    0.51419E-02    0.32717E+05
    0.52457E-02    0.33039E+05
    0.53517E-02    0.33357E+05
    0.54598E-02    0.33671E+05
    0.55701E-02    0.33982E+05
    0.56826E-02    0.34288E+05
    0.57974E-02    0.34590E+05
    0.59145E-02    0.34887E+05
    0.60340E-02    0.35179E+05
    0.61559E-02    0.35466E+05
    0.62803E-02    0.35748E+05
    0.64072E-02    0.36024E+05
    0.65366E-02    0.36294E+05
    0.66686E-02    0.36558E+05
    0.68033E-02    0.36815E+05
    0.69408E-02    0.37065E+05
    0.70810E-02    0.37308E+05
    0.72240E-02    0.37543E+05
    0.73700E-02    0.37770E+05
    0.75189E-02    0.37989E+05
    0.76708E-02    0.38199E+05
    0.78257E-02    0.38400E+05
    0.79838E-02    0.38592E+05
    0.81451E-02    0.38773E+05
    0.83096E-02    0.38945E+05
    0.84775E-02    0.39106E+05
    0.86488E-02    0.39256E+05
    0.88235E-02    0.39395E+05
    0.90017E-02    0.39522E+05
    0.91836E-02    0.39637E+05
    0.93691E-02    0.39739E+05
    0.95583E-02    0.39829E+05
    0.97514E-02    0.39905E+05
    0.99484E-02    0.39968E+05
    0.10149E-01    0.40017E+05
    0.10354E-01    0.40051E+05
    0.10564E-01    0.40071E+05
    0.10777E-01    0.40075E+05
    0.10995E-01    0.40064E+05
    0.11217E-01    0.40037E+05
    0.11443E-01    0.39994E+05
    0.11675E-01    0.39934E+05
    0.11910E-01    0.39857E+05
    0.12151E-01    0.39763E+05
    0.12397E-01    0.39651E+05
    0.12647E-01    0.39521E+05
    0.12902E-01    0.39372E+05
    0.13163E-01    0.39206E+05
    0.13429E-01    0.39020E+05
    0.13700E-01    0.38815E+05
    0.13977E-01    0.38591E+05
    0.14259E-01    0.38348E+05
    0.14547E-01    0.38085E+05
    0.14841E-01    0.37802E+05
    0.15141E-01    0.37500E+05
    0.15447E-01    0.37177E+05
    0.15759E-01    0.36835E+05
    0.16077E-01    0.36473E+05
    0.16402E-01    0.36091E+05
    0.16734E-01    0.35689E+05
    0.17072E-01    0.35268E+05
    0.17416E-01    0.34828E+05
    0.17768E-01    0.34368E+05
    0.18127E-01    0.33890E+05
    0.18493E-01    0.33394E+05
    0.18867E-01    0.32881E+05
    0.19248E-01    0.32350E+05
    0.19637E-01    0.31802E+05
    0.20034E-01    0.31239E+05
    0.20438E-01    0.30660E+05
    0.20851E-01    0.30068E+05
    0.21272E-01    0.29462E+05
    0.21702E-01    0.28843E+05
    0.22141E-01    0.28214E+05
    0.22588E-01    0.27574E+05
    0.23044E-01    0.26926E+05
    0.23510E-01    0.26270E+05
    0.23985E-01    0.25608E+05
    0.24469E-01    0.24941E+05
    0.24964E-01    0.24271E+05
    0.25468E-01    0.23600E+05
    0.25982E-01    0.22928E+05
    0.26507E-01    0.22257E+05
    0.27043E-01    0.21589E+05
    0.27589E-01    0.20927E+05
    0.28146E-01    0.20270E+05
    0.28715E-01    0.19622E+05
    0.29295E-01    0.18983E+05
    0.29887E-01    0.18356E+05
    0.30490E-01    0.17742E+05
    0.31106E-01    0.17142E+05
    0.31735E-01    0.16558E+05
    0.32376E-01    0.15991E+05
    0.33030E-01    0.15443E+05
    0.33697E-01    0.14915E+05
    0.34378E-01    0.14407E+05
    0.35072E-01    0.13922E+05
    0.35781E-01    0.13459E+05
    0.36504E-01    0.13019E+05
    0.37241E-01    0.12604E+05
    0.37993E-01    0.12214E+05
    0.38761E-01    0.11849E+05
    0.39544E-01    0.11510E+05
    0.40343E-01    0.11196E+05
    0.41158E-01    0.10907E+05
    0.41989E-01    0.10643E+05
    0.42838E-01    0.10404E+05
    0.43703E-01    0.10188E+05
    0.44586E-01    0.99930E+04
    0.45486E-01    0.98172E+04
    0.46405E-01    0.96588E+04
    0.47343E-01    0.95163E+04
    0.48299E-01    0.93883E+04
    0.49275E-01    0.92737E+04
    0.50270E-01    0.91716E+04
    0.51286E-01    0.90800E+04
    0.52322E-01    0.89963E+04
    0.53379E-01    0.89177E+04
    0.54457E-01    0.88417E+04
    0.55557E-01    0.87648E+04
    0.56680E-01    0.86831E+04
    0.57825E-01    0.85928E+04
    0.58993E-01    0.84905E+04
    0.60184E-01    0.83729E+04
    0.61400E-01    0.82371E+04
    0.62641E-01    0.80805E+04
    0.63906E-01    0.79022E+04
    0.65197E-01    0.77018E+04
    0.66514E-01    0.74794E+04
    0.67858E-01    0.72365E+04
    0.69229E-01    0.69749E+04
    0.70627E-01    0.66969E+04
    0.72054E-01    0.64056E+04
    0.73510E-01    0.61040E+04
    0.74994E-01    0.57957E+04
    0.76509E-01    0.54849E+04
    0.78055E-01    0.51755E+04
    0.79632E-01    0.48729E+04
    0.81241E-01    0.45818E+04
    0.82882E-01    0.43070E+04
    0.84556E-01    0.40530E+04
    0.86264E-01    0.38231E+04
    0.88007E-01    0.36195E+04
    0.89785E-01    0.34435E+04
    0.91598E-01    0.32958E+04
    0.93449E-01    0.31753E+04
    0.95337E-01    0.30805E+04
    0.97263E-01    0.30095E+04
    0.99227E-01    0.29592E+04
    0.10123E+00    0.29264E+04
    0.10328E+00    0.29066E+04
    0.10536E+00    0.28945E+04
    0.10749E+00    0.28850E+04
    0.10966E+00    0.28726E+04
    0.11188E+00    0.28522E+04
    0.11414E+00    0.28194E+04
    0.11644E+00    0.27704E+04
    0.11880E+00    0.27028E+04
    0.12120E+00    0.26151E+04
    0.12365E+00    0.25080E+04
    0.12614E+00    0.23834E+04
    0.12869E+00    0.22462E+04
    0.13129E+00    0.21021E+04
    0.13394E+00    0.19586E+04
    0.13665E+00    0.18222E+04
    0.13941E+00    0.16983E+04
    0.14223E+00    0.15906E+04
    0.14510E+00    0.15011E+04
    0.14803E+00    0.14306E+04
    0.15102E+00    0.13790E+04
    0.15407E+00    0.13444E+04
    0.15718E+00    0.13239E+04
    0.16036E+00    0.13126E+04
    0.16360E+00    0.13047E+04
    0.16690E+00    0.12946E+04
    0.17028E+00    0.12772E+04
    0.17371E+00    0.12491E+04
    0.17722E+00    0.12087E+04
    0.18080E+00    0.11562E+04
    0.18446E+00    0.10939E+04
    0.18818E+00    0.10263E+04
    0.19198E+00    0.95818E+03
    0.19586E+00    0.89442E+03
    0.19982E+00    0.83927E+03
    0.20386E+00    0.79500E+03
    0.20797E+00    0.76223E+03
    0.21218E+00    0.73969E+03
    0.21646E+00    0.72433E+03
    0.22083E+00    0.71211E+03
    0.22530E+00    0.69913E+03
    0.22985E+00    0.68233E+03
    0.23449E+00    0.65963E+03
    0.23923E+00    0.63055E+03
    0.24406E+00    0.59684E+03
    0.24899E+00    0.56171E+03
    0.25402E+00    0.52843E+03
    0.25915E+00    0.49947E+03
    0.26439E+00    0.47621E+03
    0.26973E+00    0.45851E+03
    0.27518E+00    0.44483E+03
    0.28074E+00    0.43277E+03
    0.28641E+00    0.41994E+03
    0.29219E+00    0.40486E+03
    0.29810E+00    0.38723E+03
    0.30412E+00    0.36781E+03
    0.31026E+00    0.34828E+03
    0.31653E+00    0.33039E+03
    0.32292E+00    0.31511E+03
    0.32945E+00    0.30251E+03
    0.33610E+00    0.29167E+03
    0.34289E+00    0.28138E+03
    0.34982E+00    0.27062E+03
    0.35689E+00    0.25892E+03
    0.36409E+00    0.24667E+03
    0.37145E+00    0.23465E+03
    0.37895E+00    0.22362E+03
    0.38661E+00    0.21389E+03
    0.39442E+00    0.20522E+03
    0.40239E+00    0.19703E+03
    0.41052E+00    0.18884E+03
    0.41881E+00    0.18045E+03
    0.42727E+00    0.17210E+03
    0.43590E+00    0.16414E+03
    0.44471E+00    0.15682E+03
    0.45369E+00    0.15007E+03
    0.46286E+00    0.14369E+03
    0.47221E+00    0.13742E+03
    0.48174E+00    0.13125E+03
    0.49148E+00    0.12526E+03
    0.50141E+00    0.11961E+03
    0.51153E+00    0.11431E+03
    0.52187E+00    0.10926E+03
    0.53241E+00    0.10439E+03
    0.54317E+00    0.99688E+02
    0.55414E+00    0.95158E+02
    0.56533E+00    0.90851E+02
    0.57675E+00    0.86768E+02
    0.58840E+00    0.82868E+02
    0.60029E+00    0.79130E+02
    0.61242E+00    0.75548E+02
    0.62479E+00    0.72117E+02
    0.63741E+00    0.68832E+02
    0.65029E+00    0.65688E+02
    0.66342E+00    0.62680E+02
    0.67683E+00    0.59804E+02
    0.69050E+00    0.57055E+02
    0.70445E+00    0.54427E+02
    0.71868E+00    0.51918E+02
    0.73320E+00    0.49521E+02
    0.74801E+00    0.47233E+02
    0.76312E+00    0.45048E+02
    0.77854E+00    0.42962E+02
    0.79426E+00    0.40971E+02
    0.81031E+00    0.39070E+02
    0.82668E+00    0.37254E+02
    0.84338E+00    0.35521E+02
    0.86041E+00    0.33866E+02
    0.87780E+00    0.32286E+02
    0.89553E+00    0.30778E+02
    0.91362E+00    0.29338E+02
    0.93208E+00    0.27963E+02
    0.95091E+00    0.26651E+02
    0.97011E+00    0.25399E+02
    0.98971E+00    0.24203E+02
    0.10097E+01    0.23063E+02
    0.10301E+01    0.21974E+02
    0.10509E+01    0.20936E+02
    0.10721E+01    0.19945E+02
    0.10938E+01    0.19000E+02
    0.11159E+01    0.18099E+02
    0.11384E+01    0.17239E+02
    0.11614E+01    0.16419E+02
    0.11849E+01    0.15638E+02
    0.12088E+01    0.14892E+02
    0.12333E+01    0.14182E+02
    0.12582E+01    0.13504E+02
    0.12836E+01    0.12858E+02
    0.13095E+01    0.12243E+02
    0.13360E+01    0.11656E+02
    0.13630E+01    0.11097E+02
    0.13905E+01    0.10564E+02
    0.14186E+01    0.10056E+02
    0.14472E+01    0.95715E+01
    0.14765E+01    0.91102E+01
    0.15063E+01    0.86707E+01
    0.15367E+01    0.82520E+01
    0.15678E+01    0.78530E+01
    0.15994E+01    0.74728E+01
    0.16318E+01    0.71107E+01
    0.16647E+01    0.67657E+01
    0.16984E+01    0.64371E+01
    0.17327E+01    0.61240E+01
    0.17677E+01    0.58258E+01
    0.18034E+01    0.55418E+01
    0.18398E+01    0.52713E+01
    0.18770E+01    0.50138E+01
    0.19149E+01    0.47686E+01
    0.19536E+01    0.45352E+01
    0.19930E+01    0.43131E+01
    0.20333E+01    0.41018E+01
    0.20744E+01    0.39007E+01
    0.21163E+01    0.37094E+01
    0.21590E+01    0.35275E+01
    0.22026E+01    0.33544E+01
