    0.10000E-03    0.24992E+03
    0.10202E-03    0.25481E+03
    0.10408E-03    0.25979E+03
    0.10618E-03    0.26487E+03
    0.10833E-03    0.27005E+03
    0.11052E-03    0.27533E+03
    0.11275E-03    0.28071E+03
    0.11503E-03    0.28620E+03
    0.11735E-03    0.29180E+03
    0.11972E-03    0.29750E+03
    0.12214E-03    0.30332E+03
    0.12461E-03    0.30925E+03
    0.12712E-03    0.31530E+03
    0.12969E-03    0.32146E+03
    0.13231E-03    0.32775E+03
    0.13499E-03    0.33416E+03
    0.13771E-03    0.34069E+03
    0.14049E-03    0.34735E+03
    0.14333E-03    0.35414E+03
    0.14623E-03    0.36107E+03
    0.14918E-03    0.36813E+03
    0.15220E-03    0.37533E+03
    0.15527E-03    0.38266E+03
    0.15841E-03    0.39015E+03
    0.16161E-03    0.39777E+03
    0.16487E-03    0.40555E+03
    0.16820E-03    0.41348E+03
    0.17160E-03    0.42156E+03
    0.17507E-03    0.42981E+03
    0.17860E-03    0.43821E+03
    0.18221E-03    0.44678E+03
    0.18589E-03    0.45551E+03
    0.18965E-03    0.46442E+03
    0.19348E-03    0.47350E+03
    0.19739E-03    0.48275E+03
    0.20138E-03    0.49219E+03
    0.20544E-03    0.50181E+03
    0.20959E-03    0.51162E+03
    0.21383E-03    0.52163E+03
    0.21815E-03    0.53182E+03
    0.22255E-03    0.54222E+03
    0.22705E-03    0.55282E+03
    0.23164E-03    0.56363E+03
    0.23632E-03    0.57465E+03
    0.24109E-03    0.58588E+03
    0.24596E-03    0.59733E+03
    0.25093E-03    0.60901E+03
    0.25600E-03    0.62091E+03
    0.26117E-03    0.63305E+03
    0.26645E-03    0.64542E+03
    0.27183E-03    0.65804E+03
    0.27732E-03    0.67090E+03
    0.28292E-03    0.68401E+03
    0.28864E-03    0.69738E+03
    0.29447E-03    0.71101E+03
    0.30042E-03    0.72491E+03
    0.30649E-03    0.73907E+03
    0.31268E-03    0.75352E+03
    0.31899E-03    0.76824E+03
    0.32544E-03    0.78326E+03
    0.33201E-03    0.79856E+03
    0.33872E-03    0.81416E+03
    0.34556E-03    0.83007E+03
    0.35254E-03    0.84629E+03
    0.35966E-03    0.86283E+03
    0.36693E-03    0.87968E+03
    0.37434E-03    0.89687E+03
    0.38190E-03    0.91439E+03
    0.38962E-03    0.93225E+03
    0.39749E-03    0.95047E+03
    0.40552E-03    0.96903E+03
    0.41371E-03    0.98796E+03
    0.42207E-03    0.10073E+04
    0.43060E-03    0.10269E+04
    0.43929E-03    0.10470E+04
    0.44817E-03    0.10674E+04
    0.45722E-03    0.10883E+04
    0.46646E-03    0.11095E+04
    0.47588E-03    0.11312E+04
    0.48550E-03    0.11533E+04
    0.49530E-03    0.11758E+04
    0.50531E-03    0.11987E+04
    0.51552E-03    0.12221E+04
    0.52593E-03    0.12460E+04
    0.53656E-03    0.12703E+04
    0.54739E-03    0.12950E+04
    0.55845E-03    0.13203E+04
    0.56973E-03    0.13461E+04
    0.58124E-03    0.13723E+04
    0.59299E-03    0.13991E+04
    0.60496E-03    0.14263E+04
    0.61719E-03    0.14541E+04
    0.62965E-03    0.14825E+04
    0.64237E-03    0.15114E+04
    0.65535E-03    0.15408E+04
    0.66859E-03    0.15708E+04
    0.68210E-03    0.16014E+04
    0.69588E-03    0.16326E+04
    0.70993E-03    0.16644E+04
    0.72427E-03    0.16968E+04
    0.73891E-03    0.17298E+04
    0.75383E-03    0.17634E+04
    0.76906E-03    0.17977E+04
    0.78460E-03    0.18327E+04
    0.80045E-03    0.18683E+04
    0.81662E-03    0.19046E+04
    0.83311E-03    0.19415E+04
    0.84994E-03    0.19792E+04
    0.86711E-03    0.20176E+04
    0.88463E-03    0.20568E+04
    0.90250E-03    0.20966E+04
    0.92073E-03    0.21373E+04
    0.93933E-03    0.21787E+04
    0.95831E-03    0.22208E+04
    0.97767E-03    0.22638E+04
    0.99742E-03    0.23076E+04
    0.10176E-02    0.23522E+04
    0.10381E-02    0.23976E+04
    0.10591E-02    0.24439E+04
    0.10805E-02    0.24910E+04
    0.11023E-02    0.25390E+04
    0.11246E-02    0.25879E+04
    0.11473E-02    0.26377E+04
    0.11705E-02    0.26884E+04
    0.11941E-02    0.27400E+04
    0.12182E-02    0.27926E+04
    0.12429E-02    0.28462E+04
    0.12680E-02    0.29007E+04
    0.12936E-02    0.29562E+04
    0.13197E-02    0.30128E+04
    0.13464E-02    0.30703E+04
    0.13736E-02    0.31289E+04
    0.14013E-02    0.31885E+04
    0.14296E-02    0.32492E+04
    0.14585E-02    0.33109E+04
    0.14880E-02    0.33738E+04
    0.15180E-02    0.34377E+04
    0.15487E-02    0.35028E+04
    0.15800E-02    0.35691E+04
    0.16119E-02    0.36364E+04
    0.16445E-02    0.37050E+04
    0.16777E-02    0.37747E+04
    0.17116E-02    0.38457E+04
    0.17462E-02    0.39178E+04
    0.17814E-02    0.39912E+04
    0.18174E-02    0.40659E+04
    0.18541E-02    0.41418E+04
    0.18916E-02    0.42189E+04
    0.19298E-02    0.42974E+04
    0.19688E-02    0.43772E+04
    0.20086E-02    0.44583E+04
    0.20491E-02    0.45408E+04
    0.20905E-02    0.46246E+04
    0.21328E-02    0.47097E+04
    0.21758E-02    0.47963E+04
    0.22198E-02    0.48843E+04
    0.22646E-02    0.49736E+04
    0.23104E-02    0.50644E+04
    0.23571E-02    0.51567E+04
    0.24047E-02    0.52504E+04
    0.24533E-02    0.53456E+04
    0.25028E-02    0.54422E+04
    0.25534E-02    0.55403E+04
    0.26050E-02    0.56400E+04
    0.26576E-02    0.57412E+04
    0.27113E-02    0.58439E+04
    0.27660E-02    0.59481E+04
    0.28219E-02    0.60539E+04
    0.28789E-02    0.61613E+04
    0.29371E-02    0.62702E+04
    0.29964E-02    0.63808E+04
    0.30569E-02    0.64929E+04
    0.31187E-02    0.66066E+04
    0.31817E-02    0.67219E+04
    0.32460E-02    0.68389E+04
    0.33115E-02    0.69574E+04
    0.33784E-02    0.70776E+04
    0.34467E-02    0.71994E+04
    0.35163E-02    0.73229E+04
    0.35874E-02    0.74480E+04
    0.36598E-02    0.75747E+04
    0.37338E-02    0.77031E+04
    0.38092E-02    0.78331E+04
    0.38861E-02    0.79648E+04
    0.39646E-02    0.80981E+04
    0.40447E-02    0.82331E+04
    0.41264E-02    0.83696E+04
    0.42098E-02    0.85079E+04
    0.42948E-02    0.86477E+04
    0.43816E-02    0.87891E+04
    0.44701E-02    0.89322E+04
    0.45604E-02    0.90768E+04
    0.46525E-02    0.92231E+04
    0.47465E-02    0.93709E+04
    0.48424E-02    0.95202E+04
    0.49402E-02    0.96711E+04
    0.50400E-02    0.98236E+04
    0.51419E-02    0.99775E+04
    0.52457E-02    0.10133E+05
    0.53517E-02    0.10290E+05
    0.54598E-02    0.10448E+05
    0.55701E-02    0.10608E+05
    0.56826E-02    0.10769E+05
    0.57974E-02    0.10931E+05
    0.59145E-02    0.11095E+05
    0.60340E-02    0.11260E+05
    0.61559E-02    0.11426E+05
    0.62803E-02    0.11593E+05
    0.64072E-02    0.11762E+05
    0.65366E-02    0.11931E+05
    0.66686E-02    0.12102E+05
    0.68033E-02    0.12274E+05
    0.69408E-02    0.12446E+05
    0.70810E-02    0.12620E+05
    0.72240E-02    0.12794E+05
    0.73700E-02    0.12969E+05
    0.75189E-02    0.13144E+05
    0.76708E-02    0.13321E+05
    0.78257E-02    0.13497E+05
    0.79838E-02    0.13674E+05
    0.81451E-02    0.13852E+05
    0.83096E-02    0.14030E+05
    0.84775E-02    0.14208E+05
    0.86488E-02    0.14386E+05
    0.88235E-02    0.14564E+05
    0.90017E-02    0.14742E+05
    0.91836E-02    0.14919E+05
    0.93691E-02    0.15097E+05
    0.95583E-02    0.15274E+05
    0.97514E-02    0.15450E+05
    0.99484E-02    0.15626E+05
    0.10149E-01    0.15801E+05
    0.10354E-01    0.15975E+05
    0.10564E-01    0.16148E+05
    0.10777E-01    0.16319E+05
    0.10995E-01    0.16490E+05
    0.11217E-01    0.16659E+05
    0.11443E-01    0.16826E+05
    0.11675E-01    0.16992E+05
    0.11910E-01    0.17155E+05
    0.12151E-01    0.17316E+05
    0.12397E-01    0.17476E+05
    0.12647E-01    0.17632E+05
    0.12902E-01    0.17786E+05
    0.13163E-01    0.17937E+05
    0.13429E-01    0.18085E+05
    0.13700E-01    0.18230E+05
    0.13977E-01    0.18371E+05
    0.14259E-01    0.18509E+05
    0.14547E-01    0.18643E+05
    0.14841E-01    0.18773E+05
    0.15141E-01    0.18899E+05
    0.15447E-01    0.19020E+05
    0.15759E-01    0.19136E+05
    0.16077E-01    0.19248E+05
    0.16402E-01    0.19355E+05
    0.16734E-01    0.19456E+05
    0.17072E-01    0.19552E+05
    0.17416E-01    0.19642E+05
    0.17768E-01    0.19726E+05
    0.18127E-01    0.19804E+05
    0.18493E-01    0.19875E+05
    0.18867E-01    0.19940E+05
    0.19248E-01    0.19998E+05
    0.19637E-01    0.20049E+05
    0.20034E-01    0.20092E+05
    0.20438E-01    0.20129E+05
    0.20851E-01    0.20157E+05
    0.21272E-01    0.20178E+05
    0.21702E-01    0.20191E+05
    0.22141E-01    0.20196E+05
    0.22588E-01    0.20193E+05
    0.23044E-01    0.20181E+05
    0.23510E-01    0.20161E+05
    0.23985E-01    0.20133E+05
    0.24469E-01    0.20095E+05
    0.24964E-01    0.20049E+05
    0.25468E-01    0.19994E+05
    0.25982E-01    0.19931E+05
    0.26507E-01    0.19858E+05
    0.27043E-01    0.19777E+05
    0.27589E-01    0.19688E+05
    0.28146E-01    0.19590E+05
    0.28715E-01    0.19483E+05
    0.29295E-01    0.19368E+05
    0.29887E-01    0.19245E+05
    0.30490E-01    0.19114E+05
    0.31106E-01    0.18975E+05
    0.31735E-01    0.18829E+05
    0.32376E-01    0.18676E+05
    0.33030E-01    0.18516E+05
    0.33697E-01    0.18349E+05
    0.34378E-01    0.18177E+05
    0.35072E-01    0.17999E+05
    0.35781E-01    0.17816E+05
    0.36504E-01    0.17628E+05
    0.37241E-01    0.17436E+05
    0.37993E-01    0.17240E+05
    0.38761E-01    0.17042E+05
    0.39544E-01    0.16841E+05
    0.40343E-01    0.16638E+05
    0.41158E-01    0.16434E+05
    0.41989E-01    0.16229E+05
    0.42838E-01    0.16023E+05
    0.43703E-01    0.15818E+05
    0.44586E-01    0.15613E+05
    0.45486E-01    0.15410E+05
    0.46405E-01    0.15208E+05
    0.47343E-01    0.15009E+05
    0.48299E-01    0.14813E+05
    0.49275E-01    0.14620E+05
    0.50270E-01    0.14431E+05
    0.51286E-01    0.14247E+05
    0.52322E-01    0.14067E+05
    0.53379E-01    0.13892E+05
    0.54457E-01    0.13721E+05
    0.55557E-01    0.13554E+05
    0.56680E-01    0.13392E+05
    0.57825E-01    0.13233E+05
    0.58993E-01    0.13076E+05
    0.60184E-01    0.12923E+05
    0.61400E-01    0.12771E+05
    0.62641E-01    0.12621E+05
    0.63906E-01    0.12471E+05
    0.65197E-01    0.12321E+05
    0.66514E-01    0.12171E+05
    0.67858E-01    0.12019E+05
    0.69229E-01    0.11864E+05
    0.70627E-01    0.11706E+05
    0.72054E-01    0.11544E+05
    0.73510E-01    0.11378E+05
    0.74994E-01    0.11205E+05
    0.76509E-01    0.11027E+05
    0.78055E-01    0.10841E+05
    0.79632E-01    0.10648E+05
    0.81241E-01    0.10446E+05
    0.82882E-01    0.10236E+05
    0.84556E-01    0.10019E+05
    0.86264E-01    0.97950E+04
    0.88007E-01    0.95652E+04
    0.89785E-01    0.93307E+04
    0.91598E-01    0.90927E+04
    0.93449E-01    0.88528E+04
    0.95337E-01    0.86125E+04
    0.97263E-01    0.83736E+04
    0.99227E-01    0.81379E+04
    0.10123E+00    0.79072E+04
    0.10328E+00    0.76831E+04
    0.10536E+00    0.74673E+04
    0.10749E+00    0.72610E+04
    0.10966E+00    0.70656E+04
    0.11188E+00    0.68820E+04
    0.11414E+00    0.67108E+04
    0.11644E+00    0.65520E+04
    0.11880E+00    0.64055E+04
    0.12120E+00    0.62700E+04
    0.12365E+00    0.61440E+04
    0.12614E+00    0.60256E+04
    0.12869E+00    0.59120E+04
    0.13129E+00    0.58008E+04
    0.13394E+00    0.56891E+04
    0.13665E+00    0.55746E+04
    0.13941E+00    0.54552E+04
    0.14223E+00    0.53295E+04
    0.14510E+00    0.51966E+04
    0.14803E+00    0.50563E+04
    0.15102E+00    0.49093E+04
    0.15407E+00    0.47567E+04
    0.15718E+00    0.46004E+04
    0.16036E+00    0.44428E+04
    0.16360E+00    0.42862E+04
    0.16690E+00    0.41333E+04
    0.17028E+00    0.39864E+04
    0.17371E+00    0.38478E+04
    0.17722E+00    0.37193E+04
    0.18080E+00    0.36020E+04
    0.18446E+00    0.34963E+04
    0.18818E+00    0.34013E+04
    0.19198E+00    0.33152E+04
    0.19586E+00    0.32350E+04
    0.19982E+00    0.31577E+04
    0.20386E+00    0.30804E+04
    0.20797E+00    0.30006E+04
    0.21218E+00    0.29168E+04
    0.21646E+00    0.28279E+04
    0.22083E+00    0.27341E+04
    0.22530E+00    0.26367E+04
    0.22985E+00    0.25377E+04
    0.23449E+00    0.24404E+04
    0.23923E+00    0.23480E+04
    0.24406E+00    0.22608E+04
    0.24899E+00    0.21807E+04
    0.25402E+00    0.21082E+04
    0.25915E+00    0.20427E+04
    0.26439E+00    0.19825E+04
    0.26973E+00    0.19255E+04
    0.27518E+00    0.18692E+04
    0.28074E+00    0.18115E+04
    0.28641E+00    0.17515E+04
    0.29219E+00    0.16891E+04
    0.29810E+00    0.16254E+04
    0.30412E+00    0.15622E+04
    0.31026E+00    0.15015E+04
    0.31653E+00    0.14447E+04
    0.32292E+00    0.13923E+04
    0.32945E+00    0.13443E+04
    0.33610E+00    0.12997E+04
    0.34289E+00    0.12570E+04
    0.34982E+00    0.12147E+04
    0.35689E+00    0.11718E+04
    0.36409E+00    0.11283E+04
    0.37145E+00    0.10848E+04
    0.37895E+00    0.10424E+04
    0.38661E+00    0.10021E+04
    0.39442E+00    0.96433E+03
    0.40239E+00    0.92909E+03
    0.41052E+00    0.89573E+03
    0.41881E+00    0.86344E+03
    0.42727E+00    0.83154E+03
    0.43590E+00    0.79980E+03
    0.44471E+00    0.76854E+03
    0.45369E+00    0.73831E+03
    0.46286E+00    0.70953E+03
    0.47221E+00    0.68230E+03
    0.48174E+00    0.65640E+03
    0.49148E+00    0.63144E+03
    0.50141E+00    0.60706E+03
    0.51153E+00    0.58318E+03
    0.52187E+00    0.56000E+03
    0.53241E+00    0.53775E+03
    0.54317E+00    0.51648E+03
    0.55414E+00    0.49616E+03
    0.56533E+00    0.47661E+03
    0.57675E+00    0.45763E+03
    0.58840E+00    0.43924E+03
    0.60029E+00    0.42151E+03
    0.61242E+00    0.40449E+03
    0.62479E+00    0.38817E+03
    0.63741E+00    0.37249E+03
    0.65029E+00    0.35736E+03
    0.66342E+00    0.34275E+03
    0.67683E+00    0.32870E+03
    0.69050E+00    0.31521E+03
    0.70445E+00    0.30225E+03
    0.71868E+00    0.28979E+03
    0.73320E+00    0.27780E+03
    0.74801E+00    0.26627E+03
    0.76312E+00    0.25519E+03
    0.77854E+00    0.24453E+03
    0.79426E+00    0.23430E+03
    0.81031E+00    0.22446E+03
    0.82668E+00    0.21501E+03
    0.84338E+00    0.20593E+03
    0.86041E+00    0.19722E+03
    0.87780E+00    0.18885E+03
    0.89553E+00    0.18082E+03
    0.91362E+00    0.17311E+03
    0.93208E+00    0.16571E+03
    0.95091E+00    0.15862E+03
    0.97011E+00    0.15181E+03
    0.98971E+00    0.14527E+03
    0.10097E+01    0.13901E+03
    0.10301E+01    0.13300E+03
    0.10509E+01    0.12723E+03
    0.10721E+01    0.12171E+03
    0.10938E+01    0.11641E+03
    0.11159E+01    0.11133E+03
    0.11384E+01    0.10646E+03
    0.11614E+01    0.10180E+03
    0.11849E+01    0.97328E+02
    0.12088E+01    0.93045E+02
    0.12333E+01    0.88942E+02
    0.12582E+01    0.85012E+02
    0.12836E+01    0.81248E+02
    0.13095E+01    0.77644E+02
    0.13360E+01    0.74193E+02
    0.13630E+01    0.70889E+02
    0.13905E+01    0.67727E+02
    0.14186E+01    0.64700E+02
    0.14472E+01    0.61803E+02
    0.14765E+01    0.59031E+02
    0.15063E+01    0.56378E+02
    0.15367E+01    0.53840E+02
    0.15678E+01    0.51411E+02
    0.15994E+01    0.49087E+02
    0.16318E+01    0.46863E+02
    0.16647E+01    0.44736E+02
    0.16984E+01    0.42702E+02
    0.17327E+01    0.40755E+02
    0.17677E+01    0.38894E+02
    0.18034E+01    0.37115E+02
    0.18398E+01    0.35414E+02
    0.18770E+01    0.33789E+02
    0.19149E+01    0.32236E+02
    0.19536E+01    0.30753E+02
    0.19930E+01    0.29337E+02
    0.20333E+01    0.27985E+02
    0.20744E+01    0.26695E+02
    0.21163E+01    0.25464E+02
