    0.10000E-03    0.10506E+04
    0.10202E-03    0.10710E+04
    0.10408E-03    0.10919E+04
    0.10618E-03    0.11131E+04
    0.10833E-03    0.11347E+04
    0.11052E-03    0.11568E+04
    0.11275E-03    0.11793E+04
    0.11503E-03    0.12022E+04
    0.11735E-03    0.12255E+04
    0.11972E-03    0.12493E+04
    0.12214E-03    0.12736E+04
    0.12461E-03    0.12983E+04
    0.12712E-03    0.13235E+04
    0.12969E-03    0.13492E+04
    0.13231E-03    0.13753E+04
    0.13499E-03    0.14020E+04
    0.13771E-03    0.14291E+04
    0.14049E-03    0.14568E+04
    0.14333E-03    0.14850E+04
    0.14623E-03    0.15137E+04
    0.14918E-03    0.15430E+04
    0.15220E-03    0.15729E+04
    0.15527E-03    0.16033E+04
    0.15841E-03    0.16342E+04
    0.16161E-03    0.16658E+04
    0.16487E-03    0.16979E+04
    0.16820E-03    0.17307E+04
    0.17160E-03    0.17641E+04
    0.17507E-03    0.17980E+04
    0.17860E-03    0.18327E+04
    0.18221E-03    0.18679E+04
    0.18589E-03    0.19039E+04
    0.18965E-03    0.19405E+04
    0.19348E-03    0.19777E+04
    0.19739E-03    0.20157E+04
    0.20138E-03    0.20544E+04
    0.20544E-03    0.20937E+04
    0.20959E-03    0.21338E+04
    0.21383E-03    0.21747E+04
    0.21815E-03    0.22163E+04
    0.22255E-03    0.22586E+04
    0.22705E-03    0.23017E+04
    0.23164E-03    0.23456E+04
    0.23632E-03    0.23903E+04
    0.24109E-03    0.24358E+04
    0.24596E-03    0.24821E+04
    0.25093E-03    0.25293E+04
    0.25600E-03    0.25773E+04
    0.26117E-03    0.26261E+04
    0.26645E-03    0.26759E+04
    0.27183E-03    0.27265E+04
    0.27732E-03    0.27779E+04
    0.28292E-03    0.28304E+04
    0.28864E-03    0.28837E+04
    0.29447E-03    0.29379E+04
    0.30042E-03    0.29931E+04
    0.30649E-03    0.30493E+04
    0.31268E-03    0.31064E+04
    0.31899E-03    0.31645E+04
    0.32544E-03    0.32236E+04
    0.33201E-03    0.32837E+04
    0.33872E-03    0.33449E+04
    0.34556E-03    0.34070E+04
    0.35254E-03    0.34702E+04
    0.35966E-03    0.35345E+04
    0.36693E-03    0.35998E+04
    0.37434E-03    0.36663E+04
    0.38190E-03    0.37338E+04
    0.38962E-03    0.38024E+04
    0.39749E-03    0.38722E+04
    0.40552E-03    0.39431E+04
    0.41371E-03    0.40151E+04
    0.42207E-03    0.40883E+04
    0.43060E-03    0.41627E+04
    0.43929E-03    0.42382E+04
    0.44817E-03    0.43150E+04
    0.45722E-03    0.43930E+04
    0.46646E-03    0.44722E+04
    0.47588E-03    0.45526E+04
    0.48550E-03    0.46343E+04
    0.49530E-03    0.47173E+04
    0.50531E-03    0.48015E+04
    0.51552E-03    0.48870E+04
    0.52593E-03    0.49739E+04
    0.53656E-03    0.50621E+04
    0.54739E-03    0.51516E+04
    0.55845E-03    0.52424E+04
    0.56973E-03    0.53347E+04
    0.58124E-03    0.54283E+04
    0.59299E-03    0.55233E+04
    0.60496E-03    0.56197E+04
    0.61719E-03    0.57176E+04
    0.62965E-03    0.58169E+04
    0.64237E-03    0.59177E+04
    0.65535E-03    0.60200E+04
    0.66859E-03    0.61238E+04
    0.68210E-03    0.62292E+04
    0.69588E-03    0.63361E+04
    0.70993E-03    0.64445E+04
    0.72427E-03    0.65546E+04
    0.73891E-03    0.66663E+04
    0.75383E-03    0.67796E+04
    0.76906E-03    0.68946E+04
    0.78460E-03    0.70113E+04
    0.80045E-03    0.71297E+04
    0.81662E-03    0.72498E+04
    0.83311E-03    0.73717E+04
    0.84994E-03    0.74954E+04
    0.86711E-03    0.76209E+04
    0.88463E-03    0.77482E+04
    0.90250E-03    0.78774E+04
    0.92073E-03    0.80085E+04
    0.93933E-03    0.81415E+04
    0.95831E-03    0.82765E+04
    0.97767E-03    0.84134E+04
    0.99742E-03    0.85524E+04
    0.10176E-02    0.86933E+04
    0.10381E-02    0.88363E+04
    0.10591E-02    0.89813E+04
    0.10805E-02    0.91284E+04
    0.11023E-02    0.92777E+04
    0.11246E-02    0.94290E+04
    0.11473E-02    0.95825E+04
    0.11705E-02    0.97381E+04
    0.11941E-02    0.98959E+04
    0.12182E-02    0.10056E+05
    0.12429E-02    0.10218E+05
    0.12680E-02    0.10382E+05
    0.12936E-02    0.10549E+05
    0.13197E-02    0.10718E+05
    0.13464E-02    0.10889E+05
    0.13736E-02    0.11062E+05
    0.14013E-02    0.11238E+05
    0.14296E-02    0.11415E+05
    0.14585E-02    0.11595E+05
    0.14880E-02    0.11778E+05
    0.15180E-02    0.11962E+05
    0.15487E-02    0.12149E+05
    0.15800E-02    0.12337E+05
    0.16119E-02    0.12529E+05
    0.16445E-02    0.12722E+05
    0.16777E-02    0.12917E+05
    0.17116E-02    0.13115E+05
    0.17462E-02    0.13314E+05
    0.17814E-02    0.13516E+05
    0.18174E-02    0.13720E+05
    0.18541E-02    0.13926E+05
    0.18916E-02    0.14134E+05
    0.19298E-02    0.14344E+05
    0.19688E-02    0.14556E+05
    0.20086E-02    0.14770E+05
    0.20491E-02    0.14986E+05
    0.20905E-02    0.15203E+05
    0.21328E-02    0.15423E+05
    0.21758E-02    0.15644E+05
    0.22198E-02    0.15867E+05
    0.22646E-02    0.16091E+05
    0.23104E-02    0.16317E+05
    0.23571E-02    0.16545E+05
    0.24047E-02    0.16774E+05
    0.24533E-02    0.17005E+05
    0.25028E-02    0.17237E+05
    0.25534E-02    0.17470E+05
    0.26050E-02    0.17704E+05
    0.26576E-02    0.17940E+05
    0.27113E-02    0.18176E+05
    0.27660E-02    0.18414E+05
    0.28219E-02    0.18652E+05
    0.28789E-02    0.18891E+05
    0.29371E-02    0.19131E+05
    0.29964E-02    0.19372E+05
    0.30569E-02    0.19612E+05
    0.31187E-02    0.19854E+05
    0.31817E-02    0.20095E+05
    0.32460E-02    0.20337E+05
    0.33115E-02    0.20579E+05
    0.33784E-02    0.20820E+05
    0.34467E-02    0.21062E+05
    0.35163E-02    0.21303E+05
    0.35874E-02    0.21544E+05
    0.36598E-02    0.21784E+05
    0.37338E-02    0.22024E+05
    0.38092E-02    0.22262E+05
    0.38861E-02    0.22500E+05
    0.39646E-02    0.22736E+05
    0.40447E-02    0.22972E+05
    0.41264E-02    0.23205E+05
    0.42098E-02    0.23437E+05
    0.42948E-02    0.23668E+05
    0.43816E-02    0.23896E+05
    0.44701E-02    0.24122E+05
    0.45604E-02    0.24347E+05
    0.46525E-02    0.24569E+05
    0.47465E-02    0.24788E+05
    0.48424E-02    0.25004E+05
    0.49402E-02    0.25218E+05
    0.50400E-02    0.25428E+05
    0.51419E-02    0.25634E+05
    0.52457E-02    0.25837E+05
    0.53517E-02    0.26036E+05
    0.54598E-02    0.26230E+05
    0.55701E-02    0.26420E+05
    0.56826E-02    0.26606E+05
    0.57974E-02    0.26787E+05
    0.59145E-02    0.26962E+05
    0.60340E-02    0.27133E+05
    0.61559E-02    0.27299E+05
    0.62803E-02    0.27458E+05
    0.64072E-02    0.27613E+05
    0.65366E-02    0.27761E+05
    0.66686E-02    0.27902E+05
    0.68033E-02    0.28038E+05
    0.69408E-02    0.28166E+05
    0.70810E-02    0.28288E+05
    0.72240E-02    0.28402E+05
    0.73700E-02    0.28509E+05
    0.75189E-02    0.28607E+05
    0.76708E-02    0.28698E+05
    0.78257E-02    0.28780E+05
    0.79838E-02    0.28854E+05
    0.81451E-02    0.28919E+05
    0.83096E-02    0.28975E+05
    0.84775E-02    0.29021E+05
    0.86488E-02    0.29058E+05
    0.88235E-02    0.29085E+05
    0.90017E-02    0.29101E+05
    0.91836E-02    0.29108E+05
    0.93691E-02    0.29103E+05
    0.95583E-02    0.29088E+05
    0.97514E-02    0.29062E+05
    0.99484E-02    0.29024E+05
    0.10149E-01    0.28974E+05
    0.10354E-01    0.28913E+05
    0.10564E-01    0.28839E+05
    0.10777E-01    0.28753E+05
    0.10995E-01    0.28655E+05
    0.11217E-01    0.28543E+05
    0.11443E-01    0.28419E+05
    0.11675E-01    0.28281E+05
    0.11910E-01    0.28130E+05
    0.12151E-01    0.27965E+05
    0.12397E-01    0.27787E+05
    0.12647E-01    0.27595E+05
    0.12902E-01    0.27389E+05
    0.13163E-01    0.27168E+05
    0.13429E-01    0.26934E+05
    0.13700E-01    0.26686E+05
    0.13977E-01    0.26423E+05
    0.14259E-01    0.26146E+05
    0.14547E-01    0.25855E+05
    0.14841E-01    0.25549E+05
    0.15141E-01    0.25230E+05
    0.15447E-01    0.24897E+05
    0.15759E-01    0.24550E+05
    0.16077E-01    0.24190E+05
    0.16402E-01    0.23816E+05
    0.16734E-01    0.23429E+05
    0.17072E-01    0.23030E+05
    0.17416E-01    0.22618E+05
    0.17768E-01    0.22195E+05
    0.18127E-01    0.21760E+05
    0.18493E-01    0.21315E+05
    0.18867E-01    0.20859E+05
    0.19248E-01    0.20394E+05
    0.19637E-01    0.19920E+05
    0.20034E-01    0.19439E+05
    0.20438E-01    0.18949E+05
    0.20851E-01    0.18454E+05
    0.21272E-01    0.17953E+05
    0.21702E-01    0.17447E+05
    0.22141E-01    0.16939E+05
    0.22588E-01    0.16428E+05
    0.23044E-01    0.15915E+05
    0.23510E-01    0.15402E+05
    0.23985E-01    0.14891E+05
    0.24469E-01    0.14382E+05
    0.24964E-01    0.13876E+05
    0.25468E-01    0.13375E+05
    0.25982E-01    0.12879E+05
    0.26507E-01    0.12391E+05
    0.27043E-01    0.11912E+05
    0.27589E-01    0.11441E+05
    0.28146E-01    0.10982E+05
    0.28715E-01    0.10534E+05
    0.29295E-01    0.10099E+05
    0.29887E-01    0.96775E+04
    0.30490E-01    0.92713E+04
    0.31106E-01    0.88807E+04
    0.31735E-01    0.85066E+04
    0.32376E-01    0.81500E+04
    0.33030E-01    0.78113E+04
    0.33697E-01    0.74911E+04
    0.34378E-01    0.71895E+04
    0.35072E-01    0.69066E+04
    0.35781E-01    0.66424E+04
    0.36504E-01    0.63969E+04
    0.37241E-01    0.61699E+04
    0.37993E-01    0.59612E+04
    0.38761E-01    0.57709E+04
    0.39544E-01    0.55992E+04
    0.40343E-01    0.54461E+04
    0.41158E-01    0.53116E+04
    0.41989E-01    0.51949E+04
    0.42838E-01    0.50943E+04
    0.43703E-01    0.50083E+04
    0.44586E-01    0.49354E+04
    0.45486E-01    0.48744E+04
    0.46405E-01    0.48242E+04
    0.47343E-01    0.47838E+04
    0.48299E-01    0.47523E+04
    0.49275E-01    0.47286E+04
    0.50270E-01    0.47105E+04
    0.51286E-01    0.46958E+04
    0.52322E-01    0.46824E+04
    0.53379E-01    0.46680E+04
    0.54457E-01    0.46499E+04
    0.55557E-01    0.46254E+04
    0.56680E-01    0.45922E+04
    0.57825E-01    0.45479E+04
    0.58993E-01    0.44902E+04
    0.60184E-01    0.44174E+04
    0.61400E-01    0.43283E+04
    0.62641E-01    0.42224E+04
    0.63906E-01    0.40996E+04
    0.65197E-01    0.39605E+04
    0.66514E-01    0.38066E+04
    0.67858E-01    0.36395E+04
    0.69229E-01    0.34615E+04
    0.70627E-01    0.32750E+04
    0.72054E-01    0.30828E+04
    0.73510E-01    0.28881E+04
    0.74994E-01    0.26939E+04
    0.76509E-01    0.25039E+04
    0.78055E-01    0.23219E+04
    0.79632E-01    0.21511E+04
    0.81241E-01    0.19946E+04
    0.82882E-01    0.18549E+04
    0.84556E-01    0.17333E+04
    0.86264E-01    0.16304E+04
    0.88007E-01    0.15465E+04
    0.89785E-01    0.14809E+04
    0.91598E-01    0.14324E+04
    0.93449E-01    0.13999E+04
    0.95337E-01    0.13814E+04
    0.97263E-01    0.13748E+04
    0.99227E-01    0.13775E+04
    0.10123E+00    0.13865E+04
    0.10328E+00    0.13984E+04
    0.10536E+00    0.14094E+04
    0.10749E+00    0.14159E+04
    0.10966E+00    0.14146E+04
    0.11188E+00    0.14024E+04
    0.11414E+00    0.13770E+04
    0.11644E+00    0.13368E+04
    0.11880E+00    0.12818E+04
    0.12120E+00    0.12132E+04
    0.12365E+00    0.11346E+04
    0.12614E+00    0.10505E+04
    0.12869E+00    0.96568E+03
    0.13129E+00    0.88465E+03
    0.13394E+00    0.81088E+03
    0.13665E+00    0.74687E+03
    0.13941E+00    0.69440E+03
    0.14223E+00    0.65433E+03
    0.14510E+00    0.62688E+03
    0.14803E+00    0.61103E+03
    0.15102E+00    0.60487E+03
    0.15407E+00    0.60534E+03
    0.15718E+00    0.60889E+03
    0.16036E+00    0.61190E+03
    0.16360E+00    0.61116E+03
    0.16690E+00    0.60394E+03
    0.17028E+00    0.58835E+03
    0.17371E+00    0.56382E+03
    0.17722E+00    0.53165E+03
    0.18080E+00    0.49482E+03
    0.18446E+00    0.45663E+03
    0.18818E+00    0.42010E+03
    0.19198E+00    0.38839E+03
    0.19586E+00    0.36350E+03
    0.19982E+00    0.34599E+03
    0.20386E+00    0.33514E+03
    0.20797E+00    0.32928E+03
    0.21218E+00    0.32621E+03
    0.21646E+00    0.32353E+03
    0.22083E+00    0.31885E+03
    0.22530E+00    0.31028E+03
    0.22985E+00    0.29723E+03
    0.23449E+00    0.28062E+03
    0.23923E+00    0.26229E+03
    0.24406E+00    0.24427E+03
    0.24899E+00    0.22849E+03
    0.25402E+00    0.21613E+03
    0.25915E+00    0.20735E+03
    0.26439E+00    0.20138E+03
    0.26973E+00    0.19679E+03
    0.27518E+00    0.19213E+03
    0.28074E+00    0.18622E+03
    0.28641E+00    0.17845E+03
    0.29219E+00    0.16918E+03
    0.29810E+00    0.15937E+03
    0.30412E+00    0.15018E+03
    0.31026E+00    0.14244E+03
    0.31653E+00    0.13633E+03
    0.32292E+00    0.13148E+03
    0.32945E+00    0.12719E+03
    0.33610E+00    0.12268E+03
    0.34289E+00    0.11755E+03
    0.34982E+00    0.11186E+03
    0.35689E+00    0.10605E+03
    0.36409E+00    0.10067E+03
    0.37145E+00    0.96012E+02
    0.37895E+00    0.92025E+02
    0.38661E+00    0.88425E+02
    0.39442E+00    0.84843E+02
    0.40239E+00    0.81089E+02
    0.41052E+00    0.77227E+02
    0.41881E+00    0.73487E+02
    0.42727E+00    0.70057E+02
    0.43590E+00    0.66967E+02
    0.44471E+00    0.64106E+02
    0.45369E+00    0.61321E+02
    0.46286E+00    0.58517E+02
    0.47221E+00    0.55769E+02
    0.48174E+00    0.53198E+02
    0.49148E+00    0.50786E+02
    0.50141E+00    0.48505E+02
    0.51153E+00    0.46325E+02
    0.52187E+00    0.44210E+02
    0.53241E+00    0.42159E+02
    0.54317E+00    0.40208E+02
    0.55414E+00    0.38370E+02
    0.56533E+00    0.36619E+02
    0.57675E+00    0.34942E+02
    0.58840E+00    0.33336E+02
    0.60029E+00    0.31799E+02
    0.61242E+00    0.30328E+02
    0.62479E+00    0.28920E+02
    0.63741E+00    0.27575E+02
    0.65029E+00    0.26290E+02
    0.66342E+00    0.25062E+02
    0.67683E+00    0.23890E+02
    0.69050E+00    0.22771E+02
    0.70445E+00    0.21704E+02
    0.71868E+00    0.20686E+02
    0.73320E+00    0.19715E+02
    0.74801E+00    0.18789E+02
    0.76312E+00    0.17906E+02
    0.77854E+00    0.17063E+02
    0.79426E+00    0.16259E+02
    0.81031E+00    0.15493E+02
    0.82668E+00    0.14761E+02
    0.84338E+00    0.14063E+02
    0.86041E+00    0.13398E+02
    0.87780E+00    0.12763E+02
    0.89553E+00    0.12157E+02
    0.91362E+00    0.11579E+02
    0.93208E+00    0.11028E+02
    0.95091E+00    0.10502E+02
    0.97011E+00    0.10001E+02
    0.98971E+00    0.95233E+01
    0.10097E+01    0.90677E+01
    0.10301E+01    0.86334E+01
    0.10509E+01    0.82195E+01
    0.10721E+01    0.78249E+01
    0.10938E+01    0.74489E+01
    0.11159E+01    0.70905E+01
    0.11384E+01    0.67491E+01
    0.11614E+01    0.64237E+01
    0.11849E+01    0.61137E+01
    0.12088E+01    0.58184E+01
    0.12333E+01    0.55370E+01
    0.12582E+01    0.52690E+01
    0.12836E+01    0.50137E+01
    0.13095E+01    0.47706E+01
    0.13360E+01    0.45390E+01
    0.13630E+01    0.43184E+01
    0.13905E+01    0.41083E+01
    0.14186E+01    0.39083E+01
    0.14472E+01    0.37178E+01
    0.14765E+01    0.35365E+01
    0.15063E+01    0.33638E+01
    0.15367E+01    0.31993E+01
    0.15678E+01    0.30427E+01
    0.15994E+01    0.28937E+01
    0.16318E+01    0.27518E+01
    0.16647E+01    0.26167E+01
    0.16984E+01    0.24881E+01
    0.17327E+01    0.23657E+01
    0.17677E+01    0.22491E+01
    0.18034E+01    0.21382E+01
    0.18398E+01    0.20327E+01
    0.18770E+01    0.19324E+01
    0.19149E+01    0.18369E+01
    0.19536E+01    0.17461E+01
    0.19930E+01    0.16597E+01
    0.20333E+01    0.15776E+01
    0.20744E+01    0.14995E+01
    0.21163E+01    0.14253E+01
