    0.10000E-03    0.38113E+03
    0.10202E-03    0.38858E+03
    0.10408E-03    0.39619E+03
    0.10618E-03    0.40394E+03
    0.10833E-03    0.41184E+03
    0.11052E-03    0.41990E+03
    0.11275E-03    0.42811E+03
    0.11503E-03    0.43649E+03
    0.11735E-03    0.44503E+03
    0.11972E-03    0.45373E+03
    0.12214E-03    0.46261E+03
    0.12461E-03    0.47166E+03
    0.12712E-03    0.48089E+03
    0.12969E-03    0.49030E+03
    0.13231E-03    0.49989E+03
    0.13499E-03    0.50968E+03
    0.13771E-03    0.51965E+03
    0.14049E-03    0.52982E+03
    0.14333E-03    0.54019E+03
    0.14623E-03    0.55076E+03
    0.14918E-03    0.56154E+03
    0.15220E-03    0.57253E+03
    0.15527E-03    0.58373E+03
    0.15841E-03    0.59516E+03
    0.16161E-03    0.60681E+03
    0.16487E-03    0.61869E+03
    0.16820E-03    0.63080E+03
    0.17160E-03    0.64314E+03
    0.17507E-03    0.65574E+03
    0.17860E-03    0.66857E+03
    0.18221E-03    0.68166E+03
    0.18589E-03    0.69501E+03
    0.18965E-03    0.70862E+03
    0.19348E-03    0.72249E+03
    0.19739E-03    0.73664E+03
    0.20138E-03    0.75107E+03
    0.20544E-03    0.76578E+03
    0.20959E-03    0.78077E+03
    0.21383E-03    0.79607E+03
    0.21815E-03    0.81166E+03
    0.22255E-03    0.82756E+03
    0.22705E-03    0.84377E+03
    0.23164E-03    0.86030E+03
    0.23632E-03    0.87716E+03
    0.24109E-03    0.89435E+03
    0.24596E-03    0.91187E+03
    0.25093E-03    0.92974E+03
    0.25600E-03    0.94797E+03
    0.26117E-03    0.96655E+03
    0.26645E-03    0.98549E+03
    0.27183E-03    0.10048E+04
    0.27732E-03    0.10245E+04
    0.28292E-03    0.10446E+04
    0.28864E-03    0.10651E+04
    0.29447E-03    0.10860E+04
    0.30042E-03    0.11073E+04
    0.30649E-03    0.11290E+04
    0.31268E-03    0.11511E+04
    0.31899E-03    0.11737E+04
    0.32544E-03    0.11968E+04
    0.33201E-03    0.12202E+04
    0.33872E-03    0.12442E+04
    0.34556E-03    0.12686E+04
    0.35254E-03    0.12935E+04
    0.35966E-03    0.13189E+04
    0.36693E-03    0.13448E+04
    0.37434E-03    0.13712E+04
    0.38190E-03    0.13981E+04
    0.38962E-03    0.14256E+04
    0.39749E-03    0.14536E+04
    0.40552E-03    0.14822E+04
    0.41371E-03    0.15113E+04
    0.42207E-03    0.15410E+04
    0.43060E-03    0.15713E+04
    0.43929E-03    0.16022E+04
    0.44817E-03    0.16337E+04
    0.45722E-03    0.16658E+04
    0.46646E-03    0.16986E+04
    0.47588E-03    0.17320E+04
    0.48550E-03    0.17660E+04
    0.49530E-03    0.18008E+04
    0.50531E-03    0.18362E+04
    0.51552E-03    0.18723E+04
    0.52593E-03    0.19092E+04
    0.53656E-03    0.19468E+04
    0.54739E-03    0.19851E+04
    0.55845E-03    0.20242E+04
    0.56973E-03    0.20640E+04
    0.58124E-03    0.21046E+04
    0.59299E-03    0.21461E+04
    0.60496E-03    0.21883E+04
    0.61719E-03    0.22314E+04
    0.62965E-03    0.22754E+04
    0.64237E-03    0.23202E+04
    0.65535E-03    0.23659E+04
    0.66859E-03    0.24125E+04
    0.68210E-03    0.24600E+04
    0.69588E-03    0.25084E+04
    0.70993E-03    0.25578E+04
    0.72427E-03    0.26081E+04
    0.73891E-03    0.26595E+04
    0.75383E-03    0.27118E+04
    0.76906E-03    0.27652E+04
    0.78460E-03    0.28196E+04
    0.80045E-03    0.28750E+04
    0.81662E-03    0.29315E+04
    0.83311E-03    0.29891E+04
    0.84994E-03    0.30479E+04
    0.86711E-03    0.31077E+04
    0.88463E-03    0.31687E+04
    0.90250E-03    0.32309E+04
    0.92073E-03    0.32942E+04
    0.93933E-03    0.33588E+04
    0.95831E-03    0.34246E+04
    0.97767E-03    0.34916E+04
    0.99742E-03    0.35599E+04
    0.10176E-02    0.36294E+04
    0.10381E-02    0.37003E+04
    0.10591E-02    0.37724E+04
    0.10805E-02    0.38459E+04
    0.11023E-02    0.39208E+04
    0.11246E-02    0.39970E+04
    0.11473E-02    0.40746E+04
    0.11705E-02    0.41536E+04
    0.11941E-02    0.42341E+04
    0.12182E-02    0.43160E+04
    0.12429E-02    0.43993E+04
    0.12680E-02    0.44841E+04
    0.12936E-02    0.45705E+04
    0.13197E-02    0.46583E+04
    0.13464E-02    0.47477E+04
    0.13736E-02    0.48386E+04
    0.14013E-02    0.49311E+04
    0.14296E-02    0.50252E+04
    0.14585E-02    0.51209E+04
    0.14880E-02    0.52182E+04
    0.15180E-02    0.53172E+04
    0.15487E-02    0.54178E+04
    0.15800E-02    0.55201E+04
    0.16119E-02    0.56240E+04
    0.16445E-02    0.57297E+04
    0.16777E-02    0.58372E+04
    0.17116E-02    0.59463E+04
    0.17462E-02    0.60573E+04
    0.17814E-02    0.61700E+04
    0.18174E-02    0.62845E+04
    0.18541E-02    0.64008E+04
    0.18916E-02    0.65189E+04
    0.19298E-02    0.66389E+04
    0.19688E-02    0.67608E+04
    0.20086E-02    0.68845E+04
    0.20491E-02    0.70101E+04
    0.20905E-02    0.71376E+04
    0.21328E-02    0.72670E+04
    0.21758E-02    0.73984E+04
    0.22198E-02    0.75317E+04
    0.22646E-02    0.76669E+04
    0.23104E-02    0.78042E+04
    0.23571E-02    0.79433E+04
    0.24047E-02    0.80845E+04
    0.24533E-02    0.82277E+04
    0.25028E-02    0.83729E+04
    0.25534E-02    0.85201E+04
    0.26050E-02    0.86693E+04
    0.26576E-02    0.88205E+04
    0.27113E-02    0.89738E+04
    0.27660E-02    0.91291E+04
    0.28219E-02    0.92864E+04
    0.28789E-02    0.94458E+04
    0.29371E-02    0.96072E+04
    0.29964E-02    0.97706E+04
    0.30569E-02    0.99361E+04
    0.31187E-02    0.10104E+05
    0.31817E-02    0.10273E+05
    0.32460E-02    0.10445E+05
    0.33115E-02    0.10618E+05
    0.33784E-02    0.10794E+05
    0.34467E-02    0.10972E+05
    0.35163E-02    0.11151E+05
    0.35874E-02    0.11333E+05
    0.36598E-02    0.11516E+05
    0.37338E-02    0.11702E+05
    0.38092E-02    0.11889E+05
    0.38861E-02    0.12079E+05
    0.39646E-02    0.12270E+05
    0.40447E-02    0.12463E+05
    0.41264E-02    0.12658E+05
    0.42098E-02    0.12855E+05
    0.42948E-02    0.13053E+05
    0.43816E-02    0.13253E+05
    0.44701E-02    0.13455E+05
    0.45604E-02    0.13659E+05
    0.46525E-02    0.13864E+05
    0.47465E-02    0.14071E+05
    0.48424E-02    0.14279E+05
    0.49402E-02    0.14489E+05
    0.50400E-02    0.14700E+05
    0.51419E-02    0.14913E+05
    0.52457E-02    0.15126E+05
    0.53517E-02    0.15341E+05
    0.54598E-02    0.15558E+05
    0.55701E-02    0.15775E+05
    0.56826E-02    0.15994E+05
    0.57974E-02    0.16213E+05
    0.59145E-02    0.16433E+05
    0.60340E-02    0.16654E+05
    0.61559E-02    0.16876E+05
    0.62803E-02    0.17098E+05
    0.64072E-02    0.17321E+05
    0.65366E-02    0.17545E+05
    0.66686E-02    0.17768E+05
    0.68033E-02    0.17992E+05
    0.69408E-02    0.18216E+05
    0.70810E-02    0.18440E+05
    0.72240E-02    0.18663E+05
    0.73700E-02    0.18887E+05
    0.75189E-02    0.19109E+05
    0.76708E-02    0.19331E+05
    0.78257E-02    0.19553E+05
    0.79838E-02    0.19773E+05
    0.81451E-02    0.19993E+05
    0.83096E-02    0.20211E+05
    0.84775E-02    0.20429E+05
    0.86488E-02    0.20644E+05
    0.88235E-02    0.20858E+05
    0.90017E-02    0.21070E+05
    0.91836E-02    0.21281E+05
    0.93691E-02    0.21488E+05
    0.95583E-02    0.21694E+05
    0.97514E-02    0.21897E+05
    0.99484E-02    0.22097E+05
    0.10149E-01    0.22294E+05
    0.10354E-01    0.22488E+05
    0.10564E-01    0.22678E+05
    0.10777E-01    0.22865E+05
    0.10995E-01    0.23047E+05
    0.11217E-01    0.23226E+05
    0.11443E-01    0.23400E+05
    0.11675E-01    0.23569E+05
    0.11910E-01    0.23734E+05
    0.12151E-01    0.23893E+05
    0.12397E-01    0.24047E+05
    0.12647E-01    0.24195E+05
    0.12902E-01    0.24338E+05
    0.13163E-01    0.24474E+05
    0.13429E-01    0.24603E+05
    0.13700E-01    0.24726E+05
    0.13977E-01    0.24842E+05
    0.14259E-01    0.24951E+05
    0.14547E-01    0.25051E+05
    0.14841E-01    0.25144E+05
    0.15141E-01    0.25229E+05
    0.15447E-01    0.25305E+05
    0.15759E-01    0.25373E+05
    0.16077E-01    0.25432E+05
    0.16402E-01    0.25481E+05
    0.16734E-01    0.25521E+05
    0.17072E-01    0.25551E+05
    0.17416E-01    0.25571E+05
    0.17768E-01    0.25581E+05
    0.18127E-01    0.25580E+05
    0.18493E-01    0.25569E+05
    0.18867E-01    0.25546E+05
    0.19248E-01    0.25513E+05
    0.19637E-01    0.25468E+05
    0.20034E-01    0.25412E+05
    0.20438E-01    0.25344E+05
    0.20851E-01    0.25265E+05
    0.21272E-01    0.25173E+05
    0.21702E-01    0.25070E+05
    0.22141E-01    0.24955E+05
    0.22588E-01    0.24828E+05
    0.23044E-01    0.24689E+05
    0.23510E-01    0.24539E+05
    0.23985E-01    0.24376E+05
    0.24469E-01    0.24202E+05
    0.24964E-01    0.24017E+05
    0.25468E-01    0.23820E+05
    0.25982E-01    0.23612E+05
    0.26507E-01    0.23394E+05
    0.27043E-01    0.23165E+05
    0.27589E-01    0.22926E+05
    0.28146E-01    0.22678E+05
    0.28715E-01    0.22421E+05
    0.29295E-01    0.22155E+05
    0.29887E-01    0.21880E+05
    0.30490E-01    0.21599E+05
    0.31106E-01    0.21310E+05
    0.31735E-01    0.21016E+05
    0.32376E-01    0.20716E+05
    0.33030E-01    0.20412E+05
    0.33697E-01    0.20103E+05
    0.34378E-01    0.19792E+05
    0.35072E-01    0.19478E+05
    0.35781E-01    0.19163E+05
    0.36504E-01    0.18847E+05
    0.37241E-01    0.18532E+05
    0.37993E-01    0.18217E+05
    0.38761E-01    0.17905E+05
    0.39544E-01    0.17597E+05
    0.40343E-01    0.17292E+05
    0.41158E-01    0.16992E+05
    0.41989E-01    0.16697E+05
    0.42838E-01    0.16408E+05
    0.43703E-01    0.16124E+05
    0.44586E-01    0.15847E+05
    0.45486E-01    0.15577E+05
    0.46405E-01    0.15315E+05
    0.47343E-01    0.15062E+05
    0.48299E-01    0.14819E+05
    0.49275E-01    0.14587E+05
    0.50270E-01    0.14365E+05
    0.51286E-01    0.14152E+05
    0.52322E-01    0.13947E+05
    0.53379E-01    0.13751E+05
    0.54457E-01    0.13560E+05
    0.55557E-01    0.13376E+05
    0.56680E-01    0.13197E+05
    0.57825E-01    0.13023E+05
    0.58993E-01    0.12852E+05
    0.60184E-01    0.12683E+05
    0.61400E-01    0.12516E+05
    0.62641E-01    0.12349E+05
    0.63906E-01    0.12180E+05
    0.65197E-01    0.12010E+05
    0.66514E-01    0.11836E+05
    0.67858E-01    0.11657E+05
    0.69229E-01    0.11472E+05
    0.70627E-01    0.11279E+05
    0.72054E-01    0.11078E+05
    0.73510E-01    0.10867E+05
    0.74994E-01    0.10645E+05
    0.76509E-01    0.10411E+05
    0.78055E-01    0.10165E+05
    0.79632E-01    0.99089E+04
    0.81241E-01    0.96427E+04
    0.82882E-01    0.93685E+04
    0.84556E-01    0.90884E+04
    0.86264E-01    0.88045E+04
    0.88007E-01    0.85196E+04
    0.89785E-01    0.82361E+04
    0.91598E-01    0.79568E+04
    0.93449E-01    0.76841E+04
    0.95337E-01    0.74203E+04
    0.97263E-01    0.71676E+04
    0.99227E-01    0.69280E+04
    0.10123E+00    0.67031E+04
    0.10328E+00    0.64943E+04
    0.10536E+00    0.63027E+04
    0.10749E+00    0.61283E+04
    0.10966E+00    0.59712E+04
    0.11188E+00    0.58303E+04
    0.11414E+00    0.57037E+04
    0.11644E+00    0.55893E+04
    0.11880E+00    0.54840E+04
    0.12120E+00    0.53845E+04
    0.12365E+00    0.52875E+04
    0.12614E+00    0.51893E+04
    0.12869E+00    0.50868E+04
    0.13129E+00    0.49772E+04
    0.13394E+00    0.48581E+04
    0.13665E+00    0.47286E+04
    0.13941E+00    0.45881E+04
    0.14223E+00    0.44379E+04
    0.14510E+00    0.42796E+04
    0.14803E+00    0.41161E+04
    0.15102E+00    0.39505E+04
    0.15407E+00    0.37865E+04
    0.15718E+00    0.36275E+04
    0.16036E+00    0.34772E+04
    0.16360E+00    0.33384E+04
    0.16690E+00    0.32136E+04
    0.17028E+00    0.31039E+04
    0.17371E+00    0.30088E+04
    0.17722E+00    0.29266E+04
    0.18080E+00    0.28542E+04
    0.18446E+00    0.27883E+04
    0.18818E+00    0.27254E+04
    0.19198E+00    0.26617E+04
    0.19586E+00    0.25936E+04
    0.19982E+00    0.25189E+04
    0.20386E+00    0.24365E+04
    0.20797E+00    0.23470E+04
    0.21218E+00    0.22527E+04
    0.21646E+00    0.21573E+04
    0.22083E+00    0.20635E+04
    0.22530E+00    0.19743E+04
    0.22985E+00    0.18926E+04
    0.23449E+00    0.18201E+04
    0.23923E+00    0.17570E+04
    0.24406E+00    0.17022E+04
    0.24899E+00    0.16531E+04
    0.25402E+00    0.16067E+04
    0.25915E+00    0.15602E+04
    0.26439E+00    0.15111E+04
    0.26973E+00    0.14583E+04
    0.27518E+00    0.14020E+04
    0.28074E+00    0.13438E+04
    0.28641E+00    0.12862E+04
    0.29219E+00    0.12313E+04
    0.29810E+00    0.11811E+04
    0.30412E+00    0.11362E+04
    0.31026E+00    0.10963E+04
    0.31653E+00    0.10597E+04
    0.32292E+00    0.10247E+04
    0.32945E+00    0.98951E+03
    0.33610E+00    0.95314E+03
    0.34289E+00    0.91548E+03
    0.34982E+00    0.87747E+03
    0.35689E+00    0.84061E+03
    0.36409E+00    0.80611E+03
    0.37145E+00    0.77442E+03
    0.37895E+00    0.74532E+03
    0.38661E+00    0.71806E+03
    0.39442E+00    0.69158E+03
    0.40239E+00    0.66506E+03
    0.41052E+00    0.63841E+03
    0.41881E+00    0.61207E+03
    0.42727E+00    0.58670E+03
    0.43590E+00    0.56281E+03
    0.44471E+00    0.54050E+03
    0.45369E+00    0.51944E+03
    0.46286E+00    0.49908E+03
    0.47221E+00    0.47912E+03
    0.48174E+00    0.45949E+03
    0.49148E+00    0.44041E+03
    0.50141E+00    0.42221E+03
    0.51153E+00    0.40497E+03
    0.52187E+00    0.38854E+03
    0.53241E+00    0.37276E+03
    0.54317E+00    0.35741E+03
    0.55414E+00    0.34252E+03
    0.56533E+00    0.32820E+03
    0.57675E+00    0.31451E+03
    0.58840E+00    0.30145E+03
    0.60029E+00    0.28891E+03
    0.61242E+00    0.27679E+03
    0.62479E+00    0.26511E+03
    0.63741E+00    0.25390E+03
    0.65029E+00    0.24317E+03
    0.66342E+00    0.23288E+03
    0.67683E+00    0.22300E+03
    0.69050E+00    0.21352E+03
    0.70445E+00    0.20440E+03
    0.71868E+00    0.19566E+03
    0.73320E+00    0.18726E+03
    0.74801E+00    0.17920E+03
    0.76312E+00    0.17147E+03
    0.77854E+00    0.16406E+03
    0.79426E+00    0.15695E+03
    0.81031E+00    0.15013E+03
    0.82668E+00    0.14360E+03
    0.84338E+00    0.13733E+03
    0.86041E+00    0.13133E+03
    0.87780E+00    0.12558E+03
    0.89553E+00    0.12007E+03
    0.91362E+00    0.11479E+03
    0.93208E+00    0.10973E+03
    0.95091E+00    0.10489E+03
    0.97011E+00    0.10025E+03
    0.98971E+00    0.95803E+02
    0.10097E+01    0.91548E+02
    0.10301E+01    0.87473E+02
    0.10509E+01    0.83572E+02
    0.10721E+01    0.79838E+02
    0.10938E+01    0.76264E+02
    0.11159E+01    0.72843E+02
    0.11384E+01    0.69570E+02
    0.11614E+01    0.66438E+02
    0.11849E+01    0.63442E+02
    0.12088E+01    0.60575E+02
    0.12333E+01    0.57834E+02
    0.12582E+01    0.55213E+02
    0.12836E+01    0.52706E+02
    0.13095E+01    0.50309E+02
    0.13360E+01    0.48017E+02
    0.13630E+01    0.45826E+02
    0.13905E+01    0.43732E+02
    0.14186E+01    0.41730E+02
    0.14472E+01    0.39816E+02
    0.14765E+01    0.37987E+02
    0.15063E+01    0.36239E+02
    0.15367E+01    0.34568E+02
    0.15678E+01    0.32972E+02
    0.15994E+01    0.31446E+02
    0.16318E+01    0.29989E+02
    0.16647E+01    0.28596E+02
    0.16984E+01    0.27266E+02
    0.17327E+01    0.25996E+02
    0.17677E+01    0.24784E+02
    0.18034E+01    0.23627E+02
    0.18398E+01    0.22523E+02
    0.18770E+01    0.21469E+02
    0.19149E+01    0.20465E+02
    0.19536E+01    0.19507E+02
    0.19930E+01    0.18594E+02
