    0.10000E-03    0.51241E+03
    0.10202E-03    0.52234E+03
    0.10408E-03    0.53246E+03
    0.10618E-03    0.54278E+03
    0.10833E-03    0.55329E+03
    0.11052E-03    0.56401E+03
    0.11275E-03    0.57494E+03
    0.11503E-03    0.58608E+03
    0.11735E-03    0.59743E+03
    0.11972E-03    0.60900E+03
    0.12214E-03    0.62080E+03
    0.12461E-03    0.63282E+03
    0.12712E-03    0.64508E+03
    0.12969E-03    0.65758E+03
    0.13231E-03    0.67031E+03
    0.13499E-03    0.68329E+03
    0.13771E-03    0.69653E+03
    0.14049E-03    0.71002E+03
    0.14333E-03    0.72377E+03
    0.14623E-03    0.73778E+03
    0.14918E-03    0.75207E+03
    0.15220E-03    0.76663E+03
    0.15527E-03    0.78147E+03
    0.15841E-03    0.79660E+03
    0.16161E-03    0.81202E+03
    0.16487E-03    0.82774E+03
    0.16820E-03    0.84377E+03
    0.17160E-03    0.86010E+03
    0.17507E-03    0.87674E+03
    0.17860E-03    0.89371E+03
    0.18221E-03    0.91101E+03
    0.18589E-03    0.92864E+03
    0.18965E-03    0.94661E+03
    0.19348E-03    0.96492E+03
    0.19739E-03    0.98359E+03
    0.20138E-03    0.10026E+04
    0.20544E-03    0.10220E+04
    0.20959E-03    0.10418E+04
    0.21383E-03    0.10619E+04
    0.21815E-03    0.10825E+04
    0.22255E-03    0.11034E+04
    0.22705E-03    0.11247E+04
    0.23164E-03    0.11465E+04
    0.23632E-03    0.11686E+04
    0.24109E-03    0.11912E+04
    0.24596E-03    0.12142E+04
    0.25093E-03    0.12377E+04
    0.25600E-03    0.12616E+04
    0.26117E-03    0.12860E+04
    0.26645E-03    0.13108E+04
    0.27183E-03    0.13362E+04
    0.27732E-03    0.13620E+04
    0.28292E-03    0.13883E+04
    0.28864E-03    0.14151E+04
    0.29447E-03    0.14424E+04
    0.30042E-03    0.14702E+04
    0.30649E-03    0.14986E+04
    0.31268E-03    0.15275E+04
    0.31899E-03    0.15569E+04
    0.32544E-03    0.15870E+04
    0.33201E-03    0.16176E+04
    0.33872E-03    0.16488E+04
    0.34556E-03    0.16805E+04
    0.35254E-03    0.17129E+04
    0.35966E-03    0.17459E+04
    0.36693E-03    0.17795E+04
    0.37434E-03    0.18138E+04
    0.38190E-03    0.18487E+04
    0.38962E-03    0.18843E+04
    0.39749E-03    0.19205E+04
    0.40552E-03    0.19575E+04
    0.41371E-03    0.19951E+04
    0.42207E-03    0.20335E+04
    0.43060E-03    0.20725E+04
    0.43929E-03    0.21123E+04
    0.44817E-03    0.21529E+04
    0.45722E-03    0.21942E+04
    0.46646E-03    0.22363E+04
    0.47588E-03    0.22792E+04
    0.48550E-03    0.23229E+04
    0.49530E-03    0.23674E+04
    0.50531E-03    0.24128E+04
    0.51552E-03    0.24590E+04
    0.52593E-03    0.25061E+04
    0.53656E-03    0.25540E+04
    0.54739E-03    0.26029E+04
    0.55845E-03    0.26526E+04
    0.56973E-03    0.27033E+04
    0.58124E-03    0.27549E+04
    0.59299E-03    0.28075E+04
    0.60496E-03    0.28610E+04
    0.61719E-03    0.29156E+04
    0.62965E-03    0.29711E+04
    0.64237E-03    0.30277E+04
    0.65535E-03    0.30853E+04
    0.66859E-03    0.31440E+04
    0.68210E-03    0.32037E+04
    0.69588E-03    0.32646E+04
    0.70993E-03    0.33265E+04
    0.72427E-03    0.33896E+04
    0.73891E-03    0.34538E+04
    0.75383E-03    0.35192E+04
    0.76906E-03    0.35858E+04
    0.78460E-03    0.36536E+04
    0.80045E-03    0.37226E+04
    0.81662E-03    0.37929E+04
    0.83311E-03    0.38644E+04
    0.84994E-03    0.39372E+04
    0.86711E-03    0.40113E+04
    0.88463E-03    0.40867E+04
    0.90250E-03    0.41635E+04
    0.92073E-03    0.42416E+04
    0.93933E-03    0.43212E+04
    0.95831E-03    0.44021E+04
    0.97767E-03    0.44844E+04
    0.99742E-03    0.45682E+04
    0.10176E-02    0.46535E+04
    0.10381E-02    0.47402E+04
    0.10591E-02    0.48285E+04
    0.10805E-02    0.49182E+04
    0.11023E-02    0.50096E+04
    0.11246E-02    0.51025E+04
    0.11473E-02    0.51970E+04
    0.11705E-02    0.52931E+04
    0.11941E-02    0.53908E+04
    0.12182E-02    0.54902E+04
    0.12429E-02    0.55913E+04
    0.12680E-02    0.56941E+04
    0.12936E-02    0.57986E+04
    0.13197E-02    0.59048E+04
    0.13464E-02    0.60128E+04
    0.13736E-02    0.61226E+04
    0.14013E-02    0.62341E+04
    0.14296E-02    0.63475E+04
    0.14585E-02    0.64628E+04
    0.14880E-02    0.65799E+04
    0.15180E-02    0.66989E+04
    0.15487E-02    0.68197E+04
    0.15800E-02    0.69425E+04
    0.16119E-02    0.70673E+04
    0.16445E-02    0.71940E+04
    0.16777E-02    0.73227E+04
    0.17116E-02    0.74533E+04
    0.17462E-02    0.75860E+04
    0.17814E-02    0.77207E+04
    0.18174E-02    0.78574E+04
    0.18541E-02    0.79962E+04
    0.18916E-02    0.81370E+04
    0.19298E-02    0.82800E+04
    0.19688E-02    0.84250E+04
    0.20086E-02    0.85722E+04
    0.20491E-02    0.87214E+04
    0.20905E-02    0.88728E+04
    0.21328E-02    0.90264E+04
    0.21758E-02    0.91821E+04
    0.22198E-02    0.93399E+04
    0.22646E-02    0.94999E+04
    0.23104E-02    0.96621E+04
    0.23571E-02    0.98265E+04
    0.24047E-02    0.99931E+04
    0.24533E-02    0.10162E+05
    0.25028E-02    0.10333E+05
    0.25534E-02    0.10506E+05
    0.26050E-02    0.10681E+05
    0.26576E-02    0.10859E+05
    0.27113E-02    0.11038E+05
    0.27660E-02    0.11220E+05
    0.28219E-02    0.11404E+05
    0.28789E-02    0.11590E+05
    0.29371E-02    0.11779E+05
    0.29964E-02    0.11969E+05
    0.30569E-02    0.12162E+05
    0.31187E-02    0.12356E+05
    0.31817E-02    0.12553E+05
    0.32460E-02    0.12752E+05
    0.33115E-02    0.12953E+05
    0.33784E-02    0.13156E+05
    0.34467E-02    0.13361E+05
    0.35163E-02    0.13568E+05
    0.35874E-02    0.13777E+05
    0.36598E-02    0.13988E+05
    0.37338E-02    0.14201E+05
    0.38092E-02    0.14415E+05
    0.38861E-02    0.14632E+05
    0.39646E-02    0.14850E+05
    0.40447E-02    0.15070E+05
    0.41264E-02    0.15291E+05
    0.42098E-02    0.15515E+05
    0.42948E-02    0.15739E+05
    0.43816E-02    0.15966E+05
    0.44701E-02    0.16193E+05
    0.45604E-02    0.16422E+05
    0.46525E-02    0.16653E+05
    0.47465E-02    0.16885E+05
    0.48424E-02    0.17117E+05
    0.49402E-02    0.17351E+05
    0.50400E-02    0.17586E+05
    0.51419E-02    0.17822E+05
    0.52457E-02    0.18059E+05
    0.53517E-02    0.18297E+05
    0.54598E-02    0.18535E+05
    0.55701E-02    0.18774E+05
    0.56826E-02    0.19013E+05
    0.57974E-02    0.19253E+05
    0.59145E-02    0.19493E+05
    0.60340E-02    0.19733E+05
    0.61559E-02    0.19972E+05
    0.62803E-02    0.20212E+05
    0.64072E-02    0.20451E+05
    0.65366E-02    0.20690E+05
    0.66686E-02    0.20928E+05
    0.68033E-02    0.21166E+05
    0.69408E-02    0.21403E+05
    0.70810E-02    0.21639E+05
    0.72240E-02    0.21873E+05
    0.73700E-02    0.22106E+05
    0.75189E-02    0.22338E+05
    0.76708E-02    0.22568E+05
    0.78257E-02    0.22796E+05
    0.79838E-02    0.23021E+05
    0.81451E-02    0.23245E+05
    0.83096E-02    0.23466E+05
    0.84775E-02    0.23684E+05
    0.86488E-02    0.23900E+05
    0.88235E-02    0.24112E+05
    0.90017E-02    0.24321E+05
    0.91836E-02    0.24527E+05
    0.93691E-02    0.24728E+05
    0.95583E-02    0.24926E+05
    0.97514E-02    0.25119E+05
    0.99484E-02    0.25308E+05
    0.10149E-01    0.25491E+05
    0.10354E-01    0.25670E+05
    0.10564E-01    0.25844E+05
    0.10777E-01    0.26012E+05
    0.10995E-01    0.26174E+05
    0.11217E-01    0.26330E+05
    0.11443E-01    0.26479E+05
    0.11675E-01    0.26622E+05
    0.11910E-01    0.26757E+05
    0.12151E-01    0.26885E+05
    0.12397E-01    0.27006E+05
    0.12647E-01    0.27119E+05
    0.12902E-01    0.27224E+05
    0.13163E-01    0.27321E+05
    0.13429E-01    0.27408E+05
    0.13700E-01    0.27487E+05
    0.13977E-01    0.27555E+05
    0.14259E-01    0.27612E+05
    0.14547E-01    0.27658E+05
    0.14841E-01    0.27695E+05
    0.15141E-01    0.27722E+05
    0.15447E-01    0.27742E+05
    0.15759E-01    0.27755E+05
    0.16077E-01    0.27760E+05
    0.16402E-01    0.27757E+05
    0.16734E-01    0.27742E+05
    0.17072E-01    0.27714E+05
    0.17416E-01    0.27669E+05
    0.17768E-01    0.27608E+05
    0.18127E-01    0.27532E+05
    0.18493E-01    0.27442E+05
    0.18867E-01    0.27339E+05
    0.19248E-01    0.27225E+05
    0.19637E-01    0.27099E+05
    0.20034E-01    0.26960E+05
    0.20438E-01    0.26807E+05
    0.20851E-01    0.26638E+05
    0.21272E-01    0.26453E+05
    0.21702E-01    0.26250E+05
    0.22141E-01    0.26033E+05
    0.22588E-01    0.25803E+05
    0.23044E-01    0.25561E+05
    0.23510E-01    0.25309E+05
    0.23985E-01    0.25047E+05
    0.24469E-01    0.24776E+05
    0.24964E-01    0.24496E+05
    0.25468E-01    0.24207E+05
    0.25982E-01    0.23909E+05
    0.26507E-01    0.23603E+05
    0.27043E-01    0.23287E+05
    0.27589E-01    0.22962E+05
    0.28146E-01    0.22629E+05
    0.28715E-01    0.22286E+05
    0.29295E-01    0.21936E+05
    0.29887E-01    0.21578E+05
    0.30490E-01    0.21214E+05
    0.31106E-01    0.20845E+05
    0.31735E-01    0.20472E+05
    0.32376E-01    0.20097E+05
    0.33030E-01    0.19720E+05
    0.33697E-01    0.19343E+05
    0.34378E-01    0.18967E+05
    0.35072E-01    0.18594E+05
    0.35781E-01    0.18225E+05
    0.36504E-01    0.17860E+05
    0.37241E-01    0.17501E+05
    0.37993E-01    0.17147E+05
    0.38761E-01    0.16801E+05
    0.39544E-01    0.16461E+05
    0.40343E-01    0.16130E+05
    0.41158E-01    0.15807E+05
    0.41989E-01    0.15493E+05
    0.42838E-01    0.15188E+05
    0.43703E-01    0.14893E+05
    0.44586E-01    0.14610E+05
    0.45486E-01    0.14339E+05
    0.46405E-01    0.14081E+05
    0.47343E-01    0.13837E+05
    0.48299E-01    0.13605E+05
    0.49275E-01    0.13385E+05
    0.50270E-01    0.13175E+05
    0.51286E-01    0.12975E+05
    0.52322E-01    0.12784E+05
    0.53379E-01    0.12600E+05
    0.54457E-01    0.12423E+05
    0.55557E-01    0.12252E+05
    0.56680E-01    0.12085E+05
    0.57825E-01    0.11922E+05
    0.58993E-01    0.11761E+05
    0.60184E-01    0.11601E+05
    0.61400E-01    0.11441E+05
    0.62641E-01    0.11278E+05
    0.63906E-01    0.11112E+05
    0.65197E-01    0.10940E+05
    0.66514E-01    0.10760E+05
    0.67858E-01    0.10568E+05
    0.69229E-01    0.10364E+05
    0.70627E-01    0.10151E+05
    0.72054E-01    0.99288E+04
    0.73510E-01    0.96986E+04
    0.74994E-01    0.94563E+04
    0.76509E-01    0.91988E+04
    0.78055E-01    0.89266E+04
    0.79632E-01    0.86447E+04
    0.81241E-01    0.83578E+04
    0.82882E-01    0.80688E+04
    0.84556E-01    0.77796E+04
    0.86264E-01    0.74922E+04
    0.88007E-01    0.72096E+04
    0.89785E-01    0.69343E+04
    0.91598E-01    0.66691E+04
    0.93449E-01    0.64163E+04
    0.95337E-01    0.61783E+04
    0.97263E-01    0.59569E+04
    0.99227E-01    0.57541E+04
    0.10123E+00    0.55711E+04
    0.10328E+00    0.54077E+04
    0.10536E+00    0.52639E+04
    0.10749E+00    0.51380E+04
    0.10966E+00    0.50279E+04
    0.11188E+00    0.49308E+04
    0.11414E+00    0.48432E+04
    0.11644E+00    0.47612E+04
    0.11880E+00    0.46809E+04
    0.12120E+00    0.45986E+04
    0.12365E+00    0.45108E+04
    0.12614E+00    0.44146E+04
    0.12869E+00    0.43078E+04
    0.13129E+00    0.41893E+04
    0.13394E+00    0.40589E+04
    0.13665E+00    0.39176E+04
    0.13941E+00    0.37673E+04
    0.14223E+00    0.36107E+04
    0.14510E+00    0.34514E+04
    0.14803E+00    0.32931E+04
    0.15102E+00    0.31403E+04
    0.15407E+00    0.29972E+04
    0.15718E+00    0.28672E+04
    0.16036E+00    0.27529E+04
    0.16360E+00    0.26548E+04
    0.16690E+00    0.25720E+04
    0.17028E+00    0.25022E+04
    0.17371E+00    0.24423E+04
    0.17722E+00    0.23889E+04
    0.18080E+00    0.23382E+04
    0.18446E+00    0.22864E+04
    0.18818E+00    0.22298E+04
    0.19198E+00    0.21653E+04
    0.19586E+00    0.20920E+04
    0.19982E+00    0.20107E+04
    0.20386E+00    0.19240E+04
    0.20797E+00    0.18355E+04
    0.21218E+00    0.17488E+04
    0.21646E+00    0.16672E+04
    0.22083E+00    0.15936E+04
    0.22530E+00    0.15296E+04
    0.22985E+00    0.14754E+04
    0.23449E+00    0.14295E+04
    0.23923E+00    0.13894E+04
    0.24406E+00    0.13520E+04
    0.24899E+00    0.13140E+04
    0.25402E+00    0.12726E+04
    0.25915E+00    0.12269E+04
    0.26439E+00    0.11772E+04
    0.26973E+00    0.11256E+04
    0.27518E+00    0.10742E+04
    0.28074E+00    0.10256E+04
    0.28641E+00    0.98166E+03
    0.29219E+00    0.94331E+03
    0.29810E+00    0.90991E+03
    0.30412E+00    0.87979E+03
    0.31026E+00    0.85099E+03
    0.31653E+00    0.82176E+03
    0.32292E+00    0.79093E+03
    0.32945E+00    0.75848E+03
    0.33610E+00    0.72554E+03
    0.34289E+00    0.69368E+03
    0.34982E+00    0.66407E+03
    0.35689E+00    0.63724E+03
    0.36409E+00    0.61302E+03
    0.37145E+00    0.59051E+03
    0.37895E+00    0.56855E+03
    0.38661E+00    0.54636E+03
    0.39442E+00    0.52386E+03
    0.40239E+00    0.50149E+03
    0.41052E+00    0.48000E+03
    0.41881E+00    0.45993E+03
    0.42727E+00    0.44136E+03
    0.43590E+00    0.42392E+03
    0.44471E+00    0.40710E+03
    0.45369E+00    0.39050E+03
    0.46286E+00    0.37408E+03
    0.47221E+00    0.35816E+03
    0.48174E+00    0.34299E+03
    0.49148E+00    0.32870E+03
    0.50141E+00    0.31517E+03
    0.51153E+00    0.30214E+03
    0.52187E+00    0.28947E+03
    0.53241E+00    0.27714E+03
    0.54317E+00    0.26530E+03
    0.55414E+00    0.25402E+03
    0.56533E+00    0.24328E+03
    0.57675E+00    0.23299E+03
    0.58840E+00    0.22305E+03
    0.60029E+00    0.21346E+03
    0.61242E+00    0.20426E+03
    0.62479E+00    0.19546E+03
    0.63741E+00    0.18705E+03
    0.65029E+00    0.17899E+03
    0.66342E+00    0.17125E+03
    0.67683E+00    0.16383E+03
    0.69050E+00    0.15671E+03
    0.70445E+00    0.14988E+03
    0.71868E+00    0.14333E+03
    0.73320E+00    0.13705E+03
    0.74801E+00    0.13103E+03
    0.76312E+00    0.12526E+03
    0.77854E+00    0.11973E+03
    0.79426E+00    0.11443E+03
    0.81031E+00    0.10936E+03
    0.82668E+00    0.10450E+03
    0.84338E+00    0.99853E+02
    0.86041E+00    0.95399E+02
    0.87780E+00    0.91136E+02
    0.89553E+00    0.87056E+02
    0.91362E+00    0.83151E+02
    0.93208E+00    0.79416E+02
    0.95091E+00    0.75842E+02
    0.97011E+00    0.72423E+02
    0.98971E+00    0.69152E+02
    0.10097E+01    0.66024E+02
    0.10301E+01    0.63033E+02
    0.10509E+01    0.60172E+02
    0.10721E+01    0.57436E+02
    0.10938E+01    0.54821E+02
    0.11159E+01    0.52321E+02
    0.11384E+01    0.49931E+02
    0.11614E+01    0.47646E+02
    0.11849E+01    0.45463E+02
    0.12088E+01    0.43376E+02
    0.12333E+01    0.41382E+02
    0.12582E+01    0.39477E+02
    0.12836E+01    0.37656E+02
    0.13095E+01    0.35917E+02
    0.13360E+01    0.34256E+02
    0.13630E+01    0.32669E+02
    0.13905E+01    0.31153E+02
    0.14186E+01    0.29705E+02
    0.14472E+01    0.28322E+02
    0.14765E+01    0.27002E+02
    0.15063E+01    0.25741E+02
    0.15367E+01    0.24537E+02
    0.15678E+01    0.23388E+02
    0.15994E+01    0.22291E+02
    0.16318E+01    0.21243E+02
    0.16647E+01    0.20244E+02
    0.16984E+01    0.19289E+02
    0.17327E+01    0.18379E+02
    0.17677E+01    0.17510E+02
    0.18034E+01    0.16680E+02
    0.18398E+01    0.15889E+02
    0.18770E+01    0.15134E+02
    0.19149E+01    0.14414E+02
    0.19536E+01    0.13728E+02
    0.19930E+01    0.13073E+02
    0.20333E+01    0.12449E+02
    0.20744E+01    0.11855E+02
    0.21163E+01    0.11288E+02
    0.21590E+01    0.10748E+02
    0.22026E+01    0.10233E+02
    0.22471E+01    0.97432E+01
    0.22925E+01    0.92763E+01
    0.23388E+01    0.88316E+01
    0.23861E+01    0.84081E+01
    0.24343E+01    0.80049E+01
