    0.10000E-03    0.27804E+03
    0.10202E-03    0.28347E+03
    0.10408E-03    0.28902E+03
    0.10618E-03    0.29467E+03
    0.10833E-03    0.30043E+03
    0.11052E-03    0.30630E+03
    0.11275E-03    0.31229E+03
    0.11503E-03    0.31839E+03
    0.11735E-03    0.32461E+03
    0.11972E-03    0.33096E+03
    0.12214E-03    0.33743E+03
    0.12461E-03    0.34402E+03
    0.12712E-03    0.35075E+03
    0.12969E-03    0.35760E+03
    0.13231E-03    0.36459E+03
    0.13499E-03    0.37172E+03
    0.13771E-03    0.37898E+03
    0.14049E-03    0.38639E+03
    0.14333E-03    0.39394E+03
    0.14623E-03    0.40164E+03
    0.14918E-03    0.40949E+03
    0.15220E-03    0.41749E+03
    0.15527E-03    0.42565E+03
    0.15841E-03    0.43396E+03
    0.16161E-03    0.44244E+03
    0.16487E-03    0.45109E+03
    0.16820E-03    0.45990E+03
    0.17160E-03    0.46889E+03
    0.17507E-03    0.47805E+03
    0.17860E-03    0.48739E+03
    0.18221E-03    0.49691E+03
    0.18589E-03    0.50661E+03
    0.18965E-03    0.51651E+03
    0.19348E-03    0.52660E+03
    0.19739E-03    0.53689E+03
    0.20138E-03    0.54737E+03
    0.20544E-03    0.55806E+03
    0.20959E-03    0.56896E+03
    0.21383E-03    0.58007E+03
    0.21815E-03    0.59140E+03
    0.22255E-03    0.60295E+03
    0.22705E-03    0.61472E+03
    0.23164E-03    0.62672E+03
    0.23632E-03    0.63896E+03
    0.24109E-03    0.65143E+03
    0.24596E-03    0.66415E+03
    0.25093E-03    0.67711E+03
    0.25600E-03    0.69033E+03
    0.26117E-03    0.70380E+03
    0.26645E-03    0.71753E+03
    0.27183E-03    0.73153E+03
    0.27732E-03    0.74581E+03
    0.28292E-03    0.76036E+03
    0.28864E-03    0.77519E+03
    0.29447E-03    0.79031E+03
    0.30042E-03    0.80573E+03
    0.30649E-03    0.82144E+03
    0.31268E-03    0.83746E+03
    0.31899E-03    0.85379E+03
    0.32544E-03    0.87043E+03
    0.33201E-03    0.88740E+03
    0.33872E-03    0.90470E+03
    0.34556E-03    0.92233E+03
    0.35254E-03    0.94030E+03
    0.35966E-03    0.95862E+03
    0.36693E-03    0.97730E+03
    0.37434E-03    0.99633E+03
    0.38190E-03    0.10157E+04
    0.38962E-03    0.10355E+04
    0.39749E-03    0.10557E+04
    0.40552E-03    0.10762E+04
    0.41371E-03    0.10972E+04
    0.42207E-03    0.11185E+04
    0.43060E-03    0.11403E+04
    0.43929E-03    0.11625E+04
    0.44817E-03    0.11851E+04
    0.45722E-03    0.12081E+04
    0.46646E-03    0.12316E+04
    0.47588E-03    0.12555E+04
    0.48550E-03    0.12799E+04
    0.49530E-03    0.13048E+04
    0.50531E-03    0.13301E+04
    0.51552E-03    0.13559E+04
    0.52593E-03    0.13823E+04
    0.53656E-03    0.14091E+04
    0.54739E-03    0.14364E+04
    0.55845E-03    0.14643E+04
    0.56973E-03    0.14927E+04
    0.58124E-03    0.15216E+04
    0.59299E-03    0.15511E+04
    0.60496E-03    0.15811E+04
    0.61719E-03    0.16117E+04
    0.62965E-03    0.16429E+04
    0.64237E-03    0.16747E+04
    0.65535E-03    0.17071E+04
    0.66859E-03    0.17401E+04
    0.68210E-03    0.17738E+04
    0.69588E-03    0.18080E+04
    0.70993E-03    0.18429E+04
    0.72427E-03    0.18785E+04
    0.73891E-03    0.19147E+04
    0.75383E-03    0.19517E+04
    0.76906E-03    0.19893E+04
    0.78460E-03    0.20276E+04
    0.80045E-03    0.20666E+04
    0.81662E-03    0.21064E+04
    0.83311E-03    0.21469E+04
    0.84994E-03    0.21882E+04
    0.86711E-03    0.22302E+04
    0.88463E-03    0.22731E+04
    0.90250E-03    0.23167E+04
    0.92073E-03    0.23611E+04
    0.93933E-03    0.24063E+04
    0.95831E-03    0.24524E+04
    0.97767E-03    0.24994E+04
    0.99742E-03    0.25472E+04
    0.10176E-02    0.25958E+04
    0.10381E-02    0.26454E+04
    0.10591E-02    0.26959E+04
    0.10805E-02    0.27473E+04
    0.11023E-02    0.27996E+04
    0.11246E-02    0.28529E+04
    0.11473E-02    0.29072E+04
    0.11705E-02    0.29624E+04
    0.11941E-02    0.30186E+04
    0.12182E-02    0.30759E+04
    0.12429E-02    0.31342E+04
    0.12680E-02    0.31935E+04
    0.12936E-02    0.32539E+04
    0.13197E-02    0.33154E+04
    0.13464E-02    0.33779E+04
    0.13736E-02    0.34416E+04
    0.14013E-02    0.35064E+04
    0.14296E-02    0.35723E+04
    0.14585E-02    0.36394E+04
    0.14880E-02    0.37076E+04
    0.15180E-02    0.37771E+04
    0.15487E-02    0.38478E+04
    0.15800E-02    0.39197E+04
    0.16119E-02    0.39928E+04
    0.16445E-02    0.40672E+04
    0.16777E-02    0.41428E+04
    0.17116E-02    0.42198E+04
    0.17462E-02    0.42980E+04
    0.17814E-02    0.43776E+04
    0.18174E-02    0.44585E+04
    0.18541E-02    0.45408E+04
    0.18916E-02    0.46245E+04
    0.19298E-02    0.47095E+04
    0.19688E-02    0.47959E+04
    0.20086E-02    0.48838E+04
    0.20491E-02    0.49731E+04
    0.20905E-02    0.50639E+04
    0.21328E-02    0.51561E+04
    0.21758E-02    0.52498E+04
    0.22198E-02    0.53450E+04
    0.22646E-02    0.54417E+04
    0.23104E-02    0.55400E+04
    0.23571E-02    0.56397E+04
    0.24047E-02    0.57411E+04
    0.24533E-02    0.58440E+04
    0.25028E-02    0.59485E+04
    0.25534E-02    0.60545E+04
    0.26050E-02    0.61622E+04
    0.26576E-02    0.62715E+04
    0.27113E-02    0.63825E+04
    0.27660E-02    0.64950E+04
    0.28219E-02    0.66092E+04
    0.28789E-02    0.67251E+04
    0.29371E-02    0.68427E+04
    0.29964E-02    0.69619E+04
    0.30569E-02    0.70828E+04
    0.31187E-02    0.72054E+04
    0.31817E-02    0.73297E+04
    0.32460E-02    0.74557E+04
    0.33115E-02    0.75834E+04
    0.33784E-02    0.77128E+04
    0.34467E-02    0.78440E+04
    0.35163E-02    0.79768E+04
    0.35874E-02    0.81114E+04
    0.36598E-02    0.82477E+04
    0.37338E-02    0.83857E+04
    0.38092E-02    0.85254E+04
    0.38861E-02    0.86668E+04
    0.39646E-02    0.88099E+04
    0.40447E-02    0.89548E+04
    0.41264E-02    0.91013E+04
    0.42098E-02    0.92495E+04
    0.42948E-02    0.93994E+04
    0.43816E-02    0.95509E+04
    0.44701E-02    0.97041E+04
    0.45604E-02    0.98589E+04
    0.46525E-02    0.10015E+05
    0.47465E-02    0.10173E+05
    0.48424E-02    0.10333E+05
    0.49402E-02    0.10494E+05
    0.50400E-02    0.10657E+05
    0.51419E-02    0.10821E+05
    0.52457E-02    0.10987E+05
    0.53517E-02    0.11154E+05
    0.54598E-02    0.11323E+05
    0.55701E-02    0.11493E+05
    0.56826E-02    0.11664E+05
    0.57974E-02    0.11836E+05
    0.59145E-02    0.12010E+05
    0.60340E-02    0.12185E+05
    0.61559E-02    0.12362E+05
    0.62803E-02    0.12539E+05
    0.64072E-02    0.12718E+05
    0.65366E-02    0.12897E+05
    0.66686E-02    0.13078E+05
    0.68033E-02    0.13259E+05
    0.69408E-02    0.13441E+05
    0.70810E-02    0.13624E+05
    0.72240E-02    0.13808E+05
    0.73700E-02    0.13992E+05
    0.75189E-02    0.14176E+05
    0.76708E-02    0.14361E+05
    0.78257E-02    0.14547E+05
    0.79838E-02    0.14733E+05
    0.81451E-02    0.14918E+05
    0.83096E-02    0.15104E+05
    0.84775E-02    0.15290E+05
    0.86488E-02    0.15476E+05
    0.88235E-02    0.15661E+05
    0.90017E-02    0.15847E+05
    0.91836E-02    0.16031E+05
    0.93691E-02    0.16215E+05
    0.95583E-02    0.16398E+05
    0.97514E-02    0.16581E+05
    0.99484E-02    0.16762E+05
    0.10149E-01    0.16943E+05
    0.10354E-01    0.17122E+05
    0.10564E-01    0.17299E+05
    0.10777E-01    0.17475E+05
    0.10995E-01    0.17650E+05
    0.11217E-01    0.17822E+05
    0.11443E-01    0.17993E+05
    0.11675E-01    0.18161E+05
    0.11910E-01    0.18326E+05
    0.12151E-01    0.18489E+05
    0.12397E-01    0.18649E+05
    0.12647E-01    0.18806E+05
    0.12902E-01    0.18960E+05
    0.13163E-01    0.19111E+05
    0.13429E-01    0.19258E+05
    0.13700E-01    0.19401E+05
    0.13977E-01    0.19540E+05
    0.14259E-01    0.19675E+05
    0.14547E-01    0.19806E+05
    0.14841E-01    0.19932E+05
    0.15141E-01    0.20053E+05
    0.15447E-01    0.20168E+05
    0.15759E-01    0.20279E+05
    0.16077E-01    0.20384E+05
    0.16402E-01    0.20483E+05
    0.16734E-01    0.20576E+05
    0.17072E-01    0.20662E+05
    0.17416E-01    0.20743E+05
    0.17768E-01    0.20816E+05
    0.18127E-01    0.20883E+05
    0.18493E-01    0.20942E+05
    0.18867E-01    0.20994E+05
    0.19248E-01    0.21038E+05
    0.19637E-01    0.21075E+05
    0.20034E-01    0.21103E+05
    0.20438E-01    0.21124E+05
    0.20851E-01    0.21136E+05
    0.21272E-01    0.21139E+05
    0.21702E-01    0.21134E+05
    0.22141E-01    0.21120E+05
    0.22588E-01    0.21097E+05
    0.23044E-01    0.21065E+05
    0.23510E-01    0.21024E+05
    0.23985E-01    0.20973E+05
    0.24469E-01    0.20914E+05
    0.24964E-01    0.20845E+05
    0.25468E-01    0.20766E+05
    0.25982E-01    0.20679E+05
    0.26507E-01    0.20582E+05
    0.27043E-01    0.20476E+05
    0.27589E-01    0.20361E+05
    0.28146E-01    0.20237E+05
    0.28715E-01    0.20104E+05
    0.29295E-01    0.19963E+05
    0.29887E-01    0.19813E+05
    0.30490E-01    0.19655E+05
    0.31106E-01    0.19490E+05
    0.31735E-01    0.19317E+05
    0.32376E-01    0.19137E+05
    0.33030E-01    0.18951E+05
    0.33697E-01    0.18758E+05
    0.34378E-01    0.18560E+05
    0.35072E-01    0.18356E+05
    0.35781E-01    0.18148E+05
    0.36504E-01    0.17936E+05
    0.37241E-01    0.17720E+05
    0.37993E-01    0.17502E+05
    0.38761E-01    0.17281E+05
    0.39544E-01    0.17058E+05
    0.40343E-01    0.16835E+05
    0.41158E-01    0.16610E+05
    0.41989E-01    0.16386E+05
    0.42838E-01    0.16162E+05
    0.43703E-01    0.15939E+05
    0.44586E-01    0.15718E+05
    0.45486E-01    0.15499E+05
    0.46405E-01    0.15284E+05
    0.47343E-01    0.15072E+05
    0.48299E-01    0.14864E+05
    0.49275E-01    0.14661E+05
    0.50270E-01    0.14463E+05
    0.51286E-01    0.14271E+05
    0.52322E-01    0.14084E+05
    0.53379E-01    0.13902E+05
    0.54457E-01    0.13725E+05
    0.55557E-01    0.13553E+05
    0.56680E-01    0.13386E+05
    0.57825E-01    0.13222E+05
    0.58993E-01    0.13061E+05
    0.60184E-01    0.12903E+05
    0.61400E-01    0.12747E+05
    0.62641E-01    0.12593E+05
    0.63906E-01    0.12438E+05
    0.65197E-01    0.12283E+05
    0.66514E-01    0.12128E+05
    0.67858E-01    0.11970E+05
    0.69229E-01    0.11809E+05
    0.70627E-01    0.11644E+05
    0.72054E-01    0.11475E+05
    0.73510E-01    0.11300E+05
    0.74994E-01    0.11118E+05
    0.76509E-01    0.10930E+05
    0.78055E-01    0.10733E+05
    0.79632E-01    0.10527E+05
    0.81241E-01    0.10314E+05
    0.82882E-01    0.10092E+05
    0.84556E-01    0.98633E+04
    0.86264E-01    0.96280E+04
    0.88007E-01    0.93871E+04
    0.89785E-01    0.91417E+04
    0.91598E-01    0.88933E+04
    0.93449E-01    0.86441E+04
    0.95337E-01    0.83958E+04
    0.97263E-01    0.81506E+04
    0.99227E-01    0.79103E+04
    0.10123E+00    0.76767E+04
    0.10328E+00    0.74518E+04
    0.10536E+00    0.72370E+04
    0.10749E+00    0.70338E+04
    0.10966E+00    0.68431E+04
    0.11188E+00    0.66659E+04
    0.11414E+00    0.65021E+04
    0.11644E+00    0.63516E+04
    0.11880E+00    0.62134E+04
    0.12120E+00    0.60858E+04
    0.12365E+00    0.59667E+04
    0.12614E+00    0.58536E+04
    0.12869E+00    0.57436E+04
    0.13129E+00    0.56340E+04
    0.13394E+00    0.55222E+04
    0.13665E+00    0.54060E+04
    0.13941E+00    0.52836E+04
    0.14223E+00    0.51540E+04
    0.14510E+00    0.50166E+04
    0.14803E+00    0.48717E+04
    0.15102E+00    0.47203E+04
    0.15407E+00    0.45642E+04
    0.15718E+00    0.44054E+04
    0.16036E+00    0.42466E+04
    0.16360E+00    0.40904E+04
    0.16690E+00    0.39397E+04
    0.17028E+00    0.37970E+04
    0.17371E+00    0.36645E+04
    0.17722E+00    0.35438E+04
    0.18080E+00    0.34356E+04
    0.18446E+00    0.33391E+04
    0.18818E+00    0.32526E+04
    0.19198E+00    0.31733E+04
    0.19586E+00    0.30977E+04
    0.19982E+00    0.30230E+04
    0.20386E+00    0.29464E+04
    0.20797E+00    0.28660E+04
    0.21218E+00    0.27805E+04
    0.21646E+00    0.26896E+04
    0.22083E+00    0.25941E+04
    0.22530E+00    0.24961E+04
    0.22985E+00    0.23984E+04
    0.23449E+00    0.23040E+04
    0.23923E+00    0.22151E+04
    0.24406E+00    0.21336E+04
    0.24899E+00    0.20600E+04
    0.25402E+00    0.19941E+04
    0.25915E+00    0.19344E+04
    0.26439E+00    0.18787E+04
    0.26973E+00    0.18243E+04
    0.27518E+00    0.17690E+04
    0.28074E+00    0.17115E+04
    0.28641E+00    0.16513E+04
    0.29219E+00    0.15892E+04
    0.29810E+00    0.15267E+04
    0.30412E+00    0.14660E+04
    0.31026E+00    0.14089E+04
    0.31653E+00    0.13563E+04
    0.32292E+00    0.13083E+04
    0.32945E+00    0.12643E+04
    0.33610E+00    0.12227E+04
    0.34289E+00    0.11819E+04
    0.34982E+00    0.11406E+04
    0.35689E+00    0.10986E+04
    0.36409E+00    0.10562E+04
    0.37145E+00    0.10144E+04
    0.37895E+00    0.97433E+03
    0.38661E+00    0.93681E+03
    0.39442E+00    0.90201E+03
    0.40239E+00    0.86935E+03
    0.41052E+00    0.83796E+03
    0.41881E+00    0.80709E+03
    0.42727E+00    0.77640E+03
    0.43590E+00    0.74598E+03
    0.44471E+00    0.71632E+03
    0.45369E+00    0.68796E+03
    0.46286E+00    0.66122E+03
    0.47221E+00    0.63591E+03
    0.48174E+00    0.61162E+03
    0.49148E+00    0.58799E+03
    0.50141E+00    0.56484E+03
    0.51153E+00    0.54227E+03
    0.52187E+00    0.52049E+03
    0.53241E+00    0.49972E+03
    0.54317E+00    0.47993E+03
    0.55414E+00    0.46090E+03
    0.56533E+00    0.44251E+03
    0.57675E+00    0.42466E+03
    0.58840E+00    0.40740E+03
    0.60029E+00    0.39083E+03
    0.61242E+00    0.37497E+03
    0.62479E+00    0.35974E+03
    0.63741E+00    0.34506E+03
    0.65029E+00    0.33090E+03
    0.66342E+00    0.31726E+03
    0.67683E+00    0.30416E+03
    0.69050E+00    0.29158E+03
    0.70445E+00    0.27951E+03
    0.71868E+00    0.26789E+03
    0.73320E+00    0.25672E+03
    0.74801E+00    0.24599E+03
    0.76312E+00    0.23567E+03
    0.77854E+00    0.22576E+03
    0.79426E+00    0.21624E+03
    0.81031E+00    0.20709E+03
    0.82668E+00    0.19831E+03
    0.84338E+00    0.18988E+03
    0.86041E+00    0.18179E+03
    0.87780E+00    0.17402E+03
    0.89553E+00    0.16657E+03
    0.91362E+00    0.15943E+03
    0.93208E+00    0.15257E+03
    0.95091E+00    0.14599E+03
    0.97011E+00    0.13968E+03
    0.98971E+00    0.13364E+03
    0.10097E+01    0.12784E+03
    0.10301E+01    0.12228E+03
    0.10509E+01    0.11695E+03
    0.10721E+01    0.11184E+03
    0.10938E+01    0.10694E+03
    0.11159E+01    0.10225E+03
    0.11384E+01    0.97749E+02
    0.11614E+01    0.93441E+02
    0.11849E+01    0.89314E+02
    0.12088E+01    0.85362E+02
    0.12333E+01    0.81577E+02
    0.12582E+01    0.77953E+02
    0.12836E+01    0.74483E+02
    0.13095E+01    0.71161E+02
    0.13360E+01    0.67982E+02
    0.13630E+01    0.64939E+02
    0.13905E+01    0.62027E+02
    0.14186E+01    0.59241E+02
    0.14472E+01    0.56575E+02
    0.14765E+01    0.54025E+02
    0.15063E+01    0.51585E+02
    0.15367E+01    0.49251E+02
    0.15678E+01    0.47018E+02
    0.15994E+01    0.44882E+02
    0.16318E+01    0.42839E+02
    0.16647E+01    0.40885E+02
    0.16984E+01    0.39017E+02
    0.17327E+01    0.37230E+02
    0.17677E+01    0.35522E+02
    0.18034E+01    0.33890E+02
    0.18398E+01    0.32330E+02
    0.18770E+01    0.30840E+02
    0.19149E+01    0.29417E+02
    0.19536E+01    0.28059E+02
    0.19930E+01    0.26762E+02
    0.20333E+01    0.25525E+02
    0.20744E+01    0.24344E+02
    0.21163E+01    0.23218E+02
