    0.10000E-03    0.73305E+03
    0.10202E-03    0.74738E+03
    0.10408E-03    0.76198E+03
    0.10618E-03    0.77686E+03
    0.10833E-03    0.79204E+03
    0.11052E-03    0.80751E+03
    0.11275E-03    0.82328E+03
    0.11503E-03    0.83936E+03
    0.11735E-03    0.85575E+03
    0.11972E-03    0.87247E+03
    0.12214E-03    0.88951E+03
    0.12461E-03    0.90688E+03
    0.12712E-03    0.92459E+03
    0.12969E-03    0.94264E+03
    0.13231E-03    0.96104E+03
    0.13499E-03    0.97981E+03
    0.13771E-03    0.99893E+03
    0.14049E-03    0.10184E+04
    0.14333E-03    0.10383E+04
    0.14623E-03    0.10586E+04
    0.14918E-03    0.10792E+04
    0.15220E-03    0.11003E+04
    0.15527E-03    0.11218E+04
    0.15841E-03    0.11437E+04
    0.16161E-03    0.11660E+04
    0.16487E-03    0.11887E+04
    0.16820E-03    0.12119E+04
    0.17160E-03    0.12355E+04
    0.17507E-03    0.12596E+04
    0.17860E-03    0.12842E+04
    0.18221E-03    0.13092E+04
    0.18589E-03    0.13348E+04
    0.18965E-03    0.13608E+04
    0.19348E-03    0.13873E+04
    0.19739E-03    0.14144E+04
    0.20138E-03    0.14419E+04
    0.20544E-03    0.14700E+04
    0.20959E-03    0.14986E+04
    0.21383E-03    0.15278E+04
    0.21815E-03    0.15576E+04
    0.22255E-03    0.15879E+04
    0.22705E-03    0.16188E+04
    0.23164E-03    0.16504E+04
    0.23632E-03    0.16825E+04
    0.24109E-03    0.17152E+04
    0.24596E-03    0.17486E+04
    0.25093E-03    0.17826E+04
    0.25600E-03    0.18173E+04
    0.26117E-03    0.18526E+04
    0.26645E-03    0.18886E+04
    0.27183E-03    0.19253E+04
    0.27732E-03    0.19627E+04
    0.28292E-03    0.20008E+04
    0.28864E-03    0.20397E+04
    0.29447E-03    0.20793E+04
    0.30042E-03    0.21196E+04
    0.30649E-03    0.21608E+04
    0.31268E-03    0.22027E+04
    0.31899E-03    0.22454E+04
    0.32544E-03    0.22889E+04
    0.33201E-03    0.23333E+04
    0.33872E-03    0.23785E+04
    0.34556E-03    0.24245E+04
    0.35254E-03    0.24715E+04
    0.35966E-03    0.25193E+04
    0.36693E-03    0.25680E+04
    0.37434E-03    0.26177E+04
    0.38190E-03    0.26682E+04
    0.38962E-03    0.27198E+04
    0.39749E-03    0.27723E+04
    0.40552E-03    0.28258E+04
    0.41371E-03    0.28803E+04
    0.42207E-03    0.29359E+04
    0.43060E-03    0.29924E+04
    0.43929E-03    0.30501E+04
    0.44817E-03    0.31088E+04
    0.45722E-03    0.31686E+04
    0.46646E-03    0.32295E+04
    0.47588E-03    0.32916E+04
    0.48550E-03    0.33548E+04
    0.49530E-03    0.34192E+04
    0.50531E-03    0.34848E+04
    0.51552E-03    0.35516E+04
    0.52593E-03    0.36196E+04
    0.53656E-03    0.36889E+04
    0.54739E-03    0.37594E+04
    0.55845E-03    0.38312E+04
    0.56973E-03    0.39044E+04
    0.58124E-03    0.39789E+04
    0.59299E-03    0.40547E+04
    0.60496E-03    0.41320E+04
    0.61719E-03    0.42106E+04
    0.62965E-03    0.42906E+04
    0.64237E-03    0.43721E+04
    0.65535E-03    0.44551E+04
    0.66859E-03    0.45396E+04
    0.68210E-03    0.46255E+04
    0.69588E-03    0.47130E+04
    0.70993E-03    0.48021E+04
    0.72427E-03    0.48927E+04
    0.73891E-03    0.49850E+04
    0.75383E-03    0.50788E+04
    0.76906E-03    0.51743E+04
    0.78460E-03    0.52715E+04
    0.80045E-03    0.53704E+04
    0.81662E-03    0.54711E+04
    0.83311E-03    0.55734E+04
    0.84994E-03    0.56775E+04
    0.86711E-03    0.57835E+04
    0.88463E-03    0.58912E+04
    0.90250E-03    0.60008E+04
    0.92073E-03    0.61122E+04
    0.93933E-03    0.62256E+04
    0.95831E-03    0.63408E+04
    0.97767E-03    0.64580E+04
    0.99742E-03    0.65771E+04
    0.10176E-02    0.66983E+04
    0.10381E-02    0.68214E+04
    0.10591E-02    0.69465E+04
    0.10805E-02    0.70737E+04
    0.11023E-02    0.72030E+04
    0.11246E-02    0.73344E+04
    0.11473E-02    0.74679E+04
    0.11705E-02    0.76035E+04
    0.11941E-02    0.77412E+04
    0.12182E-02    0.78812E+04
    0.12429E-02    0.80233E+04
    0.12680E-02    0.81677E+04
    0.12936E-02    0.83143E+04
    0.13197E-02    0.84631E+04
    0.13464E-02    0.86143E+04
    0.13736E-02    0.87677E+04
    0.14013E-02    0.89234E+04
    0.14296E-02    0.90814E+04
    0.14585E-02    0.92418E+04
    0.14880E-02    0.94045E+04
    0.15180E-02    0.95696E+04
    0.15487E-02    0.97370E+04
    0.15800E-02    0.99068E+04
    0.16119E-02    0.10079E+05
    0.16445E-02    0.10254E+05
    0.16777E-02    0.10431E+05
    0.17116E-02    0.10610E+05
    0.17462E-02    0.10792E+05
    0.17814E-02    0.10976E+05
    0.18174E-02    0.11163E+05
    0.18541E-02    0.11352E+05
    0.18916E-02    0.11544E+05
    0.19298E-02    0.11738E+05
    0.19688E-02    0.11934E+05
    0.20086E-02    0.12133E+05
    0.20491E-02    0.12334E+05
    0.20905E-02    0.12538E+05
    0.21328E-02    0.12744E+05
    0.21758E-02    0.12953E+05
    0.22198E-02    0.13163E+05
    0.22646E-02    0.13377E+05
    0.23104E-02    0.13592E+05
    0.23571E-02    0.13810E+05
    0.24047E-02    0.14030E+05
    0.24533E-02    0.14252E+05
    0.25028E-02    0.14477E+05
    0.25534E-02    0.14704E+05
    0.26050E-02    0.14933E+05
    0.26576E-02    0.15164E+05
    0.27113E-02    0.15397E+05
    0.27660E-02    0.15633E+05
    0.28219E-02    0.15870E+05
    0.28789E-02    0.16109E+05
    0.29371E-02    0.16351E+05
    0.29964E-02    0.16594E+05
    0.30569E-02    0.16839E+05
    0.31187E-02    0.17086E+05
    0.31817E-02    0.17334E+05
    0.32460E-02    0.17585E+05
    0.33115E-02    0.17836E+05
    0.33784E-02    0.18090E+05
    0.34467E-02    0.18344E+05
    0.35163E-02    0.18601E+05
    0.35874E-02    0.18858E+05
    0.36598E-02    0.19117E+05
    0.37338E-02    0.19377E+05
    0.38092E-02    0.19637E+05
    0.38861E-02    0.19899E+05
    0.39646E-02    0.20162E+05
    0.40447E-02    0.20425E+05
    0.41264E-02    0.20689E+05
    0.42098E-02    0.20954E+05
    0.42948E-02    0.21219E+05
    0.43816E-02    0.21484E+05
    0.44701E-02    0.21749E+05
    0.45604E-02    0.22015E+05
    0.46525E-02    0.22280E+05
    0.47465E-02    0.22545E+05
    0.48424E-02    0.22810E+05
    0.49402E-02    0.23074E+05
    0.50400E-02    0.23338E+05
    0.51419E-02    0.23601E+05
    0.52457E-02    0.23863E+05
    0.53517E-02    0.24124E+05
    0.54598E-02    0.24383E+05
    0.55701E-02    0.24641E+05
    0.56826E-02    0.24897E+05
    0.57974E-02    0.25151E+05
    0.59145E-02    0.25403E+05
    0.60340E-02    0.25653E+05
    0.61559E-02    0.25900E+05
    0.62803E-02    0.26145E+05
    0.64072E-02    0.26386E+05
    0.65366E-02    0.26625E+05
    0.66686E-02    0.26860E+05
    0.68033E-02    0.27091E+05
    0.69408E-02    0.27318E+05
    0.70810E-02    0.27542E+05
    0.72240E-02    0.27761E+05
    0.73700E-02    0.27976E+05
    0.75189E-02    0.28186E+05
    0.76708E-02    0.28391E+05
    0.78257E-02    0.28590E+05
    0.79838E-02    0.28785E+05
    0.81451E-02    0.28973E+05
    0.83096E-02    0.29155E+05
    0.84775E-02    0.29331E+05
    0.86488E-02    0.29501E+05
    0.88235E-02    0.29663E+05
    0.90017E-02    0.29818E+05
    0.91836E-02    0.29965E+05
    0.93691E-02    0.30104E+05
    0.95583E-02    0.30236E+05
    0.97514E-02    0.30358E+05
    0.99484E-02    0.30472E+05
    0.10149E-01    0.30577E+05
    0.10354E-01    0.30672E+05
    0.10564E-01    0.30758E+05
    0.10777E-01    0.30834E+05
    0.10995E-01    0.30899E+05
    0.11217E-01    0.30953E+05
    0.11443E-01    0.30997E+05
    0.11675E-01    0.31029E+05
    0.11910E-01    0.31049E+05
    0.12151E-01    0.31058E+05
    0.12397E-01    0.31054E+05
    0.12647E-01    0.31038E+05
    0.12902E-01    0.31009E+05
    0.13163E-01    0.30966E+05
    0.13429E-01    0.30911E+05
    0.13700E-01    0.30841E+05
    0.13977E-01    0.30758E+05
    0.14259E-01    0.30660E+05
    0.14547E-01    0.30548E+05
    0.14841E-01    0.30422E+05
    0.15141E-01    0.30281E+05
    0.15447E-01    0.30125E+05
    0.15759E-01    0.29953E+05
    0.16077E-01    0.29767E+05
    0.16402E-01    0.29565E+05
    0.16734E-01    0.29348E+05
    0.17072E-01    0.29115E+05
    0.17416E-01    0.28867E+05
    0.17768E-01    0.28604E+05
    0.18127E-01    0.28325E+05
    0.18493E-01    0.28032E+05
    0.18867E-01    0.27723E+05
    0.19248E-01    0.27399E+05
    0.19637E-01    0.27061E+05
    0.20034E-01    0.26709E+05
    0.20438E-01    0.26343E+05
    0.20851E-01    0.25964E+05
    0.21272E-01    0.25571E+05
    0.21702E-01    0.25166E+05
    0.22141E-01    0.24750E+05
    0.22588E-01    0.24322E+05
    0.23044E-01    0.23883E+05
    0.23510E-01    0.23435E+05
    0.23985E-01    0.22978E+05
    0.24469E-01    0.22513E+05
    0.24964E-01    0.22041E+05
    0.25468E-01    0.21563E+05
    0.25982E-01    0.21080E+05
    0.26507E-01    0.20592E+05
    0.27043E-01    0.20102E+05
    0.27589E-01    0.19610E+05
    0.28146E-01    0.19118E+05
    0.28715E-01    0.18626E+05
    0.29295E-01    0.18137E+05
    0.29887E-01    0.17650E+05
    0.30490E-01    0.17168E+05
    0.31106E-01    0.16692E+05
    0.31735E-01    0.16223E+05
    0.32376E-01    0.15762E+05
    0.33030E-01    0.15310E+05
    0.33697E-01    0.14869E+05
    0.34378E-01    0.14440E+05
    0.35072E-01    0.14023E+05
    0.35781E-01    0.13620E+05
    0.36504E-01    0.13231E+05
    0.37241E-01    0.12858E+05
    0.37993E-01    0.12501E+05
    0.38761E-01    0.12160E+05
    0.39544E-01    0.11836E+05
    0.40343E-01    0.11529E+05
    0.41158E-01    0.11239E+05
    0.41989E-01    0.10968E+05
    0.42838E-01    0.10715E+05
    0.43703E-01    0.10481E+05
    0.44586E-01    0.10266E+05
    0.45486E-01    0.10069E+05
    0.46405E-01    0.98874E+04
    0.47343E-01    0.97201E+04
    0.48299E-01    0.95658E+04
    0.49275E-01    0.94231E+04
    0.50270E-01    0.92907E+04
    0.51286E-01    0.91672E+04
    0.52322E-01    0.90516E+04
    0.53379E-01    0.89421E+04
    0.54457E-01    0.88370E+04
    0.55557E-01    0.87348E+04
    0.56680E-01    0.86336E+04
    0.57825E-01    0.85311E+04
    0.58993E-01    0.84248E+04
    0.60184E-01    0.83125E+04
    0.61400E-01    0.81916E+04
    0.62641E-01    0.80597E+04
    0.63906E-01    0.79146E+04
    0.65197E-01    0.77545E+04
    0.66514E-01    0.75783E+04
    0.67858E-01    0.73854E+04
    0.69229E-01    0.71758E+04
    0.70627E-01    0.69509E+04
    0.72054E-01    0.67122E+04
    0.73510E-01    0.64619E+04
    0.74994E-01    0.62024E+04
    0.76509E-01    0.59364E+04
    0.78055E-01    0.56673E+04
    0.79632E-01    0.53982E+04
    0.81241E-01    0.51325E+04
    0.82882E-01    0.48736E+04
    0.84556E-01    0.46245E+04
    0.86264E-01    0.43887E+04
    0.88007E-01    0.41693E+04
    0.89785E-01    0.39688E+04
    0.91598E-01    0.37892E+04
    0.93449E-01    0.36318E+04
    0.95337E-01    0.34974E+04
    0.97263E-01    0.33851E+04
    0.99227E-01    0.32938E+04
    0.10123E+00    0.32212E+04
    0.10328E+00    0.31644E+04
    0.10536E+00    0.31202E+04
    0.10749E+00    0.30847E+04
    0.10966E+00    0.30538E+04
    0.11188E+00    0.30233E+04
    0.11414E+00    0.29892E+04
    0.11644E+00    0.29476E+04
    0.11880E+00    0.28951E+04
    0.12120E+00    0.28293E+04
    0.12365E+00    0.27488E+04
    0.12614E+00    0.26531E+04
    0.12869E+00    0.25436E+04
    0.13129E+00    0.24225E+04
    0.13394E+00    0.22937E+04
    0.13665E+00    0.21619E+04
    0.13941E+00    0.20324E+04
    0.14223E+00    0.19102E+04
    0.14510E+00    0.17998E+04
    0.14803E+00    0.17040E+04
    0.15102E+00    0.16241E+04
    0.15407E+00    0.15603E+04
    0.15718E+00    0.15113E+04
    0.16036E+00    0.14753E+04
    0.16360E+00    0.14493E+04
    0.16690E+00    0.14294E+04
    0.17028E+00    0.14109E+04
    0.17371E+00    0.13888E+04
    0.17722E+00    0.13596E+04
    0.18080E+00    0.13209E+04
    0.18446E+00    0.12723E+04
    0.18818E+00    0.12151E+04
    0.19198E+00    0.11519E+04
    0.19586E+00    0.10861E+04
    0.19982E+00    0.10219E+04
    0.20386E+00    0.96335E+03
    0.20797E+00    0.91307E+03
    0.21218E+00    0.87242E+03
    0.21646E+00    0.84118E+03
    0.22083E+00    0.81773E+03
    0.22530E+00    0.79918E+03
    0.22985E+00    0.78201E+03
    0.23449E+00    0.76296E+03
    0.23923E+00    0.73984E+03
    0.24406E+00    0.71181E+03
    0.24899E+00    0.67940E+03
    0.25402E+00    0.64437E+03
    0.25915E+00    0.60946E+03
    0.26439E+00    0.57739E+03
    0.26973E+00    0.54989E+03
    0.27518E+00    0.52736E+03
    0.28074E+00    0.50914E+03
    0.28641E+00    0.49366E+03
    0.29219E+00    0.47880E+03
    0.29810E+00    0.46268E+03
    0.30412E+00    0.44452E+03
    0.31026E+00    0.42459E+03
    0.31653E+00    0.40394E+03
    0.32292E+00    0.38405E+03
    0.32945E+00    0.36614E+03
    0.33610E+00    0.35068E+03
    0.34289E+00    0.33736E+03
    0.34982E+00    0.32521E+03
    0.35689E+00    0.31313E+03
    0.36409E+00    0.30053E+03
    0.37145E+00    0.28732E+03
    0.37895E+00    0.27403E+03
    0.38661E+00    0.26140E+03
    0.39442E+00    0.24987E+03
    0.40239E+00    0.23951E+03
    0.41052E+00    0.22994E+03
    0.41881E+00    0.22065E+03
    0.42727E+00    0.21130E+03
    0.43590E+00    0.20195E+03
    0.44471E+00    0.19285E+03
    0.45369E+00    0.18429E+03
    0.46286E+00    0.17635E+03
    0.47221E+00    0.16891E+03
    0.48174E+00    0.16173E+03
    0.49148E+00    0.15469E+03
    0.50141E+00    0.14782E+03
    0.51153E+00    0.14124E+03
    0.52187E+00    0.13503E+03
    0.53241E+00    0.12914E+03
    0.54317E+00    0.12350E+03
    0.55414E+00    0.11806E+03
    0.56533E+00    0.11280E+03
    0.57675E+00    0.10777E+03
    0.58840E+00    0.10299E+03
    0.60029E+00    0.98419E+02
    0.61242E+00    0.94042E+02
    0.62479E+00    0.89847E+02
    0.63741E+00    0.85828E+02
    0.65029E+00    0.81980E+02
    0.66342E+00    0.78295E+02
    0.67683E+00    0.74768E+02
    0.69050E+00    0.71392E+02
    0.70445E+00    0.68163E+02
    0.71868E+00    0.65074E+02
    0.73320E+00    0.62121E+02
    0.74801E+00    0.59297E+02
    0.76312E+00    0.56597E+02
    0.77854E+00    0.54017E+02
    0.79426E+00    0.51551E+02
    0.81031E+00    0.49194E+02
    0.82668E+00    0.46941E+02
    0.84338E+00    0.44789E+02
    0.86041E+00    0.42732E+02
    0.87780E+00    0.40766E+02
    0.89553E+00    0.38888E+02
    0.91362E+00    0.37094E+02
    0.93208E+00    0.35380E+02
    0.95091E+00    0.33743E+02
    0.97011E+00    0.32179E+02
    0.98971E+00    0.30685E+02
    0.10097E+01    0.29258E+02
    0.10301E+01    0.27896E+02
    0.10509E+01    0.26595E+02
    0.10721E+01    0.25353E+02
    0.10938E+01    0.24167E+02
    0.11159E+01    0.23035E+02
    0.11384E+01    0.21955E+02
    0.11614E+01    0.20924E+02
    0.11849E+01    0.19940E+02
    0.12088E+01    0.19001E+02
    0.12333E+01    0.18106E+02
    0.12582E+01    0.17251E+02
    0.12836E+01    0.16436E+02
    0.13095E+01    0.15658E+02
    0.13360E+01    0.14916E+02
    0.13630E+01    0.14208E+02
    0.13905E+01    0.13533E+02
    0.14186E+01    0.12890E+02
    0.14472E+01    0.12276E+02
    0.14765E+01    0.11691E+02
    0.15063E+01    0.11133E+02
    0.15367E+01    0.10601E+02
    0.15678E+01    0.10094E+02
    0.15994E+01    0.96109E+01
    0.16318E+01    0.91500E+01
    0.16647E+01    0.87108E+01
    0.16984E+01    0.82921E+01
    0.17327E+01    0.78930E+01
    0.17677E+01    0.75126E+01
    0.18034E+01    0.71501E+01
    0.18398E+01    0.68046E+01
    0.18770E+01    0.64754E+01
    0.19149E+01    0.61618E+01
    0.19536E+01    0.58631E+01
    0.19930E+01    0.55786E+01
    0.20333E+01    0.53077E+01
    0.20744E+01    0.50498E+01
    0.21163E+01    0.48043E+01
    0.21590E+01    0.45706E+01
    0.22026E+01    0.43483E+01
    0.22471E+01    0.41367E+01
