    0.10000E-03    0.61372E+03
    0.10202E-03    0.62572E+03
    0.10408E-03    0.63794E+03
    0.10618E-03    0.65041E+03
    0.10833E-03    0.66312E+03
    0.11052E-03    0.67607E+03
    0.11275E-03    0.68928E+03
    0.11503E-03    0.70275E+03
    0.11735E-03    0.71648E+03
    0.11972E-03    0.73048E+03
    0.12214E-03    0.74475E+03
    0.12461E-03    0.75929E+03
    0.12712E-03    0.77412E+03
    0.12969E-03    0.78925E+03
    0.13231E-03    0.80466E+03
    0.13499E-03    0.82038E+03
    0.13771E-03    0.83640E+03
    0.14049E-03    0.85273E+03
    0.14333E-03    0.86938E+03
    0.14623E-03    0.88636E+03
    0.14918E-03    0.90366E+03
    0.15220E-03    0.92131E+03
    0.15527E-03    0.93929E+03
    0.15841E-03    0.95763E+03
    0.16161E-03    0.97632E+03
    0.16487E-03    0.99538E+03
    0.16820E-03    0.10148E+04
    0.17160E-03    0.10346E+04
    0.17507E-03    0.10548E+04
    0.17860E-03    0.10754E+04
    0.18221E-03    0.10964E+04
    0.18589E-03    0.11178E+04
    0.18965E-03    0.11396E+04
    0.19348E-03    0.11618E+04
    0.19739E-03    0.11844E+04
    0.20138E-03    0.12075E+04
    0.20544E-03    0.12311E+04
    0.20959E-03    0.12551E+04
    0.21383E-03    0.12796E+04
    0.21815E-03    0.13045E+04
    0.22255E-03    0.13299E+04
    0.22705E-03    0.13559E+04
    0.23164E-03    0.13823E+04
    0.23632E-03    0.14092E+04
    0.24109E-03    0.14367E+04
    0.24596E-03    0.14646E+04
    0.25093E-03    0.14932E+04
    0.25600E-03    0.15222E+04
    0.26117E-03    0.15519E+04
    0.26645E-03    0.15821E+04
    0.27183E-03    0.16129E+04
    0.27732E-03    0.16442E+04
    0.28292E-03    0.16762E+04
    0.28864E-03    0.17088E+04
    0.29447E-03    0.17421E+04
    0.30042E-03    0.17759E+04
    0.30649E-03    0.18104E+04
    0.31268E-03    0.18456E+04
    0.31899E-03    0.18815E+04
    0.32544E-03    0.19180E+04
    0.33201E-03    0.19553E+04
    0.33872E-03    0.19932E+04
    0.34556E-03    0.20319E+04
    0.35254E-03    0.20713E+04
    0.35966E-03    0.21115E+04
    0.36693E-03    0.21524E+04
    0.37434E-03    0.21941E+04
    0.38190E-03    0.22367E+04
    0.38962E-03    0.22800E+04
    0.39749E-03    0.23241E+04
    0.40552E-03    0.23691E+04
    0.41371E-03    0.24149E+04
    0.42207E-03    0.24616E+04
    0.43060E-03    0.25092E+04
    0.43929E-03    0.25577E+04
    0.44817E-03    0.26071E+04
    0.45722E-03    0.26575E+04
    0.46646E-03    0.27087E+04
    0.47588E-03    0.27610E+04
    0.48550E-03    0.28142E+04
    0.49530E-03    0.28685E+04
    0.50531E-03    0.29237E+04
    0.51552E-03    0.29800E+04
    0.52593E-03    0.30373E+04
    0.53656E-03    0.30957E+04
    0.54739E-03    0.31552E+04
    0.55845E-03    0.32158E+04
    0.56973E-03    0.32775E+04
    0.58124E-03    0.33403E+04
    0.59299E-03    0.34044E+04
    0.60496E-03    0.34696E+04
    0.61719E-03    0.35360E+04
    0.62965E-03    0.36036E+04
    0.64237E-03    0.36724E+04
    0.65535E-03    0.37426E+04
    0.66859E-03    0.38140E+04
    0.68210E-03    0.38867E+04
    0.69588E-03    0.39607E+04
    0.70993E-03    0.40361E+04
    0.72427E-03    0.41128E+04
    0.73891E-03    0.41909E+04
    0.75383E-03    0.42705E+04
    0.76906E-03    0.43514E+04
    0.78460E-03    0.44338E+04
    0.80045E-03    0.45177E+04
    0.81662E-03    0.46031E+04
    0.83311E-03    0.46900E+04
    0.84994E-03    0.47785E+04
    0.86711E-03    0.48685E+04
    0.88463E-03    0.49600E+04
    0.90250E-03    0.50532E+04
    0.92073E-03    0.51481E+04
    0.93933E-03    0.52445E+04
    0.95831E-03    0.53427E+04
    0.97767E-03    0.54426E+04
    0.99742E-03    0.55441E+04
    0.10176E-02    0.56475E+04
    0.10381E-02    0.57526E+04
    0.10591E-02    0.58595E+04
    0.10805E-02    0.59682E+04
    0.11023E-02    0.60787E+04
    0.11246E-02    0.61911E+04
    0.11473E-02    0.63054E+04
    0.11705E-02    0.64216E+04
    0.11941E-02    0.65397E+04
    0.12182E-02    0.66597E+04
    0.12429E-02    0.67818E+04
    0.12680E-02    0.69058E+04
    0.12936E-02    0.70318E+04
    0.13197E-02    0.71599E+04
    0.13464E-02    0.72900E+04
    0.13736E-02    0.74222E+04
    0.14013E-02    0.75565E+04
    0.14296E-02    0.76930E+04
    0.14585E-02    0.78315E+04
    0.14880E-02    0.79722E+04
    0.15180E-02    0.81151E+04
    0.15487E-02    0.82601E+04
    0.15800E-02    0.84074E+04
    0.16119E-02    0.85569E+04
    0.16445E-02    0.87086E+04
    0.16777E-02    0.88626E+04
    0.17116E-02    0.90188E+04
    0.17462E-02    0.91774E+04
    0.17814E-02    0.93382E+04
    0.18174E-02    0.95013E+04
    0.18541E-02    0.96667E+04
    0.18916E-02    0.98345E+04
    0.19298E-02    0.10005E+05
    0.19688E-02    0.10177E+05
    0.20086E-02    0.10352E+05
    0.20491E-02    0.10529E+05
    0.20905E-02    0.10708E+05
    0.21328E-02    0.10890E+05
    0.21758E-02    0.11074E+05
    0.22198E-02    0.11261E+05
    0.22646E-02    0.11450E+05
    0.23104E-02    0.11641E+05
    0.23571E-02    0.11834E+05
    0.24047E-02    0.12030E+05
    0.24533E-02    0.12229E+05
    0.25028E-02    0.12429E+05
    0.25534E-02    0.12632E+05
    0.26050E-02    0.12837E+05
    0.26576E-02    0.13045E+05
    0.27113E-02    0.13254E+05
    0.27660E-02    0.13466E+05
    0.28219E-02    0.13680E+05
    0.28789E-02    0.13897E+05
    0.29371E-02    0.14115E+05
    0.29964E-02    0.14336E+05
    0.30569E-02    0.14559E+05
    0.31187E-02    0.14784E+05
    0.31817E-02    0.15010E+05
    0.32460E-02    0.15239E+05
    0.33115E-02    0.15470E+05
    0.33784E-02    0.15703E+05
    0.34467E-02    0.15938E+05
    0.35163E-02    0.16174E+05
    0.35874E-02    0.16412E+05
    0.36598E-02    0.16652E+05
    0.37338E-02    0.16894E+05
    0.38092E-02    0.17137E+05
    0.38861E-02    0.17382E+05
    0.39646E-02    0.17628E+05
    0.40447E-02    0.17876E+05
    0.41264E-02    0.18125E+05
    0.42098E-02    0.18375E+05
    0.42948E-02    0.18626E+05
    0.43816E-02    0.18879E+05
    0.44701E-02    0.19132E+05
    0.45604E-02    0.19386E+05
    0.46525E-02    0.19641E+05
    0.47465E-02    0.19897E+05
    0.48424E-02    0.20153E+05
    0.49402E-02    0.20410E+05
    0.50400E-02    0.20667E+05
    0.51419E-02    0.20924E+05
    0.52457E-02    0.21182E+05
    0.53517E-02    0.21439E+05
    0.54598E-02    0.21697E+05
    0.55701E-02    0.21954E+05
    0.56826E-02    0.22210E+05
    0.57974E-02    0.22466E+05
    0.59145E-02    0.22721E+05
    0.60340E-02    0.22975E+05
    0.61559E-02    0.23228E+05
    0.62803E-02    0.23479E+05
    0.64072E-02    0.23729E+05
    0.65366E-02    0.23978E+05
    0.66686E-02    0.24224E+05
    0.68033E-02    0.24469E+05
    0.69408E-02    0.24711E+05
    0.70810E-02    0.24951E+05
    0.72240E-02    0.25188E+05
    0.73700E-02    0.25423E+05
    0.75189E-02    0.25654E+05
    0.76708E-02    0.25882E+05
    0.78257E-02    0.26107E+05
    0.79838E-02    0.26328E+05
    0.81451E-02    0.26545E+05
    0.83096E-02    0.26757E+05
    0.84775E-02    0.26966E+05
    0.86488E-02    0.27169E+05
    0.88235E-02    0.27368E+05
    0.90017E-02    0.27561E+05
    0.91836E-02    0.27749E+05
    0.93691E-02    0.27931E+05
    0.95583E-02    0.28107E+05
    0.97514E-02    0.28277E+05
    0.99484E-02    0.28439E+05
    0.10149E-01    0.28595E+05
    0.10354E-01    0.28744E+05
    0.10564E-01    0.28885E+05
    0.10777E-01    0.29018E+05
    0.10995E-01    0.29143E+05
    0.11217E-01    0.29259E+05
    0.11443E-01    0.29367E+05
    0.11675E-01    0.29465E+05
    0.11910E-01    0.29554E+05
    0.12151E-01    0.29634E+05
    0.12397E-01    0.29703E+05
    0.12647E-01    0.29762E+05
    0.12902E-01    0.29810E+05
    0.13163E-01    0.29847E+05
    0.13429E-01    0.29872E+05
    0.13700E-01    0.29886E+05
    0.13977E-01    0.29888E+05
    0.14259E-01    0.29878E+05
    0.14547E-01    0.29856E+05
    0.14841E-01    0.29820E+05
    0.15141E-01    0.29772E+05
    0.15447E-01    0.29710E+05
    0.15759E-01    0.29635E+05
    0.16077E-01    0.29546E+05
    0.16402E-01    0.29443E+05
    0.16734E-01    0.29326E+05
    0.17072E-01    0.29195E+05
    0.17416E-01    0.29049E+05
    0.17768E-01    0.28889E+05
    0.18127E-01    0.28714E+05
    0.18493E-01    0.28525E+05
    0.18867E-01    0.28321E+05
    0.19248E-01    0.28102E+05
    0.19637E-01    0.27869E+05
    0.20034E-01    0.27622E+05
    0.20438E-01    0.27360E+05
    0.20851E-01    0.27083E+05
    0.21272E-01    0.26793E+05
    0.21702E-01    0.26490E+05
    0.22141E-01    0.26173E+05
    0.22588E-01    0.25843E+05
    0.23044E-01    0.25500E+05
    0.23510E-01    0.25146E+05
    0.23985E-01    0.24780E+05
    0.24469E-01    0.24403E+05
    0.24964E-01    0.24016E+05
    0.25468E-01    0.23619E+05
    0.25982E-01    0.23214E+05
    0.26507E-01    0.22801E+05
    0.27043E-01    0.22381E+05
    0.27589E-01    0.21954E+05
    0.28146E-01    0.21523E+05
    0.28715E-01    0.21087E+05
    0.29295E-01    0.20649E+05
    0.29887E-01    0.20208E+05
    0.30490E-01    0.19766E+05
    0.31106E-01    0.19325E+05
    0.31735E-01    0.18885E+05
    0.32376E-01    0.18448E+05
    0.33030E-01    0.18014E+05
    0.33697E-01    0.17586E+05
    0.34378E-01    0.17163E+05
    0.35072E-01    0.16747E+05
    0.35781E-01    0.16340E+05
    0.36504E-01    0.15942E+05
    0.37241E-01    0.15554E+05
    0.37993E-01    0.15178E+05
    0.38761E-01    0.14814E+05
    0.39544E-01    0.14462E+05
    0.40343E-01    0.14123E+05
    0.41158E-01    0.13798E+05
    0.41989E-01    0.13486E+05
    0.42838E-01    0.13188E+05
    0.43703E-01    0.12907E+05
    0.44586E-01    0.12641E+05
    0.45486E-01    0.12392E+05
    0.46405E-01    0.12160E+05
    0.47343E-01    0.11943E+05
    0.48299E-01    0.11740E+05
    0.49275E-01    0.11549E+05
    0.50270E-01    0.11370E+05
    0.51286E-01    0.11201E+05
    0.52322E-01    0.11041E+05
    0.53379E-01    0.10890E+05
    0.54457E-01    0.10746E+05
    0.55557E-01    0.10607E+05
    0.56680E-01    0.10472E+05
    0.57825E-01    0.10338E+05
    0.58993E-01    0.10204E+05
    0.60184E-01    0.10067E+05
    0.61400E-01    0.99264E+04
    0.62641E-01    0.97791E+04
    0.63906E-01    0.96233E+04
    0.65197E-01    0.94572E+04
    0.66514E-01    0.92788E+04
    0.67858E-01    0.90872E+04
    0.69229E-01    0.88815E+04
    0.70627E-01    0.86613E+04
    0.72054E-01    0.84269E+04
    0.73510E-01    0.81792E+04
    0.74994E-01    0.79192E+04
    0.76509E-01    0.76489E+04
    0.78055E-01    0.73707E+04
    0.79632E-01    0.70871E+04
    0.81241E-01    0.68011E+04
    0.82882E-01    0.65155E+04
    0.84556E-01    0.62337E+04
    0.86264E-01    0.59589E+04
    0.88007E-01    0.56942E+04
    0.89785E-01    0.54431E+04
    0.91598E-01    0.52083E+04
    0.93449E-01    0.49922E+04
    0.95337E-01    0.47965E+04
    0.97263E-01    0.46227E+04
    0.99227E-01    0.44708E+04
    0.10123E+00    0.43400E+04
    0.10328E+00    0.42293E+04
    0.10536E+00    0.41362E+04
    0.10749E+00    0.40579E+04
    0.10966E+00    0.39913E+04
    0.11188E+00    0.39325E+04
    0.11414E+00    0.38776E+04
    0.11644E+00    0.38224E+04
    0.11880E+00    0.37627E+04
    0.12120E+00    0.36949E+04
    0.12365E+00    0.36157E+04
    0.12614E+00    0.35234E+04
    0.12869E+00    0.34171E+04
    0.13129E+00    0.32974E+04
    0.13394E+00    0.31659E+04
    0.13665E+00    0.30254E+04
    0.13941E+00    0.28792E+04
    0.14223E+00    0.27317E+04
    0.14510E+00    0.25876E+04
    0.14803E+00    0.24520E+04
    0.15102E+00    0.23289E+04
    0.15407E+00    0.22214E+04
    0.15718E+00    0.21306E+04
    0.16036E+00    0.20562E+04
    0.16360E+00    0.19963E+04
    0.16690E+00    0.19483E+04
    0.17028E+00    0.19092E+04
    0.17371E+00    0.18749E+04
    0.17722E+00    0.18410E+04
    0.18080E+00    0.18030E+04
    0.18446E+00    0.17572E+04
    0.18818E+00    0.17018E+04
    0.19198E+00    0.16370E+04
    0.19586E+00    0.15648E+04
    0.19982E+00    0.14882E+04
    0.20386E+00    0.14109E+04
    0.20797E+00    0.13368E+04
    0.21218E+00    0.12694E+04
    0.21646E+00    0.12113E+04
    0.22083E+00    0.11632E+04
    0.22530E+00    0.11245E+04
    0.22985E+00    0.10931E+04
    0.23449E+00    0.10658E+04
    0.23923E+00    0.10390E+04
    0.24406E+00    0.10097E+04
    0.24899E+00    0.97592E+03
    0.25402E+00    0.93745E+03
    0.25915E+00    0.89539E+03
    0.26439E+00    0.85190E+03
    0.26973E+00    0.80969E+03
    0.27518E+00    0.77123E+03
    0.28074E+00    0.73797E+03
    0.28641E+00    0.70996E+03
    0.29219E+00    0.68606E+03
    0.29810E+00    0.66438E+03
    0.30412E+00    0.64285E+03
    0.31026E+00    0.61987E+03
    0.31653E+00    0.59488E+03
    0.32292E+00    0.56851E+03
    0.32945E+00    0.54219E+03
    0.33610E+00    0.51734E+03
    0.34289E+00    0.49490E+03
    0.34982E+00    0.47514E+03
    0.35689E+00    0.45746E+03
    0.36409E+00    0.44072E+03
    0.37145E+00    0.42391E+03
    0.37895E+00    0.40659E+03
    0.38661E+00    0.38893E+03
    0.39442E+00    0.37159E+03
    0.40239E+00    0.35528E+03
    0.41052E+00    0.34032E+03
    0.41881E+00    0.32658E+03
    0.42727E+00    0.31360E+03
    0.43590E+00    0.30085E+03
    0.44471E+00    0.28815E+03
    0.45369E+00    0.27561E+03
    0.46286E+00    0.26357E+03
    0.47221E+00    0.25224E+03
    0.48174E+00    0.24164E+03
    0.49148E+00    0.23157E+03
    0.50141E+00    0.22179E+03
    0.51153E+00    0.21224E+03
    0.52187E+00    0.20298E+03
    0.53241E+00    0.19416E+03
    0.54317E+00    0.18580E+03
    0.55414E+00    0.17783E+03
    0.56533E+00    0.17016E+03
    0.57675E+00    0.16275E+03
    0.58840E+00    0.15562E+03
    0.60029E+00    0.14880E+03
    0.61242E+00    0.14231E+03
    0.62479E+00    0.13609E+03
    0.63741E+00    0.13012E+03
    0.65029E+00    0.12440E+03
    0.66342E+00    0.11892E+03
    0.67683E+00    0.11366E+03
    0.69050E+00    0.10862E+03
    0.70445E+00    0.10380E+03
    0.71868E+00    0.99178E+02
    0.73320E+00    0.94753E+02
    0.74801E+00    0.90518E+02
    0.76312E+00    0.86464E+02
    0.77854E+00    0.82586E+02
    0.79426E+00    0.78876E+02
    0.81031E+00    0.75327E+02
    0.82668E+00    0.71932E+02
    0.84338E+00    0.68685E+02
    0.86041E+00    0.65579E+02
    0.87780E+00    0.62609E+02
    0.89553E+00    0.59769E+02
    0.91362E+00    0.57053E+02
    0.93208E+00    0.54456E+02
    0.95091E+00    0.51973E+02
    0.97011E+00    0.49600E+02
    0.98971E+00    0.47331E+02
    0.10097E+01    0.45162E+02
    0.10301E+01    0.43089E+02
    0.10509E+01    0.41108E+02
    0.10721E+01    0.39215E+02
    0.10938E+01    0.37406E+02
    0.11159E+01    0.35678E+02
    0.11384E+01    0.34027E+02
    0.11614E+01    0.32451E+02
    0.11849E+01    0.30945E+02
    0.12088E+01    0.29507E+02
    0.12333E+01    0.28133E+02
    0.12582E+01    0.26822E+02
    0.12836E+01    0.25570E+02
    0.13095E+01    0.24375E+02
    0.13360E+01    0.23234E+02
    0.13630E+01    0.22145E+02
    0.13905E+01    0.21106E+02
    0.14186E+01    0.20114E+02
    0.14472E+01    0.19168E+02
    0.14765E+01    0.18265E+02
    0.15063E+01    0.17404E+02
    0.15367E+01    0.16582E+02
    0.15678E+01    0.15798E+02
    0.15994E+01    0.15050E+02
    0.16318E+01    0.14336E+02
    0.16647E+01    0.13656E+02
    0.16984E+01    0.13007E+02
    0.17327E+01    0.12388E+02
    0.17677E+01    0.11797E+02
    0.18034E+01    0.11234E+02
    0.18398E+01    0.10697E+02
    0.18770E+01    0.10185E+02
    0.19149E+01    0.96971E+01
    0.19536E+01    0.92317E+01
    0.19930E+01    0.87881E+01
    0.20333E+01    0.83654E+01
    0.20744E+01    0.79627E+01
    0.21163E+01    0.75790E+01
    0.21590E+01    0.72136E+01
    0.22026E+01    0.68656E+01
    0.22471E+01    0.65343E+01
    0.22925E+01    0.62189E+01
    0.23388E+01    0.59187E+01
