    0.10000E-03    0.40517E+03
    0.10202E-03    0.41309E+03
    0.10408E-03    0.42117E+03
    0.10618E-03    0.42940E+03
    0.10833E-03    0.43779E+03
    0.11052E-03    0.44635E+03
    0.11275E-03    0.45507E+03
    0.11503E-03    0.46396E+03
    0.11735E-03    0.47303E+03
    0.11972E-03    0.48227E+03
    0.12214E-03    0.49170E+03
    0.12461E-03    0.50131E+03
    0.12712E-03    0.51110E+03
    0.12969E-03    0.52109E+03
    0.13231E-03    0.53127E+03
    0.13499E-03    0.54165E+03
    0.13771E-03    0.55224E+03
    0.14049E-03    0.56303E+03
    0.14333E-03    0.57403E+03
    0.14623E-03    0.58524E+03
    0.14918E-03    0.59667E+03
    0.15220E-03    0.60833E+03
    0.15527E-03    0.62021E+03
    0.15841E-03    0.63233E+03
    0.16161E-03    0.64468E+03
    0.16487E-03    0.65727E+03
    0.16820E-03    0.67011E+03
    0.17160E-03    0.68319E+03
    0.17507E-03    0.69654E+03
    0.17860E-03    0.71014E+03
    0.18221E-03    0.72401E+03
    0.18589E-03    0.73814E+03
    0.18965E-03    0.75255E+03
    0.19348E-03    0.76725E+03
    0.19739E-03    0.78222E+03
    0.20138E-03    0.79749E+03
    0.20544E-03    0.81306E+03
    0.20959E-03    0.82893E+03
    0.21383E-03    0.84511E+03
    0.21815E-03    0.86160E+03
    0.22255E-03    0.87841E+03
    0.22705E-03    0.89555E+03
    0.23164E-03    0.91303E+03
    0.23632E-03    0.93084E+03
    0.24109E-03    0.94900E+03
    0.24596E-03    0.96751E+03
    0.25093E-03    0.98637E+03
    0.25600E-03    0.10056E+04
    0.26117E-03    0.10252E+04
    0.26645E-03    0.10452E+04
    0.27183E-03    0.10656E+04
    0.27732E-03    0.10864E+04
    0.28292E-03    0.11075E+04
    0.28864E-03    0.11291E+04
    0.29447E-03    0.11511E+04
    0.30042E-03    0.11735E+04
    0.30649E-03    0.11964E+04
    0.31268E-03    0.12197E+04
    0.31899E-03    0.12434E+04
    0.32544E-03    0.12676E+04
    0.33201E-03    0.12923E+04
    0.33872E-03    0.13175E+04
    0.34556E-03    0.13431E+04
    0.35254E-03    0.13692E+04
    0.35966E-03    0.13959E+04
    0.36693E-03    0.14230E+04
    0.37434E-03    0.14507E+04
    0.38190E-03    0.14789E+04
    0.38962E-03    0.15076E+04
    0.39749E-03    0.15369E+04
    0.40552E-03    0.15668E+04
    0.41371E-03    0.15972E+04
    0.42207E-03    0.16282E+04
    0.43060E-03    0.16598E+04
    0.43929E-03    0.16920E+04
    0.44817E-03    0.17249E+04
    0.45722E-03    0.17583E+04
    0.46646E-03    0.17924E+04
    0.47588E-03    0.18271E+04
    0.48550E-03    0.18625E+04
    0.49530E-03    0.18986E+04
    0.50531E-03    0.19354E+04
    0.51552E-03    0.19728E+04
    0.52593E-03    0.20110E+04
    0.53656E-03    0.20499E+04
    0.54739E-03    0.20895E+04
    0.55845E-03    0.21299E+04
    0.56973E-03    0.21710E+04
    0.58124E-03    0.22129E+04
    0.59299E-03    0.22557E+04
    0.60496E-03    0.22992E+04
    0.61719E-03    0.23435E+04
    0.62965E-03    0.23886E+04
    0.64237E-03    0.24347E+04
    0.65535E-03    0.24815E+04
    0.66859E-03    0.25293E+04
    0.68210E-03    0.25779E+04
    0.69588E-03    0.26274E+04
    0.70993E-03    0.26779E+04
    0.72427E-03    0.27293E+04
    0.73891E-03    0.27817E+04
    0.75383E-03    0.28350E+04
    0.76906E-03    0.28893E+04
    0.78460E-03    0.29446E+04
    0.80045E-03    0.30009E+04
    0.81662E-03    0.30583E+04
    0.83311E-03    0.31167E+04
    0.84994E-03    0.31762E+04
    0.86711E-03    0.32368E+04
    0.88463E-03    0.32984E+04
    0.90250E-03    0.33612E+04
    0.92073E-03    0.34252E+04
    0.93933E-03    0.34903E+04
    0.95831E-03    0.35565E+04
    0.97767E-03    0.36240E+04
    0.99742E-03    0.36927E+04
    0.10176E-02    0.37626E+04
    0.10381E-02    0.38338E+04
    0.10591E-02    0.39062E+04
    0.10805E-02    0.39799E+04
    0.11023E-02    0.40549E+04
    0.11246E-02    0.41313E+04
    0.11473E-02    0.42090E+04
    0.11705E-02    0.42880E+04
    0.11941E-02    0.43685E+04
    0.12182E-02    0.44503E+04
    0.12429E-02    0.45336E+04
    0.12680E-02    0.46183E+04
    0.12936E-02    0.47045E+04
    0.13197E-02    0.47922E+04
    0.13464E-02    0.48813E+04
    0.13736E-02    0.49720E+04
    0.14013E-02    0.50642E+04
    0.14296E-02    0.51580E+04
    0.14585E-02    0.52534E+04
    0.14880E-02    0.53503E+04
    0.15180E-02    0.54489E+04
    0.15487E-02    0.55491E+04
    0.15800E-02    0.56509E+04
    0.16119E-02    0.57545E+04
    0.16445E-02    0.58597E+04
    0.16777E-02    0.59666E+04
    0.17116E-02    0.60753E+04
    0.17462E-02    0.61857E+04
    0.17814E-02    0.62979E+04
    0.18174E-02    0.64118E+04
    0.18541E-02    0.65276E+04
    0.18916E-02    0.66452E+04
    0.19298E-02    0.67646E+04
    0.19688E-02    0.68858E+04
    0.20086E-02    0.70089E+04
    0.20491E-02    0.71339E+04
    0.20905E-02    0.72607E+04
    0.21328E-02    0.73895E+04
    0.21758E-02    0.75202E+04
    0.22198E-02    0.76528E+04
    0.22646E-02    0.77873E+04
    0.23104E-02    0.79238E+04
    0.23571E-02    0.80623E+04
    0.24047E-02    0.82027E+04
    0.24533E-02    0.83451E+04
    0.25028E-02    0.84895E+04
    0.25534E-02    0.86358E+04
    0.26050E-02    0.87842E+04
    0.26576E-02    0.89346E+04
    0.27113E-02    0.90870E+04
    0.27660E-02    0.92414E+04
    0.28219E-02    0.93978E+04
    0.28789E-02    0.95562E+04
    0.29371E-02    0.97166E+04
    0.29964E-02    0.98791E+04
    0.30569E-02    0.10044E+05
    0.31187E-02    0.10210E+05
    0.31817E-02    0.10378E+05
    0.32460E-02    0.10549E+05
    0.33115E-02    0.10721E+05
    0.33784E-02    0.10896E+05
    0.34467E-02    0.11072E+05
    0.35163E-02    0.11250E+05
    0.35874E-02    0.11430E+05
    0.36598E-02    0.11613E+05
    0.37338E-02    0.11797E+05
    0.38092E-02    0.11983E+05
    0.38861E-02    0.12170E+05
    0.39646E-02    0.12360E+05
    0.40447E-02    0.12551E+05
    0.41264E-02    0.12744E+05
    0.42098E-02    0.12939E+05
    0.42948E-02    0.13136E+05
    0.43816E-02    0.13334E+05
    0.44701E-02    0.13534E+05
    0.45604E-02    0.13735E+05
    0.46525E-02    0.13938E+05
    0.47465E-02    0.14142E+05
    0.48424E-02    0.14348E+05
    0.49402E-02    0.14555E+05
    0.50400E-02    0.14764E+05
    0.51419E-02    0.14974E+05
    0.52457E-02    0.15185E+05
    0.53517E-02    0.15397E+05
    0.54598E-02    0.15610E+05
    0.55701E-02    0.15824E+05
    0.56826E-02    0.16039E+05
    0.57974E-02    0.16255E+05
    0.59145E-02    0.16472E+05
    0.60340E-02    0.16689E+05
    0.61559E-02    0.16907E+05
    0.62803E-02    0.17126E+05
    0.64072E-02    0.17344E+05
    0.65366E-02    0.17563E+05
    0.66686E-02    0.17783E+05
    0.68033E-02    0.18002E+05
    0.69408E-02    0.18221E+05
    0.70810E-02    0.18440E+05
    0.72240E-02    0.18658E+05
    0.73700E-02    0.18876E+05
    0.75189E-02    0.19093E+05
    0.76708E-02    0.19310E+05
    0.78257E-02    0.19525E+05
    0.79838E-02    0.19740E+05
    0.81451E-02    0.19953E+05
    0.83096E-02    0.20165E+05
    0.84775E-02    0.20376E+05
    0.86488E-02    0.20585E+05
    0.88235E-02    0.20792E+05
    0.90017E-02    0.20997E+05
    0.91836E-02    0.21200E+05
    0.93691E-02    0.21400E+05
    0.95583E-02    0.21598E+05
    0.97514E-02    0.21792E+05
    0.99484E-02    0.21984E+05
    0.10149E-01    0.22173E+05
    0.10354E-01    0.22358E+05
    0.10564E-01    0.22539E+05
    0.10777E-01    0.22717E+05
    0.10995E-01    0.22890E+05
    0.11217E-01    0.23059E+05
    0.11443E-01    0.23223E+05
    0.11675E-01    0.23383E+05
    0.11910E-01    0.23537E+05
    0.12151E-01    0.23686E+05
    0.12397E-01    0.23829E+05
    0.12647E-01    0.23966E+05
    0.12902E-01    0.24097E+05
    0.13163E-01    0.24222E+05
    0.13429E-01    0.24340E+05
    0.13700E-01    0.24451E+05
    0.13977E-01    0.24555E+05
    0.14259E-01    0.24651E+05
    0.14547E-01    0.24739E+05
    0.14841E-01    0.24819E+05
    0.15141E-01    0.24891E+05
    0.15447E-01    0.24955E+05
    0.15759E-01    0.25009E+05
    0.16077E-01    0.25054E+05
    0.16402E-01    0.25090E+05
    0.16734E-01    0.25116E+05
    0.17072E-01    0.25132E+05
    0.17416E-01    0.25138E+05
    0.17768E-01    0.25134E+05
    0.18127E-01    0.25119E+05
    0.18493E-01    0.25093E+05
    0.18867E-01    0.25057E+05
    0.19248E-01    0.25009E+05
    0.19637E-01    0.24950E+05
    0.20034E-01    0.24879E+05
    0.20438E-01    0.24797E+05
    0.20851E-01    0.24703E+05
    0.21272E-01    0.24597E+05
    0.21702E-01    0.24480E+05
    0.22141E-01    0.24351E+05
    0.22588E-01    0.24210E+05
    0.23044E-01    0.24057E+05
    0.23510E-01    0.23893E+05
    0.23985E-01    0.23717E+05
    0.24469E-01    0.23530E+05
    0.24964E-01    0.23332E+05
    0.25468E-01    0.23123E+05
    0.25982E-01    0.22903E+05
    0.26507E-01    0.22673E+05
    0.27043E-01    0.22433E+05
    0.27589E-01    0.22184E+05
    0.28146E-01    0.21925E+05
    0.28715E-01    0.21658E+05
    0.29295E-01    0.21383E+05
    0.29887E-01    0.21100E+05
    0.30490E-01    0.20811E+05
    0.31106E-01    0.20515E+05
    0.31735E-01    0.20214E+05
    0.32376E-01    0.19909E+05
    0.33030E-01    0.19599E+05
    0.33697E-01    0.19287E+05
    0.34378E-01    0.18972E+05
    0.35072E-01    0.18656E+05
    0.35781E-01    0.18339E+05
    0.36504E-01    0.18022E+05
    0.37241E-01    0.17706E+05
    0.37993E-01    0.17393E+05
    0.38761E-01    0.17083E+05
    0.39544E-01    0.16776E+05
    0.40343E-01    0.16475E+05
    0.41158E-01    0.16178E+05
    0.41989E-01    0.15888E+05
    0.42838E-01    0.15604E+05
    0.43703E-01    0.15326E+05
    0.44586E-01    0.15055E+05
    0.45486E-01    0.14791E+05
    0.46405E-01    0.14537E+05
    0.47343E-01    0.14292E+05
    0.48299E-01    0.14058E+05
    0.49275E-01    0.13835E+05
    0.50270E-01    0.13622E+05
    0.51286E-01    0.13419E+05
    0.52322E-01    0.13223E+05
    0.53379E-01    0.13035E+05
    0.54457E-01    0.12853E+05
    0.55557E-01    0.12678E+05
    0.56680E-01    0.12507E+05
    0.57825E-01    0.12341E+05
    0.58993E-01    0.12178E+05
    0.60184E-01    0.12017E+05
    0.61400E-01    0.11857E+05
    0.62641E-01    0.11696E+05
    0.63906E-01    0.11534E+05
    0.65197E-01    0.11370E+05
    0.66514E-01    0.11202E+05
    0.67858E-01    0.11030E+05
    0.69229E-01    0.10850E+05
    0.70627E-01    0.10663E+05
    0.72054E-01    0.10465E+05
    0.73510E-01    0.10257E+05
    0.74994E-01    0.10037E+05
    0.76509E-01    0.98058E+04
    0.78055E-01    0.95633E+04
    0.79632E-01    0.93104E+04
    0.81241E-01    0.90486E+04
    0.82882E-01    0.87798E+04
    0.84556E-01    0.85061E+04
    0.86264E-01    0.82300E+04
    0.88007E-01    0.79540E+04
    0.89785E-01    0.76807E+04
    0.91598E-01    0.74126E+04
    0.93449E-01    0.71519E+04
    0.95337E-01    0.69009E+04
    0.97263E-01    0.66617E+04
    0.99227E-01    0.64360E+04
    0.10123E+00    0.62255E+04
    0.10328E+00    0.60314E+04
    0.10536E+00    0.58545E+04
    0.10749E+00    0.56948E+04
    0.10966E+00    0.55520E+04
    0.11188E+00    0.54247E+04
    0.11414E+00    0.53109E+04
    0.11644E+00    0.52081E+04
    0.11880E+00    0.51131E+04
    0.12120E+00    0.50224E+04
    0.12365E+00    0.49327E+04
    0.12614E+00    0.48403E+04
    0.12869E+00    0.47423E+04
    0.13129E+00    0.46361E+04
    0.13394E+00    0.45199E+04
    0.13665E+00    0.43930E+04
    0.13941E+00    0.42556E+04
    0.14223E+00    0.41092E+04
    0.14510E+00    0.39559E+04
    0.14803E+00    0.37986E+04
    0.15102E+00    0.36405E+04
    0.15407E+00    0.34850E+04
    0.15718E+00    0.33357E+04
    0.16036E+00    0.31960E+04
    0.16360E+00    0.30689E+04
    0.16690E+00    0.29560E+04
    0.17028E+00    0.28582E+04
    0.17371E+00    0.27742E+04
    0.17722E+00    0.27018E+04
    0.18080E+00    0.26377E+04
    0.18446E+00    0.25783E+04
    0.18818E+00    0.25202E+04
    0.19198E+00    0.24598E+04
    0.19586E+00    0.23944E+04
    0.19982E+00    0.23218E+04
    0.20386E+00    0.22416E+04
    0.20797E+00    0.21551E+04
    0.21218E+00    0.20649E+04
    0.21646E+00    0.19742E+04
    0.22083E+00    0.18865E+04
    0.22530E+00    0.18046E+04
    0.22985E+00    0.17309E+04
    0.23449E+00    0.16665E+04
    0.23923E+00    0.16109E+04
    0.24406E+00    0.15624E+04
    0.24899E+00    0.15183E+04
    0.25402E+00    0.14758E+04
    0.25915E+00    0.14321E+04
    0.26439E+00    0.13853E+04
    0.26973E+00    0.13345E+04
    0.27518E+00    0.12807E+04
    0.28074E+00    0.12260E+04
    0.28641E+00    0.11726E+04
    0.29219E+00    0.11227E+04
    0.29810E+00    0.10776E+04
    0.30412E+00    0.10376E+04
    0.31026E+00    0.10020E+04
    0.31653E+00    0.96896E+03
    0.32292E+00    0.93670E+03
    0.32945E+00    0.90370E+03
    0.33610E+00    0.86930E+03
    0.34289E+00    0.83389E+03
    0.34982E+00    0.79866E+03
    0.35689E+00    0.76497E+03
    0.36409E+00    0.73377E+03
    0.37145E+00    0.70533E+03
    0.37895E+00    0.67916E+03
    0.38661E+00    0.65430E+03
    0.39442E+00    0.62979E+03
    0.40239E+00    0.60514E+03
    0.41052E+00    0.58041E+03
    0.41881E+00    0.55615E+03
    0.42727E+00    0.53307E+03
    0.43590E+00    0.51150E+03
    0.44471E+00    0.49130E+03
    0.45369E+00    0.47211E+03
    0.46286E+00    0.45345E+03
    0.47221E+00    0.43505E+03
    0.48174E+00    0.41700E+03
    0.49148E+00    0.39961E+03
    0.50141E+00    0.38308E+03
    0.51153E+00    0.36743E+03
    0.52187E+00    0.35251E+03
    0.53241E+00    0.33806E+03
    0.54317E+00    0.32402E+03
    0.55414E+00    0.31043E+03
    0.56533E+00    0.29739E+03
    0.57675E+00    0.28497E+03
    0.58840E+00    0.27309E+03
    0.60029E+00    0.26177E+03
    0.61242E+00    0.25062E+03
    0.62479E+00    0.23997E+03
    0.63741E+00    0.22981E+03
    0.65029E+00    0.22007E+03
    0.66342E+00    0.21071E+03
    0.67683E+00    0.20173E+03
    0.69050E+00    0.19311E+03
    0.70445E+00    0.18483E+03
    0.71868E+00    0.17689E+03
    0.73320E+00    0.16926E+03
    0.74801E+00    0.16195E+03
    0.76312E+00    0.15494E+03
    0.77854E+00    0.14821E+03
    0.79426E+00    0.14176E+03
    0.81031E+00    0.13558E+03
    0.82668E+00    0.12966E+03
    0.84338E+00    0.12398E+03
    0.86041E+00    0.11854E+03
    0.87780E+00    0.11333E+03
    0.89553E+00    0.10834E+03
    0.91362E+00    0.10356E+03
    0.93208E+00    0.98978E+02
    0.95091E+00    0.94593E+02
    0.97011E+00    0.90393E+02
    0.98971E+00    0.86372E+02
    0.10097E+01    0.82523E+02
    0.10301E+01    0.78837E+02
    0.10509E+01    0.75310E+02
    0.10721E+01    0.71934E+02
    0.10938E+01    0.68703E+02
    0.11159E+01    0.65611E+02
    0.11384E+01    0.62653E+02
    0.11614E+01    0.59824E+02
    0.11849E+01    0.57118E+02
    0.12088E+01    0.54529E+02
    0.12333E+01    0.52054E+02
    0.12582E+01    0.49687E+02
    0.12836E+01    0.47425E+02
    0.13095E+01    0.45262E+02
    0.13360E+01    0.43194E+02
    0.13630E+01    0.41217E+02
    0.13905E+01    0.39328E+02
    0.14186E+01    0.37523E+02
    0.14472E+01    0.35797E+02
    0.14765E+01    0.34148E+02
    0.15063E+01    0.32573E+02
    0.15367E+01    0.31067E+02
    0.15678E+01    0.29628E+02
    0.15994E+01    0.28254E+02
    0.16318E+01    0.26941E+02
    0.16647E+01    0.25686E+02
    0.16984E+01    0.24489E+02
    0.17327E+01    0.23345E+02
    0.17677E+01    0.22254E+02
    0.18034E+01    0.21212E+02
    0.18398E+01    0.20219E+02
    0.18770E+01    0.19271E+02
    0.19149E+01    0.18367E+02
    0.19536E+01    0.17505E+02
    0.19930E+01    0.16684E+02
