    0.10000E-03    0.88425E+03
    0.10202E-03    0.90152E+03
    0.10408E-03    0.91913E+03
    0.10618E-03    0.93708E+03
    0.10833E-03    0.95538E+03
    0.11052E-03    0.97403E+03
    0.11275E-03    0.99305E+03
    0.11503E-03    0.10124E+04
    0.11735E-03    0.10322E+04
    0.11972E-03    0.10524E+04
    0.12214E-03    0.10729E+04
    0.12461E-03    0.10938E+04
    0.12712E-03    0.11152E+04
    0.12969E-03    0.11370E+04
    0.13231E-03    0.11591E+04
    0.13499E-03    0.11818E+04
    0.13771E-03    0.12048E+04
    0.14049E-03    0.12283E+04
    0.14333E-03    0.12523E+04
    0.14623E-03    0.12767E+04
    0.14918E-03    0.13016E+04
    0.15220E-03    0.13270E+04
    0.15527E-03    0.13529E+04
    0.15841E-03    0.13792E+04
    0.16161E-03    0.14061E+04
    0.16487E-03    0.14335E+04
    0.16820E-03    0.14615E+04
    0.17160E-03    0.14900E+04
    0.17507E-03    0.15190E+04
    0.17860E-03    0.15486E+04
    0.18221E-03    0.15788E+04
    0.18589E-03    0.16095E+04
    0.18965E-03    0.16408E+04
    0.19348E-03    0.16728E+04
    0.19739E-03    0.17054E+04
    0.20138E-03    0.17386E+04
    0.20544E-03    0.17724E+04
    0.20959E-03    0.18069E+04
    0.21383E-03    0.18420E+04
    0.21815E-03    0.18778E+04
    0.22255E-03    0.19143E+04
    0.22705E-03    0.19516E+04
    0.23164E-03    0.19895E+04
    0.23632E-03    0.20281E+04
    0.24109E-03    0.20675E+04
    0.24596E-03    0.21077E+04
    0.25093E-03    0.21486E+04
    0.25600E-03    0.21903E+04
    0.26117E-03    0.22328E+04
    0.26645E-03    0.22761E+04
    0.27183E-03    0.23203E+04
    0.27732E-03    0.23653E+04
    0.28292E-03    0.24111E+04
    0.28864E-03    0.24578E+04
    0.29447E-03    0.25054E+04
    0.30042E-03    0.25539E+04
    0.30649E-03    0.26033E+04
    0.31268E-03    0.26537E+04
    0.31899E-03    0.27050E+04
    0.32544E-03    0.27573E+04
    0.33201E-03    0.28106E+04
    0.33872E-03    0.28648E+04
    0.34556E-03    0.29201E+04
    0.35254E-03    0.29765E+04
    0.35966E-03    0.30339E+04
    0.36693E-03    0.30923E+04
    0.37434E-03    0.31519E+04
    0.38190E-03    0.32126E+04
    0.38962E-03    0.32744E+04
    0.39749E-03    0.33374E+04
    0.40552E-03    0.34015E+04
    0.41371E-03    0.34668E+04
    0.42207E-03    0.35334E+04
    0.43060E-03    0.36011E+04
    0.43929E-03    0.36702E+04
    0.44817E-03    0.37404E+04
    0.45722E-03    0.38120E+04
    0.46646E-03    0.38849E+04
    0.47588E-03    0.39592E+04
    0.48550E-03    0.40348E+04
    0.49530E-03    0.41117E+04
    0.50531E-03    0.41901E+04
    0.51552E-03    0.42699E+04
    0.52593E-03    0.43511E+04
    0.53656E-03    0.44338E+04
    0.54739E-03    0.45180E+04
    0.55845E-03    0.46038E+04
    0.56973E-03    0.46910E+04
    0.58124E-03    0.47798E+04
    0.59299E-03    0.48702E+04
    0.60496E-03    0.49622E+04
    0.61719E-03    0.50558E+04
    0.62965E-03    0.51511E+04
    0.64237E-03    0.52481E+04
    0.65535E-03    0.53467E+04
    0.66859E-03    0.54471E+04
    0.68210E-03    0.55492E+04
    0.69588E-03    0.56532E+04
    0.70993E-03    0.57589E+04
    0.72427E-03    0.58664E+04
    0.73891E-03    0.59758E+04
    0.75383E-03    0.60870E+04
    0.76906E-03    0.62001E+04
    0.78460E-03    0.63152E+04
    0.80045E-03    0.64322E+04
    0.81662E-03    0.65512E+04
    0.83311E-03    0.66721E+04
    0.84994E-03    0.67951E+04
    0.86711E-03    0.69201E+04
    0.88463E-03    0.70472E+04
    0.90250E-03    0.71763E+04
    0.92073E-03    0.73076E+04
    0.93933E-03    0.74410E+04
    0.95831E-03    0.75765E+04
    0.97767E-03    0.77143E+04
    0.99742E-03    0.78542E+04
    0.10176E-02    0.79963E+04
    0.10381E-02    0.81406E+04
    0.10591E-02    0.82872E+04
    0.10805E-02    0.84361E+04
    0.11023E-02    0.85873E+04
    0.11246E-02    0.87408E+04
    0.11473E-02    0.88966E+04
    0.11705E-02    0.90547E+04
    0.11941E-02    0.92152E+04
    0.12182E-02    0.93781E+04
    0.12429E-02    0.95434E+04
    0.12680E-02    0.97111E+04
    0.12936E-02    0.98811E+04
    0.13197E-02    0.10054E+05
    0.13464E-02    0.10229E+05
    0.13736E-02    0.10406E+05
    0.14013E-02    0.10586E+05
    0.14296E-02    0.10768E+05
    0.14585E-02    0.10953E+05
    0.14880E-02    0.11140E+05
    0.15180E-02    0.11330E+05
    0.15487E-02    0.11522E+05
    0.15800E-02    0.11717E+05
    0.16119E-02    0.11914E+05
    0.16445E-02    0.12113E+05
    0.16777E-02    0.12315E+05
    0.17116E-02    0.12520E+05
    0.17462E-02    0.12727E+05
    0.17814E-02    0.12936E+05
    0.18174E-02    0.13148E+05
    0.18541E-02    0.13362E+05
    0.18916E-02    0.13579E+05
    0.19298E-02    0.13798E+05
    0.19688E-02    0.14019E+05
    0.20086E-02    0.14242E+05
    0.20491E-02    0.14468E+05
    0.20905E-02    0.14697E+05
    0.21328E-02    0.14927E+05
    0.21758E-02    0.15160E+05
    0.22198E-02    0.15394E+05
    0.22646E-02    0.15631E+05
    0.23104E-02    0.15870E+05
    0.23571E-02    0.16111E+05
    0.24047E-02    0.16355E+05
    0.24533E-02    0.16600E+05
    0.25028E-02    0.16847E+05
    0.25534E-02    0.17095E+05
    0.26050E-02    0.17346E+05
    0.26576E-02    0.17598E+05
    0.27113E-02    0.17852E+05
    0.27660E-02    0.18108E+05
    0.28219E-02    0.18365E+05
    0.28789E-02    0.18624E+05
    0.29371E-02    0.18884E+05
    0.29964E-02    0.19145E+05
    0.30569E-02    0.19408E+05
    0.31187E-02    0.19671E+05
    0.31817E-02    0.19936E+05
    0.32460E-02    0.20202E+05
    0.33115E-02    0.20468E+05
    0.33784E-02    0.20736E+05
    0.34467E-02    0.21004E+05
    0.35163E-02    0.21272E+05
    0.35874E-02    0.21541E+05
    0.36598E-02    0.21810E+05
    0.37338E-02    0.22080E+05
    0.38092E-02    0.22349E+05
    0.38861E-02    0.22618E+05
    0.39646E-02    0.22888E+05
    0.40447E-02    0.23156E+05
    0.41264E-02    0.23425E+05
    0.42098E-02    0.23692E+05
    0.42948E-02    0.23959E+05
    0.43816E-02    0.24225E+05
    0.44701E-02    0.24490E+05
    0.45604E-02    0.24754E+05
    0.46525E-02    0.25016E+05
    0.47465E-02    0.25277E+05
    0.48424E-02    0.25536E+05
    0.49402E-02    0.25793E+05
    0.50400E-02    0.26048E+05
    0.51419E-02    0.26301E+05
    0.52457E-02    0.26551E+05
    0.53517E-02    0.26797E+05
    0.54598E-02    0.27041E+05
    0.55701E-02    0.27282E+05
    0.56826E-02    0.27519E+05
    0.57974E-02    0.27752E+05
    0.59145E-02    0.27981E+05
    0.60340E-02    0.28206E+05
    0.61559E-02    0.28427E+05
    0.62803E-02    0.28643E+05
    0.64072E-02    0.28855E+05
    0.65366E-02    0.29061E+05
    0.66686E-02    0.29263E+05
    0.68033E-02    0.29458E+05
    0.69408E-02    0.29648E+05
    0.70810E-02    0.29832E+05
    0.72240E-02    0.30009E+05
    0.73700E-02    0.30180E+05
    0.75189E-02    0.30344E+05
    0.76708E-02    0.30501E+05
    0.78257E-02    0.30650E+05
    0.79838E-02    0.30791E+05
    0.81451E-02    0.30925E+05
    0.83096E-02    0.31050E+05
    0.84775E-02    0.31166E+05
    0.86488E-02    0.31273E+05
    0.88235E-02    0.31371E+05
    0.90017E-02    0.31460E+05
    0.91836E-02    0.31538E+05
    0.93691E-02    0.31607E+05
    0.95583E-02    0.31665E+05
    0.97514E-02    0.31712E+05
    0.99484E-02    0.31748E+05
    0.10149E-01    0.31773E+05
    0.10354E-01    0.31786E+05
    0.10564E-01    0.31787E+05
    0.10777E-01    0.31776E+05
    0.10995E-01    0.31752E+05
    0.11217E-01    0.31715E+05
    0.11443E-01    0.31665E+05
    0.11675E-01    0.31602E+05
    0.11910E-01    0.31525E+05
    0.12151E-01    0.31434E+05
    0.12397E-01    0.31329E+05
    0.12647E-01    0.31209E+05
    0.12902E-01    0.31075E+05
    0.13163E-01    0.30926E+05
    0.13429E-01    0.30761E+05
    0.13700E-01    0.30582E+05
    0.13977E-01    0.30387E+05
    0.14259E-01    0.30177E+05
    0.14547E-01    0.29951E+05
    0.14841E-01    0.29709E+05
    0.15141E-01    0.29452E+05
    0.15447E-01    0.29179E+05
    0.15759E-01    0.28890E+05
    0.16077E-01    0.28586E+05
    0.16402E-01    0.28266E+05
    0.16734E-01    0.27930E+05
    0.17072E-01    0.27579E+05
    0.17416E-01    0.27213E+05
    0.17768E-01    0.26833E+05
    0.18127E-01    0.26437E+05
    0.18493E-01    0.26028E+05
    0.18867E-01    0.25605E+05
    0.19248E-01    0.25169E+05
    0.19637E-01    0.24720E+05
    0.20034E-01    0.24259E+05
    0.20438E-01    0.23787E+05
    0.20851E-01    0.23304E+05
    0.21272E-01    0.22811E+05
    0.21702E-01    0.22309E+05
    0.22141E-01    0.21799E+05
    0.22588E-01    0.21282E+05
    0.23044E-01    0.20758E+05
    0.23510E-01    0.20229E+05
    0.23985E-01    0.19696E+05
    0.24469E-01    0.19161E+05
    0.24964E-01    0.18623E+05
    0.25468E-01    0.18086E+05
    0.25982E-01    0.17549E+05
    0.26507E-01    0.17014E+05
    0.27043E-01    0.16483E+05
    0.27589E-01    0.15956E+05
    0.28146E-01    0.15436E+05
    0.28715E-01    0.14923E+05
    0.29295E-01    0.14419E+05
    0.29887E-01    0.13924E+05
    0.30490E-01    0.13442E+05
    0.31106E-01    0.12971E+05
    0.31735E-01    0.12514E+05
    0.32376E-01    0.12071E+05
    0.33030E-01    0.11644E+05
    0.33697E-01    0.11234E+05
    0.34378E-01    0.10841E+05
    0.35072E-01    0.10466E+05
    0.35781E-01    0.10110E+05
    0.36504E-01    0.97735E+04
    0.37241E-01    0.94564E+04
    0.37993E-01    0.91593E+04
    0.38761E-01    0.88824E+04
    0.39544E-01    0.86257E+04
    0.40343E-01    0.83890E+04
    0.41158E-01    0.81723E+04
    0.41989E-01    0.79754E+04
    0.42838E-01    0.77980E+04
    0.43703E-01    0.76386E+04
    0.44586E-01    0.74955E+04
    0.45486E-01    0.73673E+04
    0.46405E-01    0.72527E+04
    0.47343E-01    0.71504E+04
    0.48299E-01    0.70597E+04
    0.49275E-01    0.69795E+04
    0.50270E-01    0.69089E+04
    0.51286E-01    0.68462E+04
    0.52322E-01    0.67892E+04
    0.53379E-01    0.67355E+04
    0.54457E-01    0.66829E+04
    0.55557E-01    0.66285E+04
    0.56680E-01    0.65691E+04
    0.57825E-01    0.65018E+04
    0.58993E-01    0.64240E+04
    0.60184E-01    0.63332E+04
    0.61400E-01    0.62271E+04
    0.62641E-01    0.61043E+04
    0.63906E-01    0.59641E+04
    0.65197E-01    0.58064E+04
    0.66514E-01    0.56314E+04
    0.67858E-01    0.54404E+04
    0.69229E-01    0.52349E+04
    0.70627E-01    0.50168E+04
    0.72054E-01    0.47886E+04
    0.73510E-01    0.45527E+04
    0.74994E-01    0.43123E+04
    0.76509E-01    0.40708E+04
    0.78055E-01    0.38317E+04
    0.79632E-01    0.35992E+04
    0.81241E-01    0.33771E+04
    0.82882E-01    0.31691E+04
    0.84556E-01    0.29784E+04
    0.86264E-01    0.28073E+04
    0.88007E-01    0.26572E+04
    0.89785E-01    0.25289E+04
    0.91598E-01    0.24227E+04
    0.93449E-01    0.23376E+04
    0.95337E-01    0.22723E+04
    0.97263E-01    0.22252E+04
    0.99227E-01    0.21935E+04
    0.10123E+00    0.21745E+04
    0.10328E+00    0.21645E+04
    0.10536E+00    0.21594E+04
    0.10749E+00    0.21552E+04
    0.10966E+00    0.21477E+04
    0.11188E+00    0.21329E+04
    0.11414E+00    0.21074E+04
    0.11644E+00    0.20684E+04
    0.11880E+00    0.20142E+04
    0.12120E+00    0.19438E+04
    0.12365E+00    0.18581E+04
    0.12614E+00    0.17595E+04
    0.12869E+00    0.16521E+04
    0.13129E+00    0.15410E+04
    0.13394E+00    0.14319E+04
    0.13665E+00    0.13295E+04
    0.13941E+00    0.12379E+04
    0.14223E+00    0.11594E+04
    0.14510E+00    0.10955E+04
    0.14803E+00    0.10465E+04
    0.15102E+00    0.10119E+04
    0.15407E+00    0.99013E+03
    0.15718E+00    0.97836E+03
    0.16036E+00    0.97264E+03
    0.16360E+00    0.96829E+03
    0.16690E+00    0.96092E+03
    0.17028E+00    0.94699E+03
    0.17371E+00    0.92421E+03
    0.17722E+00    0.89162E+03
    0.18080E+00    0.84977E+03
    0.18446E+00    0.80085E+03
    0.18818E+00    0.74856E+03
    0.19198E+00    0.69714E+03
    0.19586E+00    0.65026E+03
    0.19982E+00    0.61061E+03
    0.20386E+00    0.57969E+03
    0.20797E+00    0.55769E+03
    0.21218E+00    0.54310E+03
    0.21646E+00    0.53316E+03
    0.22083E+00    0.52480E+03
    0.22530E+00    0.51520E+03
    0.22985E+00    0.50204E+03
    0.23449E+00    0.48388E+03
    0.23923E+00    0.46094E+03
    0.24406E+00    0.43501E+03
    0.24899E+00    0.40862E+03
    0.25402E+00    0.38424E+03
    0.25915E+00    0.36363E+03
    0.26439E+00    0.34749E+03
    0.26973E+00    0.33545E+03
    0.27518E+00    0.32606E+03
    0.28074E+00    0.31734E+03
    0.28641E+00    0.30763E+03
    0.29219E+00    0.29600E+03
    0.29810E+00    0.28240E+03
    0.30412E+00    0.26771E+03
    0.31026E+00    0.25330E+03
    0.31653E+00    0.24042E+03
    0.32292E+00    0.22966E+03
    0.32945E+00    0.22080E+03
    0.33610E+00    0.21306E+03
    0.34289E+00    0.20550E+03
    0.34982E+00    0.19739E+03
    0.35689E+00    0.18856E+03
    0.36409E+00    0.17943E+03
    0.37145E+00    0.17064E+03
    0.37895E+00    0.16271E+03
    0.38661E+00    0.15578E+03
    0.39442E+00    0.14953E+03
    0.40239E+00    0.14354E+03
    0.41052E+00    0.13745E+03
    0.41881E+00    0.13123E+03
    0.42727E+00    0.12509E+03
    0.43590E+00    0.11932E+03
    0.44471E+00    0.11404E+03
    0.45369E+00    0.10916E+03
    0.46286E+00    0.10449E+03
    0.47221E+00    0.99886E+02
    0.48174E+00    0.95344E+02
    0.49148E+00    0.90988E+02
    0.50141E+00    0.86896E+02
    0.51153E+00    0.83036E+02
    0.52187E+00    0.79358E+02
    0.53241E+00    0.75809E+02
    0.54317E+00    0.72364E+02
    0.55414E+00    0.69068E+02
    0.56533E+00    0.65945E+02
    0.57675E+00    0.62971E+02
    0.58840E+00    0.60124E+02
    0.60029E+00    0.57398E+02
    0.61242E+00    0.54788E+02
    0.62479E+00    0.52290E+02
    0.63741E+00    0.49900E+02
    0.65029E+00    0.47615E+02
    0.66342E+00    0.45429E+02
    0.67683E+00    0.43340E+02
    0.69050E+00    0.41344E+02
    0.70445E+00    0.39437E+02
    0.71868E+00    0.37615E+02
    0.73320E+00    0.35876E+02
    0.74801E+00    0.34215E+02
    0.76312E+00    0.32629E+02
    0.77854E+00    0.31115E+02
    0.79426E+00    0.29669E+02
    0.81031E+00    0.28289E+02
    0.82668E+00    0.26971E+02
    0.84338E+00    0.25713E+02
    0.86041E+00    0.24512E+02
    0.87780E+00    0.23365E+02
    0.89553E+00    0.22270E+02
    0.91362E+00    0.21226E+02
    0.93208E+00    0.20228E+02
    0.95091E+00    0.19277E+02
    0.97011E+00    0.18369E+02
    0.98971E+00    0.17502E+02
    0.10097E+01    0.16675E+02
    0.10301E+01    0.15887E+02
    0.10509E+01    0.15134E+02
    0.10721E+01    0.14416E+02
    0.10938E+01    0.13732E+02
    0.11159E+01    0.13079E+02
    0.11384E+01    0.12457E+02
    0.11614E+01    0.11863E+02
    0.11849E+01    0.11297E+02
    0.12088E+01    0.10757E+02
    0.12333E+01    0.10243E+02
    0.12582E+01    0.97527E+01
    0.12836E+01    0.92853E+01
    0.13095E+01    0.88398E+01
    0.13360E+01    0.84153E+01
    0.13630E+01    0.80107E+01
    0.13905E+01    0.76251E+01
    0.14186E+01    0.72577E+01
    0.14472E+01    0.69077E+01
    0.14765E+01    0.65741E+01
    0.15063E+01    0.62564E+01
    0.15367E+01    0.59536E+01
    0.15678E+01    0.56652E+01
    0.15994E+01    0.53905E+01
    0.16318E+01    0.51287E+01
    0.16647E+01    0.48794E+01
    0.16984E+01    0.46420E+01
    0.17327E+01    0.44158E+01
    0.17677E+01    0.42004E+01
    0.18034E+01    0.39952E+01
    0.18398E+01    0.37999E+01
    0.18770E+01    0.36139E+01
    0.19149E+01    0.34369E+01
    0.19536E+01    0.32685E+01
    0.19930E+01    0.31082E+01
    0.20333E+01    0.29557E+01
    0.20744E+01    0.28106E+01
    0.21163E+01    0.26726E+01
    0.21590E+01    0.25414E+01
