    0.10000E-03    0.26538E+03
    0.10202E-03    0.27057E+03
    0.10408E-03    0.27585E+03
    0.10618E-03    0.28125E+03
    0.10833E-03    0.28675E+03
    0.11052E-03    0.29235E+03
    0.11275E-03    0.29807E+03
    0.11503E-03    0.30389E+03
    0.11735E-03    0.30983E+03
    0.11972E-03    0.31589E+03
    0.12214E-03    0.32206E+03
    0.12461E-03    0.32836E+03
    0.12712E-03    0.33478E+03
    0.12969E-03    0.34132E+03
    0.13231E-03    0.34799E+03
    0.13499E-03    0.35479E+03
    0.13771E-03    0.36173E+03
    0.14049E-03    0.36880E+03
    0.14333E-03    0.37600E+03
    0.14623E-03    0.38335E+03
    0.14918E-03    0.39084E+03
    0.15220E-03    0.39848E+03
    0.15527E-03    0.40627E+03
    0.15841E-03    0.41421E+03
    0.16161E-03    0.42230E+03
    0.16487E-03    0.43055E+03
    0.16820E-03    0.43896E+03
    0.17160E-03    0.44754E+03
    0.17507E-03    0.45629E+03
    0.17860E-03    0.46520E+03
    0.18221E-03    0.47429E+03
    0.18589E-03    0.48355E+03
    0.18965E-03    0.49300E+03
    0.19348E-03    0.50263E+03
    0.19739E-03    0.51245E+03
    0.20138E-03    0.52246E+03
    0.20544E-03    0.53266E+03
    0.20959E-03    0.54307E+03
    0.21383E-03    0.55367E+03
    0.21815E-03    0.56449E+03
    0.22255E-03    0.57551E+03
    0.22705E-03    0.58675E+03
    0.23164E-03    0.59821E+03
    0.23632E-03    0.60989E+03
    0.24109E-03    0.62179E+03
    0.24596E-03    0.63393E+03
    0.25093E-03    0.64631E+03
    0.25600E-03    0.65892E+03
    0.26117E-03    0.67178E+03
    0.26645E-03    0.68490E+03
    0.27183E-03    0.69826E+03
    0.27732E-03    0.71189E+03
    0.28292E-03    0.72578E+03
    0.28864E-03    0.73994E+03
    0.29447E-03    0.75437E+03
    0.30042E-03    0.76909E+03
    0.30649E-03    0.78409E+03
    0.31268E-03    0.79938E+03
    0.31899E-03    0.81497E+03
    0.32544E-03    0.83087E+03
    0.33201E-03    0.84706E+03
    0.33872E-03    0.86358E+03
    0.34556E-03    0.88041E+03
    0.35254E-03    0.89757E+03
    0.35966E-03    0.91506E+03
    0.36693E-03    0.93289E+03
    0.37434E-03    0.95107E+03
    0.38190E-03    0.96960E+03
    0.38962E-03    0.98848E+03
    0.39749E-03    0.10077E+04
    0.40552E-03    0.10274E+04
    0.41371E-03    0.10474E+04
    0.42207E-03    0.10677E+04
    0.43060E-03    0.10885E+04
    0.43929E-03    0.11097E+04
    0.44817E-03    0.11313E+04
    0.45722E-03    0.11533E+04
    0.46646E-03    0.11757E+04
    0.47588E-03    0.11986E+04
    0.48550E-03    0.12219E+04
    0.49530E-03    0.12456E+04
    0.50531E-03    0.12698E+04
    0.51552E-03    0.12945E+04
    0.52593E-03    0.13196E+04
    0.53656E-03    0.13452E+04
    0.54739E-03    0.13713E+04
    0.55845E-03    0.13980E+04
    0.56973E-03    0.14251E+04
    0.58124E-03    0.14527E+04
    0.59299E-03    0.14809E+04
    0.60496E-03    0.15096E+04
    0.61719E-03    0.15388E+04
    0.62965E-03    0.15686E+04
    0.64237E-03    0.15990E+04
    0.65535E-03    0.16299E+04
    0.66859E-03    0.16615E+04
    0.68210E-03    0.16936E+04
    0.69588E-03    0.17263E+04
    0.70993E-03    0.17597E+04
    0.72427E-03    0.17937E+04
    0.73891E-03    0.18283E+04
    0.75383E-03    0.18636E+04
    0.76906E-03    0.18995E+04
    0.78460E-03    0.19362E+04
    0.80045E-03    0.19735E+04
    0.81662E-03    0.20115E+04
    0.83311E-03    0.20502E+04
    0.84994E-03    0.20897E+04
    0.86711E-03    0.21299E+04
    0.88463E-03    0.21708E+04
    0.90250E-03    0.22125E+04
    0.92073E-03    0.22550E+04
    0.93933E-03    0.22982E+04
    0.95831E-03    0.23423E+04
    0.97767E-03    0.23872E+04
    0.99742E-03    0.24329E+04
    0.10176E-02    0.24794E+04
    0.10381E-02    0.25268E+04
    0.10591E-02    0.25751E+04
    0.10805E-02    0.26243E+04
    0.11023E-02    0.26744E+04
    0.11246E-02    0.27253E+04
    0.11473E-02    0.27772E+04
    0.11705E-02    0.28301E+04
    0.11941E-02    0.28839E+04
    0.12182E-02    0.29387E+04
    0.12429E-02    0.29945E+04
    0.12680E-02    0.30512E+04
    0.12936E-02    0.31091E+04
    0.13197E-02    0.31679E+04
    0.13464E-02    0.32278E+04
    0.13736E-02    0.32887E+04
    0.14013E-02    0.33508E+04
    0.14296E-02    0.34139E+04
    0.14585E-02    0.34782E+04
    0.14880E-02    0.35436E+04
    0.15180E-02    0.36101E+04
    0.15487E-02    0.36778E+04
    0.15800E-02    0.37467E+04
    0.16119E-02    0.38167E+04
    0.16445E-02    0.38880E+04
    0.16777E-02    0.39605E+04
    0.17116E-02    0.40343E+04
    0.17462E-02    0.41093E+04
    0.17814E-02    0.41856E+04
    0.18174E-02    0.42632E+04
    0.18541E-02    0.43422E+04
    0.18916E-02    0.44224E+04
    0.19298E-02    0.45040E+04
    0.19688E-02    0.45869E+04
    0.20086E-02    0.46713E+04
    0.20491E-02    0.47570E+04
    0.20905E-02    0.48441E+04
    0.21328E-02    0.49326E+04
    0.21758E-02    0.50226E+04
    0.22198E-02    0.51141E+04
    0.22646E-02    0.52070E+04
    0.23104E-02    0.53013E+04
    0.23571E-02    0.53972E+04
    0.24047E-02    0.54946E+04
    0.24533E-02    0.55936E+04
    0.25028E-02    0.56940E+04
    0.25534E-02    0.57960E+04
    0.26050E-02    0.58996E+04
    0.26576E-02    0.60048E+04
    0.27113E-02    0.61115E+04
    0.27660E-02    0.62199E+04
    0.28219E-02    0.63299E+04
    0.28789E-02    0.64415E+04
    0.29371E-02    0.65547E+04
    0.29964E-02    0.66696E+04
    0.30569E-02    0.67861E+04
    0.31187E-02    0.69043E+04
    0.31817E-02    0.70241E+04
    0.32460E-02    0.71456E+04
    0.33115E-02    0.72688E+04
    0.33784E-02    0.73937E+04
    0.34467E-02    0.75203E+04
    0.35163E-02    0.76486E+04
    0.35874E-02    0.77785E+04
    0.36598E-02    0.79102E+04
    0.37338E-02    0.80436E+04
    0.38092E-02    0.81786E+04
    0.38861E-02    0.83154E+04
    0.39646E-02    0.84538E+04
    0.40447E-02    0.85940E+04
    0.41264E-02    0.87358E+04
    0.42098E-02    0.88793E+04
    0.42948E-02    0.90245E+04
    0.43816E-02    0.91714E+04
    0.44701E-02    0.93199E+04
    0.45604E-02    0.94701E+04
    0.46525E-02    0.96219E+04
    0.47465E-02    0.97753E+04
    0.48424E-02    0.99303E+04
    0.49402E-02    0.10087E+05
    0.50400E-02    0.10245E+05
    0.51419E-02    0.10405E+05
    0.52457E-02    0.10566E+05
    0.53517E-02    0.10729E+05
    0.54598E-02    0.10893E+05
    0.55701E-02    0.11058E+05
    0.56826E-02    0.11225E+05
    0.57974E-02    0.11393E+05
    0.59145E-02    0.11563E+05
    0.60340E-02    0.11734E+05
    0.61559E-02    0.11906E+05
    0.62803E-02    0.12080E+05
    0.64072E-02    0.12254E+05
    0.65366E-02    0.12430E+05
    0.66686E-02    0.12606E+05
    0.68033E-02    0.12784E+05
    0.69408E-02    0.12963E+05
    0.70810E-02    0.13142E+05
    0.72240E-02    0.13323E+05
    0.73700E-02    0.13503E+05
    0.75189E-02    0.13685E+05
    0.76708E-02    0.13867E+05
    0.78257E-02    0.14050E+05
    0.79838E-02    0.14233E+05
    0.81451E-02    0.14416E+05
    0.83096E-02    0.14600E+05
    0.84775E-02    0.14784E+05
    0.86488E-02    0.14967E+05
    0.88235E-02    0.15151E+05
    0.90017E-02    0.15335E+05
    0.91836E-02    0.15518E+05
    0.93691E-02    0.15701E+05
    0.95583E-02    0.15883E+05
    0.97514E-02    0.16065E+05
    0.99484E-02    0.16246E+05
    0.10149E-01    0.16426E+05
    0.10354E-01    0.16605E+05
    0.10564E-01    0.16783E+05
    0.10777E-01    0.16959E+05
    0.10995E-01    0.17134E+05
    0.11217E-01    0.17308E+05
    0.11443E-01    0.17480E+05
    0.11675E-01    0.17649E+05
    0.11910E-01    0.17817E+05
    0.12151E-01    0.17982E+05
    0.12397E-01    0.18145E+05
    0.12647E-01    0.18305E+05
    0.12902E-01    0.18463E+05
    0.13163E-01    0.18617E+05
    0.13429E-01    0.18768E+05
    0.13700E-01    0.18916E+05
    0.13977E-01    0.19060E+05
    0.14259E-01    0.19200E+05
    0.14547E-01    0.19336E+05
    0.14841E-01    0.19468E+05
    0.15141E-01    0.19595E+05
    0.15447E-01    0.19718E+05
    0.15759E-01    0.19835E+05
    0.16077E-01    0.19948E+05
    0.16402E-01    0.20055E+05
    0.16734E-01    0.20157E+05
    0.17072E-01    0.20252E+05
    0.17416E-01    0.20342E+05
    0.17768E-01    0.20425E+05
    0.18127E-01    0.20502E+05
    0.18493E-01    0.20572E+05
    0.18867E-01    0.20635E+05
    0.19248E-01    0.20691E+05
    0.19637E-01    0.20740E+05
    0.20034E-01    0.20781E+05
    0.20438E-01    0.20814E+05
    0.20851E-01    0.20840E+05
    0.21272E-01    0.20857E+05
    0.21702E-01    0.20866E+05
    0.22141E-01    0.20867E+05
    0.22588E-01    0.20858E+05
    0.23044E-01    0.20842E+05
    0.23510E-01    0.20816E+05
    0.23985E-01    0.20781E+05
    0.24469E-01    0.20738E+05
    0.24964E-01    0.20685E+05
    0.25468E-01    0.20624E+05
    0.25982E-01    0.20553E+05
    0.26507E-01    0.20473E+05
    0.27043E-01    0.20384E+05
    0.27589E-01    0.20286E+05
    0.28146E-01    0.20180E+05
    0.28715E-01    0.20064E+05
    0.29295E-01    0.19940E+05
    0.29887E-01    0.19808E+05
    0.30490E-01    0.19668E+05
    0.31106E-01    0.19519E+05
    0.31735E-01    0.19364E+05
    0.32376E-01    0.19200E+05
    0.33030E-01    0.19030E+05
    0.33697E-01    0.18854E+05
    0.34378E-01    0.18671E+05
    0.35072E-01    0.18483E+05
    0.35781E-01    0.18290E+05
    0.36504E-01    0.18092E+05
    0.37241E-01    0.17890E+05
    0.37993E-01    0.17685E+05
    0.38761E-01    0.17476E+05
    0.39544E-01    0.17266E+05
    0.40343E-01    0.17053E+05
    0.41158E-01    0.16839E+05
    0.41989E-01    0.16625E+05
    0.42838E-01    0.16410E+05
    0.43703E-01    0.16196E+05
    0.44586E-01    0.15982E+05
    0.45486E-01    0.15771E+05
    0.46405E-01    0.15561E+05
    0.47343E-01    0.15354E+05
    0.48299E-01    0.15151E+05
    0.49275E-01    0.14951E+05
    0.50270E-01    0.14756E+05
    0.51286E-01    0.14565E+05
    0.52322E-01    0.14380E+05
    0.53379E-01    0.14199E+05
    0.54457E-01    0.14023E+05
    0.55557E-01    0.13851E+05
    0.56680E-01    0.13684E+05
    0.57825E-01    0.13520E+05
    0.58993E-01    0.13359E+05
    0.60184E-01    0.13201E+05
    0.61400E-01    0.13045E+05
    0.62641E-01    0.12890E+05
    0.63906E-01    0.12736E+05
    0.65197E-01    0.12582E+05
    0.66514E-01    0.12427E+05
    0.67858E-01    0.12270E+05
    0.69229E-01    0.12110E+05
    0.70627E-01    0.11947E+05
    0.72054E-01    0.11780E+05
    0.73510E-01    0.11608E+05
    0.74994E-01    0.11429E+05
    0.76509E-01    0.11244E+05
    0.78055E-01    0.11052E+05
    0.79632E-01    0.10851E+05
    0.81241E-01    0.10642E+05
    0.82882E-01    0.10424E+05
    0.84556E-01    0.10200E+05
    0.86264E-01    0.99679E+04
    0.88007E-01    0.97306E+04
    0.89785E-01    0.94884E+04
    0.91598E-01    0.92426E+04
    0.93449E-01    0.89951E+04
    0.95337E-01    0.87475E+04
    0.97263E-01    0.85016E+04
    0.99227E-01    0.82595E+04
    0.10123E+00    0.80228E+04
    0.10328E+00    0.77935E+04
    0.10536E+00    0.75730E+04
    0.10749E+00    0.73628E+04
    0.10966E+00    0.71641E+04
    0.11188E+00    0.69779E+04
    0.11414E+00    0.68047E+04
    0.11644E+00    0.66444E+04
    0.11880E+00    0.64967E+04
    0.12120E+00    0.63602E+04
    0.12365E+00    0.62334E+04
    0.12614E+00    0.61137E+04
    0.12869E+00    0.59987E+04
    0.13129E+00    0.58855E+04
    0.13394E+00    0.57715E+04
    0.13665E+00    0.56541E+04
    0.13941E+00    0.55314E+04
    0.14223E+00    0.54019E+04
    0.14510E+00    0.52650E+04
    0.14803E+00    0.51205E+04
    0.15102E+00    0.49691E+04
    0.15407E+00    0.48123E+04
    0.15718E+00    0.46520E+04
    0.16036E+00    0.44906E+04
    0.16360E+00    0.43306E+04
    0.16690E+00    0.41748E+04
    0.17028E+00    0.40256E+04
    0.17371E+00    0.38853E+04
    0.17722E+00    0.37558E+04
    0.18080E+00    0.36381E+04
    0.18446E+00    0.35324E+04
    0.18818E+00    0.34375E+04
    0.19198E+00    0.33513E+04
    0.19586E+00    0.32707E+04
    0.19982E+00    0.31925E+04
    0.20386E+00    0.31138E+04
    0.20797E+00    0.30322E+04
    0.21218E+00    0.29461E+04
    0.21646E+00    0.28548E+04
    0.22083E+00    0.27585E+04
    0.22530E+00    0.26587E+04
    0.22985E+00    0.25579E+04
    0.23449E+00    0.24590E+04
    0.23923E+00    0.23647E+04
    0.24406E+00    0.22769E+04
    0.24899E+00    0.21967E+04
    0.25402E+00    0.21243E+04
    0.25915E+00    0.20588E+04
    0.26439E+00    0.19986E+04
    0.26973E+00    0.19412E+04
    0.27518E+00    0.18840E+04
    0.28074E+00    0.18252E+04
    0.28641E+00    0.17639E+04
    0.29219E+00    0.17001E+04
    0.29810E+00    0.16353E+04
    0.30412E+00    0.15713E+04
    0.31026E+00    0.15102E+04
    0.31653E+00    0.14532E+04
    0.32292E+00    0.14008E+04
    0.32945E+00    0.13527E+04
    0.33610E+00    0.13080E+04
    0.34289E+00    0.12650E+04
    0.34982E+00    0.12221E+04
    0.35689E+00    0.11785E+04
    0.36409E+00    0.11343E+04
    0.37145E+00    0.10903E+04
    0.37895E+00    0.10475E+04
    0.38661E+00    0.10070E+04
    0.39442E+00    0.96914E+03
    0.40239E+00    0.93382E+03
    0.41052E+00    0.90030E+03
    0.41881E+00    0.86771E+03
    0.42727E+00    0.83542E+03
    0.43590E+00    0.80331E+03
    0.44471E+00    0.77178E+03
    0.45369E+00    0.74137E+03
    0.46286E+00    0.71246E+03
    0.47221E+00    0.68513E+03
    0.48174E+00    0.65912E+03
    0.49148E+00    0.63398E+03
    0.50141E+00    0.60937E+03
    0.51153E+00    0.58530E+03
    0.52187E+00    0.56199E+03
    0.53241E+00    0.53961E+03
    0.54317E+00    0.51826E+03
    0.55414E+00    0.49786E+03
    0.56533E+00    0.47818E+03
    0.57675E+00    0.45907E+03
    0.58840E+00    0.44057E+03
    0.60029E+00    0.42275E+03
    0.61242E+00    0.40565E+03
    0.62479E+00    0.38927E+03
    0.63741E+00    0.37351E+03
    0.65029E+00    0.35829E+03
    0.66342E+00    0.34362E+03
    0.67683E+00    0.32951E+03
    0.69050E+00    0.31596E+03
    0.70445E+00    0.30295E+03
    0.71868E+00    0.29044E+03
    0.73320E+00    0.27841E+03
    0.74801E+00    0.26683E+03
    0.76312E+00    0.25571E+03
    0.77854E+00    0.24501E+03
    0.79426E+00    0.23474E+03
    0.81031E+00    0.22486E+03
    0.82668E+00    0.21538E+03
    0.84338E+00    0.20627E+03
    0.86041E+00    0.19752E+03
    0.87780E+00    0.18913E+03
    0.89553E+00    0.18107E+03
    0.91362E+00    0.17334E+03
    0.93208E+00    0.16592E+03
    0.95091E+00    0.15880E+03
    0.97011E+00    0.15197E+03
    0.98971E+00    0.14542E+03
    0.10097E+01    0.13914E+03
    0.10301E+01    0.13312E+03
    0.10509E+01    0.12734E+03
    0.10721E+01    0.12180E+03
    0.10938E+01    0.11649E+03
    0.11159E+01    0.11140E+03
    0.11384E+01    0.10653E+03
    0.11614E+01    0.10185E+03
    0.11849E+01    0.97372E+02
    0.12088E+01    0.93082E+02
    0.12333E+01    0.88971E+02
    0.12582E+01    0.85035E+02
    0.12836E+01    0.81265E+02
    0.13095E+01    0.77655E+02
    0.13360E+01    0.74199E+02
    0.13630E+01    0.70891E+02
    0.13905E+01    0.67725E+02
    0.14186E+01    0.64694E+02
    0.14472E+01    0.61794E+02
    0.14765E+01    0.59019E+02
    0.15063E+01    0.56363E+02
    0.15367E+01    0.53823E+02
    0.15678E+01    0.51391E+02
    0.15994E+01    0.49066E+02
    0.16318E+01    0.46841E+02
    0.16647E+01    0.44712E+02
    0.16984E+01    0.42676E+02
    0.17327E+01    0.40729E+02
    0.17677E+01    0.38867E+02
    0.18034E+01    0.37087E+02
    0.18398E+01    0.35386E+02
    0.18770E+01    0.33760E+02
    0.19149E+01    0.32207E+02
    0.19536E+01    0.30724E+02
    0.19930E+01    0.29308E+02
    0.20333E+01    0.27956E+02
    0.20744E+01    0.26666E+02
    0.21163E+01    0.25435E+02
