    0.10000E-03    0.66646E+03
    0.10202E-03    0.67948E+03
    0.10408E-03    0.69276E+03
    0.10618E-03    0.70629E+03
    0.10833E-03    0.72009E+03
    0.11052E-03    0.73415E+03
    0.11275E-03    0.74849E+03
    0.11503E-03    0.76311E+03
    0.11735E-03    0.77802E+03
    0.11972E-03    0.79322E+03
    0.12214E-03    0.80871E+03
    0.12461E-03    0.82450E+03
    0.12712E-03    0.84060E+03
    0.12969E-03    0.85702E+03
    0.13231E-03    0.87375E+03
    0.13499E-03    0.89081E+03
    0.13771E-03    0.90820E+03
    0.14049E-03    0.92593E+03
    0.14333E-03    0.94401E+03
    0.14623E-03    0.96243E+03
    0.14918E-03    0.98122E+03
    0.15220E-03    0.10004E+04
    0.15527E-03    0.10199E+04
    0.15841E-03    0.10398E+04
    0.16161E-03    0.10601E+04
    0.16487E-03    0.10808E+04
    0.16820E-03    0.11018E+04
    0.17160E-03    0.11233E+04
    0.17507E-03    0.11453E+04
    0.17860E-03    0.11676E+04
    0.18221E-03    0.11904E+04
    0.18589E-03    0.12136E+04
    0.18965E-03    0.12372E+04
    0.19348E-03    0.12613E+04
    0.19739E-03    0.12859E+04
    0.20138E-03    0.13110E+04
    0.20544E-03    0.13365E+04
    0.20959E-03    0.13626E+04
    0.21383E-03    0.13891E+04
    0.21815E-03    0.14162E+04
    0.22255E-03    0.14438E+04
    0.22705E-03    0.14719E+04
    0.23164E-03    0.15005E+04
    0.23632E-03    0.15297E+04
    0.24109E-03    0.15595E+04
    0.24596E-03    0.15899E+04
    0.25093E-03    0.16208E+04
    0.25600E-03    0.16523E+04
    0.26117E-03    0.16844E+04
    0.26645E-03    0.17172E+04
    0.27183E-03    0.17506E+04
    0.27732E-03    0.17846E+04
    0.28292E-03    0.18193E+04
    0.28864E-03    0.18546E+04
    0.29447E-03    0.18906E+04
    0.30042E-03    0.19273E+04
    0.30649E-03    0.19647E+04
    0.31268E-03    0.20028E+04
    0.31899E-03    0.20417E+04
    0.32544E-03    0.20813E+04
    0.33201E-03    0.21216E+04
    0.33872E-03    0.21627E+04
    0.34556E-03    0.22046E+04
    0.35254E-03    0.22473E+04
    0.35966E-03    0.22908E+04
    0.36693E-03    0.23352E+04
    0.37434E-03    0.23803E+04
    0.38190E-03    0.24264E+04
    0.38962E-03    0.24733E+04
    0.39749E-03    0.25210E+04
    0.40552E-03    0.25697E+04
    0.41371E-03    0.26193E+04
    0.42207E-03    0.26698E+04
    0.43060E-03    0.27213E+04
    0.43929E-03    0.27738E+04
    0.44817E-03    0.28272E+04
    0.45722E-03    0.28816E+04
    0.46646E-03    0.29371E+04
    0.47588E-03    0.29935E+04
    0.48550E-03    0.30511E+04
    0.49530E-03    0.31096E+04
    0.50531E-03    0.31693E+04
    0.51552E-03    0.32301E+04
    0.52593E-03    0.32920E+04
    0.53656E-03    0.33551E+04
    0.54739E-03    0.34193E+04
    0.55845E-03    0.34847E+04
    0.56973E-03    0.35513E+04
    0.58124E-03    0.36191E+04
    0.59299E-03    0.36882E+04
    0.60496E-03    0.37585E+04
    0.61719E-03    0.38301E+04
    0.62965E-03    0.39029E+04
    0.64237E-03    0.39771E+04
    0.65535E-03    0.40527E+04
    0.66859E-03    0.41296E+04
    0.68210E-03    0.42079E+04
    0.69588E-03    0.42876E+04
    0.70993E-03    0.43687E+04
    0.72427E-03    0.44512E+04
    0.73891E-03    0.45353E+04
    0.75383E-03    0.46208E+04
    0.76906E-03    0.47078E+04
    0.78460E-03    0.47964E+04
    0.80045E-03    0.48865E+04
    0.81662E-03    0.49781E+04
    0.83311E-03    0.50714E+04
    0.84994E-03    0.51663E+04
    0.86711E-03    0.52629E+04
    0.88463E-03    0.53611E+04
    0.90250E-03    0.54609E+04
    0.92073E-03    0.55625E+04
    0.93933E-03    0.56659E+04
    0.95831E-03    0.57709E+04
    0.97767E-03    0.58778E+04
    0.99742E-03    0.59864E+04
    0.10176E-02    0.60969E+04
    0.10381E-02    0.62092E+04
    0.10591E-02    0.63234E+04
    0.10805E-02    0.64394E+04
    0.11023E-02    0.65573E+04
    0.11246E-02    0.66772E+04
    0.11473E-02    0.67990E+04
    0.11705E-02    0.69228E+04
    0.11941E-02    0.70485E+04
    0.12182E-02    0.71763E+04
    0.12429E-02    0.73060E+04
    0.12680E-02    0.74379E+04
    0.12936E-02    0.75717E+04
    0.13197E-02    0.77077E+04
    0.13464E-02    0.78457E+04
    0.13736E-02    0.79858E+04
    0.14013E-02    0.81281E+04
    0.14296E-02    0.82725E+04
    0.14585E-02    0.84191E+04
    0.14880E-02    0.85678E+04
    0.15180E-02    0.87187E+04
    0.15487E-02    0.88718E+04
    0.15800E-02    0.90271E+04
    0.16119E-02    0.91846E+04
    0.16445E-02    0.93444E+04
    0.16777E-02    0.95063E+04
    0.17116E-02    0.96705E+04
    0.17462E-02    0.98370E+04
    0.17814E-02    0.10006E+05
    0.18174E-02    0.10177E+05
    0.18541E-02    0.10350E+05
    0.18916E-02    0.10525E+05
    0.19298E-02    0.10703E+05
    0.19688E-02    0.10883E+05
    0.20086E-02    0.11065E+05
    0.20491E-02    0.11250E+05
    0.20905E-02    0.11437E+05
    0.21328E-02    0.11625E+05
    0.21758E-02    0.11817E+05
    0.22198E-02    0.12010E+05
    0.22646E-02    0.12206E+05
    0.23104E-02    0.12404E+05
    0.23571E-02    0.12604E+05
    0.24047E-02    0.12806E+05
    0.24533E-02    0.13010E+05
    0.25028E-02    0.13216E+05
    0.25534E-02    0.13425E+05
    0.26050E-02    0.13635E+05
    0.26576E-02    0.13848E+05
    0.27113E-02    0.14063E+05
    0.27660E-02    0.14279E+05
    0.28219E-02    0.14498E+05
    0.28789E-02    0.14718E+05
    0.29371E-02    0.14940E+05
    0.29964E-02    0.15164E+05
    0.30569E-02    0.15390E+05
    0.31187E-02    0.15618E+05
    0.31817E-02    0.15847E+05
    0.32460E-02    0.16078E+05
    0.33115E-02    0.16310E+05
    0.33784E-02    0.16544E+05
    0.34467E-02    0.16779E+05
    0.35163E-02    0.17016E+05
    0.35874E-02    0.17254E+05
    0.36598E-02    0.17493E+05
    0.37338E-02    0.17733E+05
    0.38092E-02    0.17975E+05
    0.38861E-02    0.18217E+05
    0.39646E-02    0.18460E+05
    0.40447E-02    0.18704E+05
    0.41264E-02    0.18949E+05
    0.42098E-02    0.19195E+05
    0.42948E-02    0.19440E+05
    0.43816E-02    0.19687E+05
    0.44701E-02    0.19933E+05
    0.45604E-02    0.20180E+05
    0.46525E-02    0.20427E+05
    0.47465E-02    0.20673E+05
    0.48424E-02    0.20920E+05
    0.49402E-02    0.21166E+05
    0.50400E-02    0.21412E+05
    0.51419E-02    0.21658E+05
    0.52457E-02    0.21902E+05
    0.53517E-02    0.22146E+05
    0.54598E-02    0.22388E+05
    0.55701E-02    0.22630E+05
    0.56826E-02    0.22869E+05
    0.57974E-02    0.23107E+05
    0.59145E-02    0.23344E+05
    0.60340E-02    0.23578E+05
    0.61559E-02    0.23811E+05
    0.62803E-02    0.24041E+05
    0.64072E-02    0.24268E+05
    0.65366E-02    0.24493E+05
    0.66686E-02    0.24715E+05
    0.68033E-02    0.24934E+05
    0.69408E-02    0.25149E+05
    0.70810E-02    0.25361E+05
    0.72240E-02    0.25569E+05
    0.73700E-02    0.25773E+05
    0.75189E-02    0.25973E+05
    0.76708E-02    0.26169E+05
    0.78257E-02    0.26359E+05
    0.79838E-02    0.26546E+05
    0.81451E-02    0.26726E+05
    0.83096E-02    0.26902E+05
    0.84775E-02    0.27072E+05
    0.86488E-02    0.27236E+05
    0.88235E-02    0.27393E+05
    0.90017E-02    0.27544E+05
    0.91836E-02    0.27689E+05
    0.93691E-02    0.27826E+05
    0.95583E-02    0.27956E+05
    0.97514E-02    0.28078E+05
    0.99484E-02    0.28192E+05
    0.10149E-01    0.28298E+05
    0.10354E-01    0.28396E+05
    0.10564E-01    0.28485E+05
    0.10777E-01    0.28564E+05
    0.10995E-01    0.28635E+05
    0.11217E-01    0.28695E+05
    0.11443E-01    0.28746E+05
    0.11675E-01    0.28786E+05
    0.11910E-01    0.28816E+05
    0.12151E-01    0.28835E+05
    0.12397E-01    0.28843E+05
    0.12647E-01    0.28839E+05
    0.12902E-01    0.28824E+05
    0.13163E-01    0.28796E+05
    0.13429E-01    0.28757E+05
    0.13700E-01    0.28705E+05
    0.13977E-01    0.28640E+05
    0.14259E-01    0.28562E+05
    0.14547E-01    0.28471E+05
    0.14841E-01    0.28366E+05
    0.15141E-01    0.28248E+05
    0.15447E-01    0.28117E+05
    0.15759E-01    0.27971E+05
    0.16077E-01    0.27811E+05
    0.16402E-01    0.27637E+05
    0.16734E-01    0.27449E+05
    0.17072E-01    0.27247E+05
    0.17416E-01    0.27030E+05
    0.17768E-01    0.26799E+05
    0.18127E-01    0.26554E+05
    0.18493E-01    0.26295E+05
    0.18867E-01    0.26022E+05
    0.19248E-01    0.25734E+05
    0.19637E-01    0.25434E+05
    0.20034E-01    0.25120E+05
    0.20438E-01    0.24792E+05
    0.20851E-01    0.24452E+05
    0.21272E-01    0.24100E+05
    0.21702E-01    0.23736E+05
    0.22141E-01    0.23361E+05
    0.22588E-01    0.22974E+05
    0.23044E-01    0.22578E+05
    0.23510E-01    0.22172E+05
    0.23985E-01    0.21758E+05
    0.24469E-01    0.21335E+05
    0.24964E-01    0.20905E+05
    0.25468E-01    0.20469E+05
    0.25982E-01    0.20028E+05
    0.26507E-01    0.19582E+05
    0.27043E-01    0.19133E+05
    0.27589E-01    0.18681E+05
    0.28146E-01    0.18229E+05
    0.28715E-01    0.17776E+05
    0.29295E-01    0.17325E+05
    0.29887E-01    0.16875E+05
    0.30490E-01    0.16429E+05
    0.31106E-01    0.15988E+05
    0.31735E-01    0.15552E+05
    0.32376E-01    0.15123E+05
    0.33030E-01    0.14702E+05
    0.33697E-01    0.14290E+05
    0.34378E-01    0.13888E+05
    0.35072E-01    0.13497E+05
    0.35781E-01    0.13118E+05
    0.36504E-01    0.12753E+05
    0.37241E-01    0.12400E+05
    0.37993E-01    0.12062E+05
    0.38761E-01    0.11739E+05
    0.39544E-01    0.11431E+05
    0.40343E-01    0.11138E+05
    0.41158E-01    0.10862E+05
    0.41989E-01    0.10601E+05
    0.42838E-01    0.10358E+05
    0.43703E-01    0.10132E+05
    0.44586E-01    0.99226E+04
    0.45486E-01    0.97298E+04
    0.46405E-01    0.95520E+04
    0.47343E-01    0.93879E+04
    0.48299E-01    0.92364E+04
    0.49275E-01    0.90962E+04
    0.50270E-01    0.89660E+04
    0.51286E-01    0.88444E+04
    0.52322E-01    0.87301E+04
    0.53379E-01    0.86218E+04
    0.54457E-01    0.85179E+04
    0.55557E-01    0.84168E+04
    0.56680E-01    0.83170E+04
    0.57825E-01    0.82165E+04
    0.58993E-01    0.81131E+04
    0.60184E-01    0.80046E+04
    0.61400E-01    0.78889E+04
    0.62641E-01    0.77638E+04
    0.63906E-01    0.76271E+04
    0.65197E-01    0.74772E+04
    0.66514E-01    0.73128E+04
    0.67858E-01    0.71333E+04
    0.69229E-01    0.69383E+04
    0.70627E-01    0.67289E+04
    0.72054E-01    0.65064E+04
    0.73510E-01    0.62724E+04
    0.74994E-01    0.60292E+04
    0.76509E-01    0.57793E+04
    0.78055E-01    0.55256E+04
    0.79632E-01    0.52712E+04
    0.81241E-01    0.50192E+04
    0.82882E-01    0.47727E+04
    0.84556E-01    0.45347E+04
    0.86264E-01    0.43083E+04
    0.88007E-01    0.40964E+04
    0.89785E-01    0.39015E+04
    0.91598E-01    0.37254E+04
    0.93449E-01    0.35697E+04
    0.95337E-01    0.34352E+04
    0.97263E-01    0.33215E+04
    0.99227E-01    0.32277E+04
    0.10123E+00    0.31521E+04
    0.10328E+00    0.30921E+04
    0.10536E+00    0.30448E+04
    0.10749E+00    0.30066E+04
    0.10966E+00    0.29737E+04
    0.11188E+00    0.29423E+04
    0.11414E+00    0.29082E+04
    0.11644E+00    0.28680E+04
    0.11880E+00    0.28185E+04
    0.12120E+00    0.27571E+04
    0.12365E+00    0.26825E+04
    0.12614E+00    0.25939E+04
    0.12869E+00    0.24923E+04
    0.13129E+00    0.23792E+04
    0.13394E+00    0.22580E+04
    0.13665E+00    0.21327E+04
    0.13941E+00    0.20084E+04
    0.14223E+00    0.18898E+04
    0.14510E+00    0.17814E+04
    0.14803E+00    0.16860E+04
    0.15102E+00    0.16054E+04
    0.15407E+00    0.15399E+04
    0.15718E+00    0.14886E+04
    0.16036E+00    0.14501E+04
    0.16360E+00    0.14218E+04
    0.16690E+00    0.14002E+04
    0.17028E+00    0.13810E+04
    0.17371E+00    0.13597E+04
    0.17722E+00    0.13324E+04
    0.18080E+00    0.12967E+04
    0.18446E+00    0.12518E+04
    0.18818E+00    0.11985E+04
    0.19198E+00    0.11388E+04
    0.19586E+00    0.10759E+04
    0.19982E+00    0.10137E+04
    0.20386E+00    0.95590E+03
    0.20797E+00    0.90535E+03
    0.21218E+00    0.86363E+03
    0.21646E+00    0.83096E+03
    0.22083E+00    0.80615E+03
    0.22530E+00    0.78672E+03
    0.22985E+00    0.76942E+03
    0.23449E+00    0.75108E+03
    0.23923E+00    0.72936E+03
    0.24406E+00    0.70314E+03
    0.24899E+00    0.67259E+03
    0.25402E+00    0.63914E+03
    0.25915E+00    0.60518E+03
    0.26439E+00    0.57332E+03
    0.26973E+00    0.54546E+03
    0.27518E+00    0.52235E+03
    0.28074E+00    0.50355E+03
    0.28641E+00    0.48773E+03
    0.29219E+00    0.47304E+03
    0.29810E+00    0.45760E+03
    0.30412E+00    0.44029E+03
    0.31026E+00    0.42119E+03
    0.31653E+00    0.40119E+03
    0.32292E+00    0.38156E+03
    0.32945E+00    0.36356E+03
    0.33610E+00    0.34790E+03
    0.34289E+00    0.33437E+03
    0.34982E+00    0.32222E+03
    0.35689E+00    0.31041E+03
    0.36409E+00    0.29818E+03
    0.37145E+00    0.28539E+03
    0.37895E+00    0.27237E+03
    0.38661E+00    0.25982E+03
    0.39442E+00    0.24828E+03
    0.40239E+00    0.23785E+03
    0.41052E+00    0.22831E+03
    0.41881E+00    0.21915E+03
    0.42727E+00    0.21000E+03
    0.43590E+00    0.20082E+03
    0.44471E+00    0.19182E+03
    0.45369E+00    0.18329E+03
    0.46286E+00    0.17536E+03
    0.47221E+00    0.16795E+03
    0.48174E+00    0.16086E+03
    0.49148E+00    0.15392E+03
    0.50141E+00    0.14712E+03
    0.51153E+00    0.14059E+03
    0.52187E+00    0.13440E+03
    0.53241E+00    0.12856E+03
    0.54317E+00    0.12296E+03
    0.55414E+00    0.11756E+03
    0.56533E+00    0.11235E+03
    0.57675E+00    0.10735E+03
    0.58840E+00    0.10259E+03
    0.60029E+00    0.98056E+02
    0.61242E+00    0.93714E+02
    0.62479E+00    0.89551E+02
    0.63741E+00    0.85561E+02
    0.65029E+00    0.81737E+02
    0.66342E+00    0.78073E+02
    0.67683E+00    0.74565E+02
    0.69050E+00    0.71207E+02
    0.70445E+00    0.67993E+02
    0.71868E+00    0.64918E+02
    0.73320E+00    0.61977E+02
    0.74801E+00    0.59164E+02
    0.76312E+00    0.56476E+02
    0.77854E+00    0.53907E+02
    0.79426E+00    0.51451E+02
    0.81031E+00    0.49103E+02
    0.82668E+00    0.46860E+02
    0.84338E+00    0.44716E+02
    0.86041E+00    0.42668E+02
    0.87780E+00    0.40710E+02
    0.89553E+00    0.38839E+02
    0.91362E+00    0.37051E+02
    0.93208E+00    0.35343E+02
    0.95091E+00    0.33711E+02
    0.97011E+00    0.32152E+02
    0.98971E+00    0.30663E+02
    0.10097E+01    0.29240E+02
    0.10301E+01    0.27882E+02
    0.10509E+01    0.26584E+02
    0.10721E+01    0.25345E+02
    0.10938E+01    0.24163E+02
    0.11159E+01    0.23033E+02
    0.11384E+01    0.21955E+02
    0.11614E+01    0.20926E+02
    0.11849E+01    0.19944E+02
    0.12088E+01    0.19007E+02
    0.12333E+01    0.18112E+02
    0.12582E+01    0.17259E+02
    0.12836E+01    0.16445E+02
    0.13095E+01    0.15668E+02
    0.13360E+01    0.14927E+02
    0.13630E+01    0.14220E+02
    0.13905E+01    0.13546E+02
    0.14186E+01    0.12903E+02
    0.14472E+01    0.12290E+02
    0.14765E+01    0.11705E+02
    0.15063E+01    0.11147E+02
    0.15367E+01    0.10616E+02
    0.15678E+01    0.10109E+02
    0.15994E+01    0.96256E+01
    0.16318E+01    0.91648E+01
    0.16647E+01    0.87256E+01
    0.16984E+01    0.83069E+01
    0.17327E+01    0.79078E+01
    0.17677E+01    0.75274E+01
    0.18034E+01    0.71648E+01
    0.18398E+01    0.68192E+01
    0.18770E+01    0.64898E+01
    0.19149E+01    0.61760E+01
    0.19536E+01    0.58770E+01
    0.19930E+01    0.55922E+01
    0.20333E+01    0.53210E+01
    0.20744E+01    0.50628E+01
    0.21163E+01    0.48169E+01
    0.21590E+01    0.45829E+01
    0.22026E+01    0.43601E+01
    0.22471E+01    0.41482E+01
