    0.10000E-03    0.26902E+03
    0.10202E-03    0.27428E+03
    0.10408E-03    0.27964E+03
    0.10618E-03    0.28511E+03
    0.10833E-03    0.29068E+03
    0.11052E-03    0.29637E+03
    0.11275E-03    0.30216E+03
    0.11503E-03    0.30806E+03
    0.11735E-03    0.31409E+03
    0.11972E-03    0.32023E+03
    0.12214E-03    0.32648E+03
    0.12461E-03    0.33287E+03
    0.12712E-03    0.33937E+03
    0.12969E-03    0.34601E+03
    0.13231E-03    0.35277E+03
    0.13499E-03    0.35966E+03
    0.13771E-03    0.36669E+03
    0.14049E-03    0.37386E+03
    0.14333E-03    0.38116E+03
    0.14623E-03    0.38861E+03
    0.14918E-03    0.39621E+03
    0.15220E-03    0.40395E+03
    0.15527E-03    0.41184E+03
    0.15841E-03    0.41989E+03
    0.16161E-03    0.42810E+03
    0.16487E-03    0.43646E+03
    0.16820E-03    0.44499E+03
    0.17160E-03    0.45368E+03
    0.17507E-03    0.46255E+03
    0.17860E-03    0.47158E+03
    0.18221E-03    0.48080E+03
    0.18589E-03    0.49019E+03
    0.18965E-03    0.49976E+03
    0.19348E-03    0.50953E+03
    0.19739E-03    0.51948E+03
    0.20138E-03    0.52963E+03
    0.20544E-03    0.53997E+03
    0.20959E-03    0.55052E+03
    0.21383E-03    0.56127E+03
    0.21815E-03    0.57223E+03
    0.22255E-03    0.58340E+03
    0.22705E-03    0.59479E+03
    0.23164E-03    0.60641E+03
    0.23632E-03    0.61825E+03
    0.24109E-03    0.63032E+03
    0.24596E-03    0.64262E+03
    0.25093E-03    0.65516E+03
    0.25600E-03    0.66795E+03
    0.26117E-03    0.68099E+03
    0.26645E-03    0.69428E+03
    0.27183E-03    0.70783E+03
    0.27732E-03    0.72164E+03
    0.28292E-03    0.73572E+03
    0.28864E-03    0.75007E+03
    0.29447E-03    0.76470E+03
    0.30042E-03    0.77962E+03
    0.30649E-03    0.79482E+03
    0.31268E-03    0.81032E+03
    0.31899E-03    0.82612E+03
    0.32544E-03    0.84223E+03
    0.33201E-03    0.85865E+03
    0.33872E-03    0.87539E+03
    0.34556E-03    0.89245E+03
    0.35254E-03    0.90984E+03
    0.35966E-03    0.92757E+03
    0.36693E-03    0.94564E+03
    0.37434E-03    0.96406E+03
    0.38190E-03    0.98284E+03
    0.38962E-03    0.10020E+04
    0.39749E-03    0.10215E+04
    0.40552E-03    0.10414E+04
    0.41371E-03    0.10616E+04
    0.42207E-03    0.10823E+04
    0.43060E-03    0.11034E+04
    0.43929E-03    0.11248E+04
    0.44817E-03    0.11467E+04
    0.45722E-03    0.11690E+04
    0.46646E-03    0.11917E+04
    0.47588E-03    0.12149E+04
    0.48550E-03    0.12385E+04
    0.49530E-03    0.12626E+04
    0.50531E-03    0.12871E+04
    0.51552E-03    0.13121E+04
    0.52593E-03    0.13375E+04
    0.53656E-03    0.13635E+04
    0.54739E-03    0.13900E+04
    0.55845E-03    0.14169E+04
    0.56973E-03    0.14444E+04
    0.58124E-03    0.14724E+04
    0.59299E-03    0.15009E+04
    0.60496E-03    0.15300E+04
    0.61719E-03    0.15596E+04
    0.62965E-03    0.15898E+04
    0.64237E-03    0.16206E+04
    0.65535E-03    0.16520E+04
    0.66859E-03    0.16839E+04
    0.68210E-03    0.17164E+04
    0.69588E-03    0.17496E+04
    0.70993E-03    0.17834E+04
    0.72427E-03    0.18178E+04
    0.73891E-03    0.18529E+04
    0.75383E-03    0.18887E+04
    0.76906E-03    0.19251E+04
    0.78460E-03    0.19622E+04
    0.80045E-03    0.20000E+04
    0.81662E-03    0.20385E+04
    0.83311E-03    0.20777E+04
    0.84994E-03    0.21176E+04
    0.86711E-03    0.21583E+04
    0.88463E-03    0.21998E+04
    0.90250E-03    0.22420E+04
    0.92073E-03    0.22850E+04
    0.93933E-03    0.23288E+04
    0.95831E-03    0.23734E+04
    0.97767E-03    0.24189E+04
    0.99742E-03    0.24652E+04
    0.10176E-02    0.25123E+04
    0.10381E-02    0.25603E+04
    0.10591E-02    0.26092E+04
    0.10805E-02    0.26589E+04
    0.11023E-02    0.27096E+04
    0.11246E-02    0.27612E+04
    0.11473E-02    0.28138E+04
    0.11705E-02    0.28672E+04
    0.11941E-02    0.29217E+04
    0.12182E-02    0.29771E+04
    0.12429E-02    0.30336E+04
    0.12680E-02    0.30910E+04
    0.12936E-02    0.31495E+04
    0.13197E-02    0.32091E+04
    0.13464E-02    0.32697E+04
    0.13736E-02    0.33313E+04
    0.14013E-02    0.33941E+04
    0.14296E-02    0.34579E+04
    0.14585E-02    0.35229E+04
    0.14880E-02    0.35891E+04
    0.15180E-02    0.36564E+04
    0.15487E-02    0.37248E+04
    0.15800E-02    0.37945E+04
    0.16119E-02    0.38653E+04
    0.16445E-02    0.39374E+04
    0.16777E-02    0.40107E+04
    0.17116E-02    0.40853E+04
    0.17462E-02    0.41611E+04
    0.17814E-02    0.42382E+04
    0.18174E-02    0.43166E+04
    0.18541E-02    0.43964E+04
    0.18916E-02    0.44775E+04
    0.19298E-02    0.45599E+04
    0.19688E-02    0.46437E+04
    0.20086E-02    0.47289E+04
    0.20491E-02    0.48154E+04
    0.20905E-02    0.49034E+04
    0.21328E-02    0.49928E+04
    0.21758E-02    0.50837E+04
    0.22198E-02    0.51760E+04
    0.22646E-02    0.52698E+04
    0.23104E-02    0.53651E+04
    0.23571E-02    0.54618E+04
    0.24047E-02    0.55601E+04
    0.24533E-02    0.56599E+04
    0.25028E-02    0.57613E+04
    0.25534E-02    0.58642E+04
    0.26050E-02    0.59687E+04
    0.26576E-02    0.60747E+04
    0.27113E-02    0.61823E+04
    0.27660E-02    0.62916E+04
    0.28219E-02    0.64024E+04
    0.28789E-02    0.65149E+04
    0.29371E-02    0.66290E+04
    0.29964E-02    0.67447E+04
    0.30569E-02    0.68621E+04
    0.31187E-02    0.69811E+04
    0.31817E-02    0.71018E+04
    0.32460E-02    0.72241E+04
    0.33115E-02    0.73482E+04
    0.33784E-02    0.74739E+04
    0.34467E-02    0.76012E+04
    0.35163E-02    0.77303E+04
    0.35874E-02    0.78610E+04
    0.36598E-02    0.79934E+04
    0.37338E-02    0.81275E+04
    0.38092E-02    0.82633E+04
    0.38861E-02    0.84007E+04
    0.39646E-02    0.85399E+04
    0.40447E-02    0.86807E+04
    0.41264E-02    0.88231E+04
    0.42098E-02    0.89672E+04
    0.42948E-02    0.91130E+04
    0.43816E-02    0.92604E+04
    0.44701E-02    0.94094E+04
    0.45604E-02    0.95600E+04
    0.46525E-02    0.97123E+04
    0.47465E-02    0.98661E+04
    0.48424E-02    0.10021E+05
    0.49402E-02    0.10178E+05
    0.50400E-02    0.10337E+05
    0.51419E-02    0.10497E+05
    0.52457E-02    0.10658E+05
    0.53517E-02    0.10821E+05
    0.54598E-02    0.10985E+05
    0.55701E-02    0.11151E+05
    0.56826E-02    0.11318E+05
    0.57974E-02    0.11486E+05
    0.59145E-02    0.11655E+05
    0.60340E-02    0.11826E+05
    0.61559E-02    0.11998E+05
    0.62803E-02    0.12171E+05
    0.64072E-02    0.12345E+05
    0.65366E-02    0.12520E+05
    0.66686E-02    0.12696E+05
    0.68033E-02    0.12874E+05
    0.69408E-02    0.13051E+05
    0.70810E-02    0.13230E+05
    0.72240E-02    0.13409E+05
    0.73700E-02    0.13589E+05
    0.75189E-02    0.13770E+05
    0.76708E-02    0.13951E+05
    0.78257E-02    0.14132E+05
    0.79838E-02    0.14314E+05
    0.81451E-02    0.14496E+05
    0.83096E-02    0.14678E+05
    0.84775E-02    0.14860E+05
    0.86488E-02    0.15042E+05
    0.88235E-02    0.15224E+05
    0.90017E-02    0.15405E+05
    0.91836E-02    0.15586E+05
    0.93691E-02    0.15766E+05
    0.95583E-02    0.15946E+05
    0.97514E-02    0.16125E+05
    0.99484E-02    0.16304E+05
    0.10149E-01    0.16481E+05
    0.10354E-01    0.16657E+05
    0.10564E-01    0.16832E+05
    0.10777E-01    0.17005E+05
    0.10995E-01    0.17177E+05
    0.11217E-01    0.17347E+05
    0.11443E-01    0.17514E+05
    0.11675E-01    0.17680E+05
    0.11910E-01    0.17844E+05
    0.12151E-01    0.18005E+05
    0.12397E-01    0.18163E+05
    0.12647E-01    0.18319E+05
    0.12902E-01    0.18471E+05
    0.13163E-01    0.18621E+05
    0.13429E-01    0.18766E+05
    0.13700E-01    0.18909E+05
    0.13977E-01    0.19047E+05
    0.14259E-01    0.19182E+05
    0.14547E-01    0.19312E+05
    0.14841E-01    0.19438E+05
    0.15141E-01    0.19559E+05
    0.15447E-01    0.19675E+05
    0.15759E-01    0.19786E+05
    0.16077E-01    0.19892E+05
    0.16402E-01    0.19992E+05
    0.16734E-01    0.20086E+05
    0.17072E-01    0.20174E+05
    0.17416E-01    0.20256E+05
    0.17768E-01    0.20332E+05
    0.18127E-01    0.20401E+05
    0.18493E-01    0.20463E+05
    0.18867E-01    0.20518E+05
    0.19248E-01    0.20565E+05
    0.19637E-01    0.20605E+05
    0.20034E-01    0.20638E+05
    0.20438E-01    0.20662E+05
    0.20851E-01    0.20678E+05
    0.21272E-01    0.20687E+05
    0.21702E-01    0.20686E+05
    0.22141E-01    0.20677E+05
    0.22588E-01    0.20660E+05
    0.23044E-01    0.20633E+05
    0.23510E-01    0.20598E+05
    0.23985E-01    0.20554E+05
    0.24469E-01    0.20501E+05
    0.24964E-01    0.20438E+05
    0.25468E-01    0.20367E+05
    0.25982E-01    0.20286E+05
    0.26507E-01    0.20197E+05
    0.27043E-01    0.20098E+05
    0.27589E-01    0.19991E+05
    0.28146E-01    0.19875E+05
    0.28715E-01    0.19750E+05
    0.29295E-01    0.19617E+05
    0.29887E-01    0.19476E+05
    0.30490E-01    0.19327E+05
    0.31106E-01    0.19170E+05
    0.31735E-01    0.19006E+05
    0.32376E-01    0.18834E+05
    0.33030E-01    0.18657E+05
    0.33697E-01    0.18473E+05
    0.34378E-01    0.18283E+05
    0.35072E-01    0.18088E+05
    0.35781E-01    0.17888E+05
    0.36504E-01    0.17684E+05
    0.37241E-01    0.17477E+05
    0.37993E-01    0.17266E+05
    0.38761E-01    0.17053E+05
    0.39544E-01    0.16838E+05
    0.40343E-01    0.16622E+05
    0.41158E-01    0.16405E+05
    0.41989E-01    0.16188E+05
    0.42838E-01    0.15971E+05
    0.43703E-01    0.15754E+05
    0.44586E-01    0.15539E+05
    0.45486E-01    0.15327E+05
    0.46405E-01    0.15117E+05
    0.47343E-01    0.14910E+05
    0.48299E-01    0.14707E+05
    0.49275E-01    0.14509E+05
    0.50270E-01    0.14315E+05
    0.51286E-01    0.14126E+05
    0.52322E-01    0.13943E+05
    0.53379E-01    0.13764E+05
    0.54457E-01    0.13591E+05
    0.55557E-01    0.13422E+05
    0.56680E-01    0.13257E+05
    0.57825E-01    0.13096E+05
    0.58993E-01    0.12938E+05
    0.60184E-01    0.12783E+05
    0.61400E-01    0.12629E+05
    0.62641E-01    0.12477E+05
    0.63906E-01    0.12325E+05
    0.65197E-01    0.12173E+05
    0.66514E-01    0.12020E+05
    0.67858E-01    0.11865E+05
    0.69229E-01    0.11708E+05
    0.70627E-01    0.11546E+05
    0.72054E-01    0.11381E+05
    0.73510E-01    0.11210E+05
    0.74994E-01    0.11032E+05
    0.76509E-01    0.10848E+05
    0.78055E-01    0.10656E+05
    0.79632E-01    0.10456E+05
    0.81241E-01    0.10247E+05
    0.82882E-01    0.10030E+05
    0.84556E-01    0.98064E+04
    0.86264E-01    0.95765E+04
    0.88007E-01    0.93410E+04
    0.89785E-01    0.91009E+04
    0.91598E-01    0.88576E+04
    0.93449E-01    0.86131E+04
    0.95337E-01    0.83692E+04
    0.97263E-01    0.81279E+04
    0.99227E-01    0.78909E+04
    0.10123E+00    0.76602E+04
    0.10328E+00    0.74376E+04
    0.10536E+00    0.72244E+04
    0.10749E+00    0.70222E+04
    0.10966E+00    0.68320E+04
    0.11188E+00    0.66547E+04
    0.11414E+00    0.64905E+04
    0.11644E+00    0.63394E+04
    0.11880E+00    0.62004E+04
    0.12120E+00    0.60720E+04
    0.12365E+00    0.59525E+04
    0.12614E+00    0.58392E+04
    0.12869E+00    0.57295E+04
    0.13129E+00    0.56207E+04
    0.13394E+00    0.55101E+04
    0.13665E+00    0.53955E+04
    0.13941E+00    0.52751E+04
    0.14223E+00    0.51477E+04
    0.14510E+00    0.50128E+04
    0.14803E+00    0.48705E+04
    0.15102E+00    0.47217E+04
    0.15407E+00    0.45679E+04
    0.15718E+00    0.44113E+04
    0.16036E+00    0.42543E+04
    0.16360E+00    0.40995E+04
    0.16690E+00    0.39496E+04
    0.17028E+00    0.38071E+04
    0.17371E+00    0.36742E+04
    0.17722E+00    0.35525E+04
    0.18080E+00    0.34430E+04
    0.18446E+00    0.33451E+04
    0.18818E+00    0.32574E+04
    0.19198E+00    0.31772E+04
    0.19586E+00    0.31015E+04
    0.19982E+00    0.30269E+04
    0.20386E+00    0.29510E+04
    0.20797E+00    0.28716E+04
    0.21218E+00    0.27874E+04
    0.21646E+00    0.26979E+04
    0.22083E+00    0.26037E+04
    0.22530E+00    0.25068E+04
    0.22985E+00    0.24097E+04
    0.23449E+00    0.23153E+04
    0.23923E+00    0.22261E+04
    0.24406E+00    0.21438E+04
    0.24899E+00    0.20693E+04
    0.25402E+00    0.20023E+04
    0.25915E+00    0.19419E+04
    0.26439E+00    0.18857E+04
    0.26973E+00    0.18313E+04
    0.27518E+00    0.17764E+04
    0.28074E+00    0.17195E+04
    0.28641E+00    0.16599E+04
    0.29219E+00    0.15983E+04
    0.29810E+00    0.15361E+04
    0.30412E+00    0.14753E+04
    0.31026E+00    0.14178E+04
    0.31653E+00    0.13646E+04
    0.32292E+00    0.13160E+04
    0.32945E+00    0.12714E+04
    0.33610E+00    0.12296E+04
    0.34289E+00    0.11888E+04
    0.34982E+00    0.11477E+04
    0.35689E+00    0.11059E+04
    0.36409E+00    0.10636E+04
    0.37145E+00    0.10218E+04
    0.37895E+00    0.98149E+03
    0.38661E+00    0.94359E+03
    0.39442E+00    0.90839E+03
    0.40239E+00    0.87545E+03
    0.41052E+00    0.84394E+03
    0.41881E+00    0.81304E+03
    0.42727E+00    0.78233E+03
    0.43590E+00    0.75188E+03
    0.44471E+00    0.72211E+03
    0.45369E+00    0.69355E+03
    0.46286E+00    0.66654E+03
    0.47221E+00    0.64103E+03
    0.48174E+00    0.61661E+03
    0.49148E+00    0.59289E+03
    0.50141E+00    0.56965E+03
    0.51153E+00    0.54699E+03
    0.52187E+00    0.52507E+03
    0.53241E+00    0.50411E+03
    0.54317E+00    0.48417E+03
    0.55414E+00    0.46503E+03
    0.56533E+00    0.44652E+03
    0.57675E+00    0.42857E+03
    0.58840E+00    0.41121E+03
    0.60029E+00    0.39450E+03
    0.61242E+00    0.37851E+03
    0.62479E+00    0.36317E+03
    0.63741E+00    0.34839E+03
    0.65029E+00    0.33413E+03
    0.66342E+00    0.32038E+03
    0.67683E+00    0.30717E+03
    0.69050E+00    0.29450E+03
    0.70445E+00    0.28233E+03
    0.71868E+00    0.27062E+03
    0.73320E+00    0.25937E+03
    0.74801E+00    0.24854E+03
    0.76312E+00    0.23814E+03
    0.77854E+00    0.22814E+03
    0.79426E+00    0.21854E+03
    0.81031E+00    0.20931E+03
    0.82668E+00    0.20045E+03
    0.84338E+00    0.19194E+03
    0.86041E+00    0.18378E+03
    0.87780E+00    0.17594E+03
    0.89553E+00    0.16842E+03
    0.91362E+00    0.16120E+03
    0.93208E+00    0.15428E+03
    0.95091E+00    0.14764E+03
    0.97011E+00    0.14127E+03
    0.98971E+00    0.13516E+03
    0.10097E+01    0.12931E+03
    0.10301E+01    0.12369E+03
    0.10509E+01    0.11831E+03
    0.10721E+01    0.11315E+03
    0.10938E+01    0.10820E+03
    0.11159E+01    0.10346E+03
    0.11384E+01    0.98915E+02
    0.11614E+01    0.94562E+02
    0.11849E+01    0.90392E+02
    0.12088E+01    0.86397E+02
    0.12333E+01    0.82572E+02
    0.12582E+01    0.78908E+02
    0.12836E+01    0.75401E+02
    0.13095E+01    0.72043E+02
    0.13360E+01    0.68829E+02
    0.13630E+01    0.65752E+02
    0.13905E+01    0.62808E+02
    0.14186E+01    0.59990E+02
    0.14472E+01    0.57294E+02
    0.14765E+01    0.54715E+02
    0.15063E+01    0.52247E+02
    0.15367E+01    0.49885E+02
    0.15678E+01    0.47627E+02
    0.15994E+01    0.45466E+02
    0.16318E+01    0.43399E+02
    0.16647E+01    0.41422E+02
    0.16984E+01    0.39531E+02
    0.17327E+01    0.37723E+02
    0.17677E+01    0.35994E+02
    0.18034E+01    0.34342E+02
    0.18398E+01    0.32763E+02
    0.18770E+01    0.31255E+02
    0.19149E+01    0.29815E+02
    0.19536E+01    0.28439E+02
    0.19930E+01    0.27126E+02
    0.20333E+01    0.25873E+02
    0.20744E+01    0.24678E+02
    0.21163E+01    0.23537E+02
