    0.10000E-03    0.94607E+03
    0.10202E-03    0.96455E+03
    0.10408E-03    0.98338E+03
    0.10618E-03    0.10026E+04
    0.10833E-03    0.10222E+04
    0.11052E-03    0.10421E+04
    0.11275E-03    0.10625E+04
    0.11503E-03    0.10832E+04
    0.11735E-03    0.11043E+04
    0.11972E-03    0.11259E+04
    0.12214E-03    0.11479E+04
    0.12461E-03    0.11703E+04
    0.12712E-03    0.11931E+04
    0.12969E-03    0.12164E+04
    0.13231E-03    0.12401E+04
    0.13499E-03    0.12643E+04
    0.13771E-03    0.12890E+04
    0.14049E-03    0.13141E+04
    0.14333E-03    0.13398E+04
    0.14623E-03    0.13659E+04
    0.14918E-03    0.13925E+04
    0.15220E-03    0.14197E+04
    0.15527E-03    0.14473E+04
    0.15841E-03    0.14755E+04
    0.16161E-03    0.15043E+04
    0.16487E-03    0.15336E+04
    0.16820E-03    0.15635E+04
    0.17160E-03    0.15940E+04
    0.17507E-03    0.16250E+04
    0.17860E-03    0.16567E+04
    0.18221E-03    0.16889E+04
    0.18589E-03    0.17218E+04
    0.18965E-03    0.17553E+04
    0.19348E-03    0.17895E+04
    0.19739E-03    0.18243E+04
    0.20138E-03    0.18598E+04
    0.20544E-03    0.18960E+04
    0.20959E-03    0.19328E+04
    0.21383E-03    0.19704E+04
    0.21815E-03    0.20087E+04
    0.22255E-03    0.20477E+04
    0.22705E-03    0.20875E+04
    0.23164E-03    0.21281E+04
    0.23632E-03    0.21694E+04
    0.24109E-03    0.22115E+04
    0.24596E-03    0.22544E+04
    0.25093E-03    0.22982E+04
    0.25600E-03    0.23427E+04
    0.26117E-03    0.23882E+04
    0.26645E-03    0.24345E+04
    0.27183E-03    0.24816E+04
    0.27732E-03    0.25297E+04
    0.28292E-03    0.25787E+04
    0.28864E-03    0.26286E+04
    0.29447E-03    0.26795E+04
    0.30042E-03    0.27313E+04
    0.30649E-03    0.27841E+04
    0.31268E-03    0.28379E+04
    0.31899E-03    0.28927E+04
    0.32544E-03    0.29486E+04
    0.33201E-03    0.30054E+04
    0.33872E-03    0.30634E+04
    0.34556E-03    0.31225E+04
    0.35254E-03    0.31826E+04
    0.35966E-03    0.32439E+04
    0.36693E-03    0.33064E+04
    0.37434E-03    0.33700E+04
    0.38190E-03    0.34347E+04
    0.38962E-03    0.35007E+04
    0.39749E-03    0.35679E+04
    0.40552E-03    0.36364E+04
    0.41371E-03    0.37061E+04
    0.42207E-03    0.37771E+04
    0.43060E-03    0.38494E+04
    0.43929E-03    0.39231E+04
    0.44817E-03    0.39980E+04
    0.45722E-03    0.40744E+04
    0.46646E-03    0.41522E+04
    0.47588E-03    0.42313E+04
    0.48550E-03    0.43120E+04
    0.49530E-03    0.43940E+04
    0.50531E-03    0.44776E+04
    0.51552E-03    0.45626E+04
    0.52593E-03    0.46492E+04
    0.53656E-03    0.47374E+04
    0.54739E-03    0.48271E+04
    0.55845E-03    0.49184E+04
    0.56973E-03    0.50114E+04
    0.58124E-03    0.51060E+04
    0.59299E-03    0.52022E+04
    0.60496E-03    0.53002E+04
    0.61719E-03    0.53999E+04
    0.62965E-03    0.55013E+04
    0.64237E-03    0.56045E+04
    0.65535E-03    0.57095E+04
    0.66859E-03    0.58163E+04
    0.68210E-03    0.59250E+04
    0.69588E-03    0.60355E+04
    0.70993E-03    0.61479E+04
    0.72427E-03    0.62622E+04
    0.73891E-03    0.63785E+04
    0.75383E-03    0.64967E+04
    0.76906E-03    0.66169E+04
    0.78460E-03    0.67392E+04
    0.80045E-03    0.68634E+04
    0.81662E-03    0.69898E+04
    0.83311E-03    0.71182E+04
    0.84994E-03    0.72487E+04
    0.86711E-03    0.73814E+04
    0.88463E-03    0.75162E+04
    0.90250E-03    0.76532E+04
    0.92073E-03    0.77924E+04
    0.93933E-03    0.79338E+04
    0.95831E-03    0.80774E+04
    0.97767E-03    0.82233E+04
    0.99742E-03    0.83715E+04
    0.10176E-02    0.85220E+04
    0.10381E-02    0.86748E+04
    0.10591E-02    0.88299E+04
    0.10805E-02    0.89874E+04
    0.11023E-02    0.91473E+04
    0.11246E-02    0.93096E+04
    0.11473E-02    0.94742E+04
    0.11705E-02    0.96413E+04
    0.11941E-02    0.98108E+04
    0.12182E-02    0.99828E+04
    0.12429E-02    0.10157E+05
    0.12680E-02    0.10334E+05
    0.12936E-02    0.10513E+05
    0.13197E-02    0.10695E+05
    0.13464E-02    0.10880E+05
    0.13736E-02    0.11066E+05
    0.14013E-02    0.11256E+05
    0.14296E-02    0.11448E+05
    0.14585E-02    0.11642E+05
    0.14880E-02    0.11839E+05
    0.15180E-02    0.12038E+05
    0.15487E-02    0.12240E+05
    0.15800E-02    0.12444E+05
    0.16119E-02    0.12651E+05
    0.16445E-02    0.12860E+05
    0.16777E-02    0.13072E+05
    0.17116E-02    0.13286E+05
    0.17462E-02    0.13503E+05
    0.17814E-02    0.13722E+05
    0.18174E-02    0.13943E+05
    0.18541E-02    0.14167E+05
    0.18916E-02    0.14393E+05
    0.19298E-02    0.14622E+05
    0.19688E-02    0.14853E+05
    0.20086E-02    0.15086E+05
    0.20491E-02    0.15321E+05
    0.20905E-02    0.15559E+05
    0.21328E-02    0.15798E+05
    0.21758E-02    0.16040E+05
    0.22198E-02    0.16284E+05
    0.22646E-02    0.16530E+05
    0.23104E-02    0.16778E+05
    0.23571E-02    0.17028E+05
    0.24047E-02    0.17279E+05
    0.24533E-02    0.17533E+05
    0.25028E-02    0.17788E+05
    0.25534E-02    0.18045E+05
    0.26050E-02    0.18304E+05
    0.26576E-02    0.18564E+05
    0.27113E-02    0.18826E+05
    0.27660E-02    0.19089E+05
    0.28219E-02    0.19353E+05
    0.28789E-02    0.19619E+05
    0.29371E-02    0.19886E+05
    0.29964E-02    0.20154E+05
    0.30569E-02    0.20423E+05
    0.31187E-02    0.20693E+05
    0.31817E-02    0.20963E+05
    0.32460E-02    0.21234E+05
    0.33115E-02    0.21506E+05
    0.33784E-02    0.21778E+05
    0.34467E-02    0.22051E+05
    0.35163E-02    0.22323E+05
    0.35874E-02    0.22596E+05
    0.36598E-02    0.22869E+05
    0.37338E-02    0.23141E+05
    0.38092E-02    0.23413E+05
    0.38861E-02    0.23685E+05
    0.39646E-02    0.23956E+05
    0.40447E-02    0.24227E+05
    0.41264E-02    0.24496E+05
    0.42098E-02    0.24764E+05
    0.42948E-02    0.25031E+05
    0.43816E-02    0.25297E+05
    0.44701E-02    0.25561E+05
    0.45604E-02    0.25823E+05
    0.46525E-02    0.26084E+05
    0.47465E-02    0.26342E+05
    0.48424E-02    0.26598E+05
    0.49402E-02    0.26852E+05
    0.50400E-02    0.27103E+05
    0.51419E-02    0.27351E+05
    0.52457E-02    0.27596E+05
    0.53517E-02    0.27837E+05
    0.54598E-02    0.28074E+05
    0.55701E-02    0.28308E+05
    0.56826E-02    0.28537E+05
    0.57974E-02    0.28762E+05
    0.59145E-02    0.28982E+05
    0.60340E-02    0.29197E+05
    0.61559E-02    0.29408E+05
    0.62803E-02    0.29613E+05
    0.64072E-02    0.29813E+05
    0.65366E-02    0.30007E+05
    0.66686E-02    0.30195E+05
    0.68033E-02    0.30377E+05
    0.69408E-02    0.30552E+05
    0.70810E-02    0.30720E+05
    0.72240E-02    0.30882E+05
    0.73700E-02    0.31036E+05
    0.75189E-02    0.31182E+05
    0.76708E-02    0.31320E+05
    0.78257E-02    0.31450E+05
    0.79838E-02    0.31572E+05
    0.81451E-02    0.31685E+05
    0.83096E-02    0.31788E+05
    0.84775E-02    0.31882E+05
    0.86488E-02    0.31967E+05
    0.88235E-02    0.32041E+05
    0.90017E-02    0.32105E+05
    0.91836E-02    0.32158E+05
    0.93691E-02    0.32200E+05
    0.95583E-02    0.32231E+05
    0.97514E-02    0.32251E+05
    0.99484E-02    0.32258E+05
    0.10149E-01    0.32254E+05
    0.10354E-01    0.32237E+05
    0.10564E-01    0.32207E+05
    0.10777E-01    0.32165E+05
    0.10995E-01    0.32109E+05
    0.11217E-01    0.32039E+05
    0.11443E-01    0.31956E+05
    0.11675E-01    0.31858E+05
    0.11910E-01    0.31746E+05
    0.12151E-01    0.31620E+05
    0.12397E-01    0.31479E+05
    0.12647E-01    0.31322E+05
    0.12902E-01    0.31151E+05
    0.13163E-01    0.30964E+05
    0.13429E-01    0.30762E+05
    0.13700E-01    0.30544E+05
    0.13977E-01    0.30310E+05
    0.14259E-01    0.30061E+05
    0.14547E-01    0.29795E+05
    0.14841E-01    0.29514E+05
    0.15141E-01    0.29216E+05
    0.15447E-01    0.28903E+05
    0.15759E-01    0.28574E+05
    0.16077E-01    0.28230E+05
    0.16402E-01    0.27869E+05
    0.16734E-01    0.27494E+05
    0.17072E-01    0.27103E+05
    0.17416E-01    0.26698E+05
    0.17768E-01    0.26278E+05
    0.18127E-01    0.25845E+05
    0.18493E-01    0.25398E+05
    0.18867E-01    0.24937E+05
    0.19248E-01    0.24465E+05
    0.19637E-01    0.23980E+05
    0.20034E-01    0.23484E+05
    0.20438E-01    0.22979E+05
    0.20851E-01    0.22463E+05
    0.21272E-01    0.21939E+05
    0.21702E-01    0.21407E+05
    0.22141E-01    0.20869E+05
    0.22588E-01    0.20325E+05
    0.23044E-01    0.19776E+05
    0.23510E-01    0.19224E+05
    0.23985E-01    0.18670E+05
    0.24469E-01    0.18115E+05
    0.24964E-01    0.17560E+05
    0.25468E-01    0.17007E+05
    0.25982E-01    0.16457E+05
    0.26507E-01    0.15911E+05
    0.27043E-01    0.15371E+05
    0.27589E-01    0.14839E+05
    0.28146E-01    0.14314E+05
    0.28715E-01    0.13800E+05
    0.29295E-01    0.13296E+05
    0.29887E-01    0.12804E+05
    0.30490E-01    0.12326E+05
    0.31106E-01    0.11862E+05
    0.31735E-01    0.11414E+05
    0.32376E-01    0.10982E+05
    0.33030E-01    0.10568E+05
    0.33697E-01    0.10173E+05
    0.34378E-01    0.97967E+04
    0.35072E-01    0.94406E+04
    0.35781E-01    0.91047E+04
    0.36504E-01    0.87891E+04
    0.37241E-01    0.84939E+04
    0.37993E-01    0.82190E+04
    0.38761E-01    0.79645E+04
    0.39544E-01    0.77304E+04
    0.40343E-01    0.75166E+04
    0.41158E-01    0.73231E+04
    0.41989E-01    0.71499E+04
    0.42838E-01    0.69959E+04
    0.43703E-01    0.68594E+04
    0.44586E-01    0.67388E+04
    0.45486E-01    0.66328E+04
    0.46405E-01    0.65401E+04
    0.47343E-01    0.64596E+04
    0.48299E-01    0.63903E+04
    0.49275E-01    0.63312E+04
    0.50270E-01    0.62811E+04
    0.51286E-01    0.62374E+04
    0.52322E-01    0.61978E+04
    0.53379E-01    0.61598E+04
    0.54457E-01    0.61206E+04
    0.55557E-01    0.60773E+04
    0.56680E-01    0.60269E+04
    0.57825E-01    0.59665E+04
    0.58993E-01    0.58937E+04
    0.60184E-01    0.58063E+04
    0.61400E-01    0.57024E+04
    0.62641E-01    0.55810E+04
    0.63906E-01    0.54416E+04
    0.65197E-01    0.52843E+04
    0.66514E-01    0.51097E+04
    0.67858E-01    0.49193E+04
    0.69229E-01    0.47147E+04
    0.70627E-01    0.44982E+04
    0.72054E-01    0.42726E+04
    0.73510E-01    0.40410E+04
    0.74994E-01    0.38069E+04
    0.76509E-01    0.35739E+04
    0.78055E-01    0.33461E+04
    0.79632E-01    0.31275E+04
    0.81241E-01    0.29216E+04
    0.82882E-01    0.27319E+04
    0.84556E-01    0.25610E+04
    0.86264E-01    0.24105E+04
    0.88007E-01    0.22815E+04
    0.89785E-01    0.21745E+04
    0.91598E-01    0.20890E+04
    0.93449E-01    0.20237E+04
    0.95337E-01    0.19772E+04
    0.97263E-01    0.19469E+04
    0.99227E-01    0.19301E+04
    0.10123E+00    0.19237E+04
    0.10328E+00    0.19239E+04
    0.10536E+00    0.19269E+04
    0.10749E+00    0.19285E+04
    0.10966E+00    0.19247E+04
    0.11188E+00    0.19115E+04
    0.11414E+00    0.18857E+04
    0.11644E+00    0.18448E+04
    0.11880E+00    0.17875E+04
    0.12120E+00    0.17142E+04
    0.12365E+00    0.16265E+04
    0.12614E+00    0.15279E+04
    0.12869E+00    0.14233E+04
    0.13129E+00    0.13182E+04
    0.13394E+00    0.12179E+04
    0.13665E+00    0.11268E+04
    0.13941E+00    0.10478E+04
    0.14223E+00    0.98242E+03
    0.14510E+00    0.93154E+03
    0.14803E+00    0.89521E+03
    0.15102E+00    0.87242E+03
    0.15407E+00    0.86089E+03
    0.15718E+00    0.85695E+03
    0.16036E+00    0.85612E+03
    0.16360E+00    0.85407E+03
    0.16690E+00    0.84708E+03
    0.17028E+00    0.83229E+03
    0.17371E+00    0.80787E+03
    0.17722E+00    0.77346E+03
    0.18080E+00    0.73076E+03
    0.18446E+00    0.68305E+03
    0.18818E+00    0.63429E+03
    0.19198E+00    0.58834E+03
    0.19586E+00    0.54840E+03
    0.19982E+00    0.51664E+03
    0.20386E+00    0.49369E+03
    0.20797E+00    0.47864E+03
    0.21218E+00    0.46933E+03
    0.21646E+00    0.46292E+03
    0.22083E+00    0.45648E+03
    0.22530E+00    0.44743E+03
    0.22985E+00    0.43386E+03
    0.23449E+00    0.41516E+03
    0.23923E+00    0.39251E+03
    0.24406E+00    0.36829E+03
    0.24899E+00    0.34493E+03
    0.25402E+00    0.32449E+03
    0.25915E+00    0.30825E+03
    0.26439E+00    0.29630E+03
    0.26973E+00    0.28757E+03
    0.27518E+00    0.28032E+03
    0.28074E+00    0.27274E+03
    0.28641E+00    0.26357E+03
    0.29219E+00    0.25233E+03
    0.29810E+00    0.23946E+03
    0.30412E+00    0.22623E+03
    0.31026E+00    0.21395E+03
    0.31653E+00    0.20354E+03
    0.32292E+00    0.19512E+03
    0.32945E+00    0.18814E+03
    0.33610E+00    0.18173E+03
    0.34289E+00    0.17501E+03
    0.34982E+00    0.16755E+03
    0.35689E+00    0.15954E+03
    0.36409E+00    0.15154E+03
    0.37145E+00    0.14414E+03
    0.37895E+00    0.13770E+03
    0.38661E+00    0.13205E+03
    0.39442E+00    0.12683E+03
    0.40239E+00    0.12161E+03
    0.41052E+00    0.11622E+03
    0.41881E+00    0.11076E+03
    0.42727E+00    0.10553E+03
    0.43590E+00    0.10072E+03
    0.44471E+00    0.96338E+02
    0.45369E+00    0.92232E+02
    0.46286E+00    0.88215E+02
    0.47221E+00    0.84226E+02
    0.48174E+00    0.80335E+02
    0.49148E+00    0.76660E+02
    0.50141E+00    0.73222E+02
    0.51153E+00    0.69966E+02
    0.52187E+00    0.66840E+02
    0.53241E+00    0.63806E+02
    0.54317E+00    0.60876E+02
    0.55414E+00    0.58095E+02
    0.56533E+00    0.55462E+02
    0.57675E+00    0.52948E+02
    0.58840E+00    0.50539E+02
    0.60029E+00    0.48233E+02
    0.61242E+00    0.46025E+02
    0.62479E+00    0.43913E+02
    0.63741E+00    0.41892E+02
    0.65029E+00    0.39960E+02
    0.66342E+00    0.38114E+02
    0.67683E+00    0.36350E+02
    0.69050E+00    0.34664E+02
    0.70445E+00    0.33055E+02
    0.71868E+00    0.31519E+02
    0.73320E+00    0.30053E+02
    0.74801E+00    0.28654E+02
    0.76312E+00    0.27318E+02
    0.77854E+00    0.26044E+02
    0.79426E+00    0.24827E+02
    0.81031E+00    0.23666E+02
    0.82668E+00    0.22557E+02
    0.84338E+00    0.21500E+02
    0.86041E+00    0.20490E+02
    0.87780E+00    0.19527E+02
    0.89553E+00    0.18607E+02
    0.91362E+00    0.17730E+02
    0.93208E+00    0.16893E+02
    0.95091E+00    0.16094E+02
    0.97011E+00    0.15332E+02
    0.98971E+00    0.14605E+02
    0.10097E+01    0.13912E+02
    0.10301E+01    0.13251E+02
    0.10509E+01    0.12620E+02
    0.10721E+01    0.12019E+02
    0.10938E+01    0.11446E+02
    0.11159E+01    0.10899E+02
    0.11384E+01    0.10378E+02
    0.11614E+01    0.98811E+01
    0.11849E+01    0.94076E+01
    0.12088E+01    0.89563E+01
    0.12333E+01    0.85262E+01
    0.12582E+01    0.81162E+01
    0.12836E+01    0.77256E+01
    0.13095E+01    0.73534E+01
    0.13360E+01    0.69988E+01
    0.13630E+01    0.66609E+01
    0.13905E+01    0.63390E+01
    0.14186E+01    0.60323E+01
    0.14472E+01    0.57402E+01
    0.14765E+01    0.54619E+01
    0.15063E+01    0.51969E+01
    0.15367E+01    0.49444E+01
    0.15678E+01    0.47039E+01
    0.15994E+01    0.44749E+01
    0.16318E+01    0.42568E+01
    0.16647E+01    0.40491E+01
    0.16984E+01    0.38513E+01
    0.17327E+01    0.36629E+01
    0.17677E+01    0.34835E+01
    0.18034E+01    0.33128E+01
    0.18398E+01    0.31502E+01
    0.18770E+01    0.29955E+01
    0.19149E+01    0.28483E+01
    0.19536E+01    0.27083E+01
    0.19930E+01    0.25750E+01
    0.20333E+01    0.24483E+01
    0.20744E+01    0.23277E+01
    0.21163E+01    0.22131E+01
    0.21590E+01    0.21041E+01
