    0.10000E-03    0.24442E+03
    0.10202E-03    0.24920E+03
    0.10408E-03    0.25407E+03
    0.10618E-03    0.25904E+03
    0.10833E-03    0.26411E+03
    0.11052E-03    0.26927E+03
    0.11275E-03    0.27453E+03
    0.11503E-03    0.27990E+03
    0.11735E-03    0.28537E+03
    0.11972E-03    0.29095E+03
    0.12214E-03    0.29663E+03
    0.12461E-03    0.30243E+03
    0.12712E-03    0.30834E+03
    0.12969E-03    0.31437E+03
    0.13231E-03    0.32052E+03
    0.13499E-03    0.32678E+03
    0.13771E-03    0.33317E+03
    0.14049E-03    0.33968E+03
    0.14333E-03    0.34632E+03
    0.14623E-03    0.35309E+03
    0.14918E-03    0.35999E+03
    0.15220E-03    0.36702E+03
    0.15527E-03    0.37419E+03
    0.15841E-03    0.38151E+03
    0.16161E-03    0.38896E+03
    0.16487E-03    0.39656E+03
    0.16820E-03    0.40431E+03
    0.17160E-03    0.41221E+03
    0.17507E-03    0.42027E+03
    0.17860E-03    0.42848E+03
    0.18221E-03    0.43685E+03
    0.18589E-03    0.44538E+03
    0.18965E-03    0.45409E+03
    0.19348E-03    0.46296E+03
    0.19739E-03    0.47200E+03
    0.20138E-03    0.48122E+03
    0.20544E-03    0.49062E+03
    0.20959E-03    0.50020E+03
    0.21383E-03    0.50997E+03
    0.21815E-03    0.51993E+03
    0.22255E-03    0.53009E+03
    0.22705E-03    0.54044E+03
    0.23164E-03    0.55099E+03
    0.23632E-03    0.56175E+03
    0.24109E-03    0.57272E+03
    0.24596E-03    0.58390E+03
    0.25093E-03    0.59530E+03
    0.25600E-03    0.60692E+03
    0.26117E-03    0.61877E+03
    0.26645E-03    0.63085E+03
    0.27183E-03    0.64316E+03
    0.27732E-03    0.65571E+03
    0.28292E-03    0.66851E+03
    0.28864E-03    0.68156E+03
    0.29447E-03    0.69485E+03
    0.30042E-03    0.70841E+03
    0.30649E-03    0.72223E+03
    0.31268E-03    0.73632E+03
    0.31899E-03    0.75068E+03
    0.32544E-03    0.76532E+03
    0.33201E-03    0.78025E+03
    0.33872E-03    0.79546E+03
    0.34556E-03    0.81097E+03
    0.35254E-03    0.82678E+03
    0.35966E-03    0.84289E+03
    0.36693E-03    0.85932E+03
    0.37434E-03    0.87606E+03
    0.38190E-03    0.89313E+03
    0.38962E-03    0.91053E+03
    0.39749E-03    0.92827E+03
    0.40552E-03    0.94635E+03
    0.41371E-03    0.96478E+03
    0.42207E-03    0.98356E+03
    0.43060E-03    0.10027E+04
    0.43929E-03    0.10222E+04
    0.44817E-03    0.10421E+04
    0.45722E-03    0.10624E+04
    0.46646E-03    0.10831E+04
    0.47588E-03    0.11041E+04
    0.48550E-03    0.11256E+04
    0.49530E-03    0.11475E+04
    0.50531E-03    0.11698E+04
    0.51552E-03    0.11925E+04
    0.52593E-03    0.12157E+04
    0.53656E-03    0.12393E+04
    0.54739E-03    0.12633E+04
    0.55845E-03    0.12879E+04
    0.56973E-03    0.13129E+04
    0.58124E-03    0.13383E+04
    0.59299E-03    0.13643E+04
    0.60496E-03    0.13907E+04
    0.61719E-03    0.14177E+04
    0.62965E-03    0.14452E+04
    0.64237E-03    0.14732E+04
    0.65535E-03    0.15017E+04
    0.66859E-03    0.15308E+04
    0.68210E-03    0.15604E+04
    0.69588E-03    0.15906E+04
    0.70993E-03    0.16213E+04
    0.72427E-03    0.16527E+04
    0.73891E-03    0.16846E+04
    0.75383E-03    0.17171E+04
    0.76906E-03    0.17503E+04
    0.78460E-03    0.17840E+04
    0.80045E-03    0.18185E+04
    0.81662E-03    0.18535E+04
    0.83311E-03    0.18892E+04
    0.84994E-03    0.19256E+04
    0.86711E-03    0.19627E+04
    0.88463E-03    0.20004E+04
    0.90250E-03    0.20389E+04
    0.92073E-03    0.20781E+04
    0.93933E-03    0.21180E+04
    0.95831E-03    0.21586E+04
    0.97767E-03    0.22000E+04
    0.99742E-03    0.22422E+04
    0.10176E-02    0.22852E+04
    0.10381E-02    0.23289E+04
    0.10591E-02    0.23735E+04
    0.10805E-02    0.24188E+04
    0.11023E-02    0.24651E+04
    0.11246E-02    0.25121E+04
    0.11473E-02    0.25600E+04
    0.11705E-02    0.26088E+04
    0.11941E-02    0.26585E+04
    0.12182E-02    0.27091E+04
    0.12429E-02    0.27606E+04
    0.12680E-02    0.28130E+04
    0.12936E-02    0.28664E+04
    0.13197E-02    0.29207E+04
    0.13464E-02    0.29760E+04
    0.13736E-02    0.30323E+04
    0.14013E-02    0.30897E+04
    0.14296E-02    0.31480E+04
    0.14585E-02    0.32074E+04
    0.14880E-02    0.32678E+04
    0.15180E-02    0.33293E+04
    0.15487E-02    0.33918E+04
    0.15800E-02    0.34555E+04
    0.16119E-02    0.35203E+04
    0.16445E-02    0.35862E+04
    0.16777E-02    0.36532E+04
    0.17116E-02    0.37214E+04
    0.17462E-02    0.37908E+04
    0.17814E-02    0.38614E+04
    0.18174E-02    0.39332E+04
    0.18541E-02    0.40062E+04
    0.18916E-02    0.40804E+04
    0.19298E-02    0.41559E+04
    0.19688E-02    0.42327E+04
    0.20086E-02    0.43108E+04
    0.20491E-02    0.43901E+04
    0.20905E-02    0.44708E+04
    0.21328E-02    0.45528E+04
    0.21758E-02    0.46361E+04
    0.22198E-02    0.47208E+04
    0.22646E-02    0.48069E+04
    0.23104E-02    0.48944E+04
    0.23571E-02    0.49832E+04
    0.24047E-02    0.50735E+04
    0.24533E-02    0.51652E+04
    0.25028E-02    0.52584E+04
    0.25534E-02    0.53530E+04
    0.26050E-02    0.54491E+04
    0.26576E-02    0.55467E+04
    0.27113E-02    0.56458E+04
    0.27660E-02    0.57463E+04
    0.28219E-02    0.58484E+04
    0.28789E-02    0.59521E+04
    0.29371E-02    0.60572E+04
    0.29964E-02    0.61639E+04
    0.30569E-02    0.62722E+04
    0.31187E-02    0.63821E+04
    0.31817E-02    0.64935E+04
    0.32460E-02    0.66065E+04
    0.33115E-02    0.67211E+04
    0.33784E-02    0.68373E+04
    0.34467E-02    0.69551E+04
    0.35163E-02    0.70745E+04
    0.35874E-02    0.71955E+04
    0.36598E-02    0.73181E+04
    0.37338E-02    0.74424E+04
    0.38092E-02    0.75683E+04
    0.38861E-02    0.76958E+04
    0.39646E-02    0.78249E+04
    0.40447E-02    0.79556E+04
    0.41264E-02    0.80880E+04
    0.42098E-02    0.82219E+04
    0.42948E-02    0.83575E+04
    0.43816E-02    0.84947E+04
    0.44701E-02    0.86334E+04
    0.45604E-02    0.87738E+04
    0.46525E-02    0.89157E+04
    0.47465E-02    0.90592E+04
    0.48424E-02    0.92042E+04
    0.49402E-02    0.93508E+04
    0.50400E-02    0.94989E+04
    0.51419E-02    0.96485E+04
    0.52457E-02    0.97996E+04
    0.53517E-02    0.99522E+04
    0.54598E-02    0.10106E+05
    0.55701E-02    0.10262E+05
    0.56826E-02    0.10418E+05
    0.57974E-02    0.10576E+05
    0.59145E-02    0.10736E+05
    0.60340E-02    0.10897E+05
    0.61559E-02    0.11059E+05
    0.62803E-02    0.11222E+05
    0.64072E-02    0.11386E+05
    0.65366E-02    0.11552E+05
    0.66686E-02    0.11718E+05
    0.68033E-02    0.11886E+05
    0.69408E-02    0.12055E+05
    0.70810E-02    0.12224E+05
    0.72240E-02    0.12395E+05
    0.73700E-02    0.12566E+05
    0.75189E-02    0.12738E+05
    0.76708E-02    0.12910E+05
    0.78257E-02    0.13084E+05
    0.79838E-02    0.13257E+05
    0.81451E-02    0.13431E+05
    0.83096E-02    0.13606E+05
    0.84775E-02    0.13781E+05
    0.86488E-02    0.13956E+05
    0.88235E-02    0.14131E+05
    0.90017E-02    0.14306E+05
    0.91836E-02    0.14481E+05
    0.93691E-02    0.14656E+05
    0.95583E-02    0.14830E+05
    0.97514E-02    0.15004E+05
    0.99484E-02    0.15177E+05
    0.10149E-01    0.15350E+05
    0.10354E-01    0.15522E+05
    0.10564E-01    0.15694E+05
    0.10777E-01    0.15864E+05
    0.10995E-01    0.16033E+05
    0.11217E-01    0.16201E+05
    0.11443E-01    0.16367E+05
    0.11675E-01    0.16532E+05
    0.11910E-01    0.16694E+05
    0.12151E-01    0.16855E+05
    0.12397E-01    0.17014E+05
    0.12647E-01    0.17171E+05
    0.12902E-01    0.17325E+05
    0.13163E-01    0.17476E+05
    0.13429E-01    0.17625E+05
    0.13700E-01    0.17771E+05
    0.13977E-01    0.17914E+05
    0.14259E-01    0.18053E+05
    0.14547E-01    0.18188E+05
    0.14841E-01    0.18320E+05
    0.15141E-01    0.18448E+05
    0.15447E-01    0.18572E+05
    0.15759E-01    0.18692E+05
    0.16077E-01    0.18807E+05
    0.16402E-01    0.18917E+05
    0.16734E-01    0.19022E+05
    0.17072E-01    0.19122E+05
    0.17416E-01    0.19216E+05
    0.17768E-01    0.19305E+05
    0.18127E-01    0.19388E+05
    0.18493E-01    0.19464E+05
    0.18867E-01    0.19535E+05
    0.19248E-01    0.19599E+05
    0.19637E-01    0.19656E+05
    0.20034E-01    0.19707E+05
    0.20438E-01    0.19750E+05
    0.20851E-01    0.19786E+05
    0.21272E-01    0.19815E+05
    0.21702E-01    0.19836E+05
    0.22141E-01    0.19849E+05
    0.22588E-01    0.19854E+05
    0.23044E-01    0.19852E+05
    0.23510E-01    0.19841E+05
    0.23985E-01    0.19822E+05
    0.24469E-01    0.19794E+05
    0.24964E-01    0.19758E+05
    0.25468E-01    0.19713E+05
    0.25982E-01    0.19660E+05
    0.26507E-01    0.19599E+05
    0.27043E-01    0.19529E+05
    0.27589E-01    0.19450E+05
    0.28146E-01    0.19363E+05
    0.28715E-01    0.19268E+05
    0.29295E-01    0.19164E+05
    0.29887E-01    0.19053E+05
    0.30490E-01    0.18933E+05
    0.31106E-01    0.18806E+05
    0.31735E-01    0.18672E+05
    0.32376E-01    0.18530E+05
    0.33030E-01    0.18381E+05
    0.33697E-01    0.18226E+05
    0.34378E-01    0.18065E+05
    0.35072E-01    0.17898E+05
    0.35781E-01    0.17726E+05
    0.36504E-01    0.17549E+05
    0.37241E-01    0.17368E+05
    0.37993E-01    0.17182E+05
    0.38761E-01    0.16994E+05
    0.39544E-01    0.16802E+05
    0.40343E-01    0.16608E+05
    0.41158E-01    0.16413E+05
    0.41989E-01    0.16216E+05
    0.42838E-01    0.16019E+05
    0.43703E-01    0.15821E+05
    0.44586E-01    0.15623E+05
    0.45486E-01    0.15426E+05
    0.46405E-01    0.15231E+05
    0.47343E-01    0.15037E+05
    0.48299E-01    0.14846E+05
    0.49275E-01    0.14658E+05
    0.50270E-01    0.14473E+05
    0.51286E-01    0.14292E+05
    0.52322E-01    0.14115E+05
    0.53379E-01    0.13942E+05
    0.54457E-01    0.13774E+05
    0.55557E-01    0.13610E+05
    0.56680E-01    0.13449E+05
    0.57825E-01    0.13292E+05
    0.58993E-01    0.13137E+05
    0.60184E-01    0.12985E+05
    0.61400E-01    0.12835E+05
    0.62641E-01    0.12687E+05
    0.63906E-01    0.12539E+05
    0.65197E-01    0.12391E+05
    0.66514E-01    0.12242E+05
    0.67858E-01    0.12092E+05
    0.69229E-01    0.11940E+05
    0.70627E-01    0.11784E+05
    0.72054E-01    0.11626E+05
    0.73510E-01    0.11462E+05
    0.74994E-01    0.11293E+05
    0.76509E-01    0.11119E+05
    0.78055E-01    0.10937E+05
    0.79632E-01    0.10748E+05
    0.81241E-01    0.10552E+05
    0.82882E-01    0.10347E+05
    0.84556E-01    0.10135E+05
    0.86264E-01    0.99155E+04
    0.88007E-01    0.96897E+04
    0.89785E-01    0.94590E+04
    0.91598E-01    0.92248E+04
    0.93449E-01    0.89885E+04
    0.95337E-01    0.87513E+04
    0.97263E-01    0.85147E+04
    0.99227E-01    0.82806E+04
    0.10123E+00    0.80508E+04
    0.10328E+00    0.78268E+04
    0.10536E+00    0.76102E+04
    0.10749E+00    0.74023E+04
    0.10966E+00    0.72045E+04
    0.11188E+00    0.70177E+04
    0.11414E+00    0.68427E+04
    0.11644E+00    0.66797E+04
    0.11880E+00    0.65287E+04
    0.12120E+00    0.63889E+04
    0.12365E+00    0.62589E+04
    0.12614E+00    0.61370E+04
    0.12869E+00    0.60207E+04
    0.13129E+00    0.59077E+04
    0.13394E+00    0.57952E+04
    0.13665E+00    0.56807E+04
    0.13941E+00    0.55621E+04
    0.14223E+00    0.54376E+04
    0.14510E+00    0.53063E+04
    0.14803E+00    0.51678E+04
    0.15102E+00    0.50223E+04
    0.15407E+00    0.48710E+04
    0.15718E+00    0.47154E+04
    0.16036E+00    0.45578E+04
    0.16360E+00    0.44006E+04
    0.16690E+00    0.42462E+04
    0.17028E+00    0.40971E+04
    0.17371E+00    0.39554E+04
    0.17722E+00    0.38232E+04
    0.18080E+00    0.37015E+04
    0.18446E+00    0.35911E+04
    0.18818E+00    0.34916E+04
    0.19198E+00    0.34014E+04
    0.19586E+00    0.33180E+04
    0.19982E+00    0.32386E+04
    0.20386E+00    0.31601E+04
    0.20797E+00    0.30800E+04
    0.21218E+00    0.29964E+04
    0.21646E+00    0.29081E+04
    0.22083E+00    0.28149E+04
    0.22530E+00    0.27175E+04
    0.22985E+00    0.26180E+04
    0.23449E+00    0.25190E+04
    0.23923E+00    0.24233E+04
    0.24406E+00    0.23332E+04
    0.24899E+00    0.22500E+04
    0.25402E+00    0.21743E+04
    0.25915E+00    0.21055E+04
    0.26439E+00    0.20427E+04
    0.26973E+00    0.19837E+04
    0.27518E+00    0.19262E+04
    0.28074E+00    0.18681E+04
    0.28641E+00    0.18079E+04
    0.29219E+00    0.17454E+04
    0.29810E+00    0.16811E+04
    0.30412E+00    0.16166E+04
    0.31026E+00    0.15541E+04
    0.31653E+00    0.14952E+04
    0.32292E+00    0.14406E+04
    0.32945E+00    0.13904E+04
    0.33610E+00    0.13438E+04
    0.34289E+00    0.12998E+04
    0.34982E+00    0.12566E+04
    0.35689E+00    0.12132E+04
    0.36409E+00    0.11691E+04
    0.37145E+00    0.11247E+04
    0.37895E+00    0.10811E+04
    0.38661E+00    0.10393E+04
    0.39442E+00    0.99997E+03
    0.40239E+00    0.96327E+03
    0.41052E+00    0.92866E+03
    0.41881E+00    0.89537E+03
    0.42727E+00    0.86270E+03
    0.43590E+00    0.83028E+03
    0.44471E+00    0.79818E+03
    0.45369E+00    0.76692E+03
    0.46286E+00    0.73705E+03
    0.47221E+00    0.70876E+03
    0.48174E+00    0.68188E+03
    0.49148E+00    0.65606E+03
    0.50141E+00    0.63097E+03
    0.51153E+00    0.60640E+03
    0.52187E+00    0.58244E+03
    0.53241E+00    0.55936E+03
    0.54317E+00    0.53730E+03
    0.55414E+00    0.51621E+03
    0.56533E+00    0.49594E+03
    0.57675E+00    0.47634E+03
    0.58840E+00    0.45732E+03
    0.60029E+00    0.43893E+03
    0.61242E+00    0.42126E+03
    0.62479E+00    0.40433E+03
    0.63741E+00    0.38805E+03
    0.65029E+00    0.37237E+03
    0.66342E+00    0.35723E+03
    0.67683E+00    0.34264E+03
    0.69050E+00    0.32862E+03
    0.70445E+00    0.31516E+03
    0.71868E+00    0.30221E+03
    0.73320E+00    0.28976E+03
    0.74801E+00    0.27779E+03
    0.76312E+00    0.26627E+03
    0.77854E+00    0.25520E+03
    0.79426E+00    0.24455E+03
    0.81031E+00    0.23432E+03
    0.82668E+00    0.22449E+03
    0.84338E+00    0.21505E+03
    0.86041E+00    0.20598E+03
    0.87780E+00    0.19727E+03
    0.89553E+00    0.18891E+03
    0.91362E+00    0.18088E+03
    0.93208E+00    0.17318E+03
    0.95091E+00    0.16578E+03
    0.97011E+00    0.15869E+03
    0.98971E+00    0.15188E+03
    0.10097E+01    0.14535E+03
    0.10301E+01    0.13909E+03
    0.10509E+01    0.13308E+03
    0.10721E+01    0.12732E+03
    0.10938E+01    0.12179E+03
    0.11159E+01    0.11649E+03
    0.11384E+01    0.11141E+03
    0.11614E+01    0.10655E+03
    0.11849E+01    0.10188E+03
    0.12088E+01    0.97410E+02
    0.12333E+01    0.93126E+02
    0.12582E+01    0.89022E+02
    0.12836E+01    0.85092E+02
    0.13095E+01    0.81327E+02
    0.13360E+01    0.77722E+02
    0.13630E+01    0.74270E+02
    0.13905E+01    0.70965E+02
    0.14186E+01    0.67802E+02
    0.14472E+01    0.64774E+02
    0.14765E+01    0.61875E+02
    0.15063E+01    0.59101E+02
    0.15367E+01    0.56447E+02
    0.15678E+01    0.53907E+02
    0.15994E+01    0.51476E+02
    0.16318E+01    0.49150E+02
    0.16647E+01    0.46925E+02
    0.16984E+01    0.44796E+02
    0.17327E+01    0.42759E+02
    0.17677E+01    0.40811E+02
    0.18034E+01    0.38948E+02
    0.18398E+01    0.37167E+02
    0.18770E+01    0.35465E+02
    0.19149E+01    0.33838E+02
    0.19536E+01    0.32284E+02
    0.19930E+01    0.30800E+02
    0.20333E+01    0.29383E+02
    0.20744E+01    0.28031E+02
    0.21163E+01    0.26740E+02
    0.21590E+01    0.25508E+02
