    0.10000E-03    0.28453E+03
    0.10202E-03    0.29010E+03
    0.10408E-03    0.29577E+03
    0.10618E-03    0.30155E+03
    0.10833E-03    0.30744E+03
    0.11052E-03    0.31345E+03
    0.11275E-03    0.31958E+03
    0.11503E-03    0.32583E+03
    0.11735E-03    0.33220E+03
    0.11972E-03    0.33869E+03
    0.12214E-03    0.34531E+03
    0.12461E-03    0.35206E+03
    0.12712E-03    0.35894E+03
    0.12969E-03    0.36596E+03
    0.13231E-03    0.37311E+03
    0.13499E-03    0.38040E+03
    0.13771E-03    0.38784E+03
    0.14049E-03    0.39541E+03
    0.14333E-03    0.40314E+03
    0.14623E-03    0.41102E+03
    0.14918E-03    0.41905E+03
    0.15220E-03    0.42724E+03
    0.15527E-03    0.43559E+03
    0.15841E-03    0.44410E+03
    0.16161E-03    0.45278E+03
    0.16487E-03    0.46163E+03
    0.16820E-03    0.47065E+03
    0.17160E-03    0.47984E+03
    0.17507E-03    0.48922E+03
    0.17860E-03    0.49877E+03
    0.18221E-03    0.50852E+03
    0.18589E-03    0.51845E+03
    0.18965E-03    0.52858E+03
    0.19348E-03    0.53890E+03
    0.19739E-03    0.54943E+03
    0.20138E-03    0.56016E+03
    0.20544E-03    0.57110E+03
    0.20959E-03    0.58225E+03
    0.21383E-03    0.59362E+03
    0.21815E-03    0.60522E+03
    0.22255E-03    0.61703E+03
    0.22705E-03    0.62908E+03
    0.23164E-03    0.64136E+03
    0.23632E-03    0.65389E+03
    0.24109E-03    0.66665E+03
    0.24596E-03    0.67966E+03
    0.25093E-03    0.69293E+03
    0.25600E-03    0.70646E+03
    0.26117E-03    0.72024E+03
    0.26645E-03    0.73430E+03
    0.27183E-03    0.74863E+03
    0.27732E-03    0.76323E+03
    0.28292E-03    0.77812E+03
    0.28864E-03    0.79330E+03
    0.29447E-03    0.80878E+03
    0.30042E-03    0.82455E+03
    0.30649E-03    0.84063E+03
    0.31268E-03    0.85703E+03
    0.31899E-03    0.87374E+03
    0.32544E-03    0.89077E+03
    0.33201E-03    0.90813E+03
    0.33872E-03    0.92584E+03
    0.34556E-03    0.94388E+03
    0.35254E-03    0.96227E+03
    0.35966E-03    0.98102E+03
    0.36693E-03    0.10001E+04
    0.37434E-03    0.10196E+04
    0.38190E-03    0.10395E+04
    0.38962E-03    0.10597E+04
    0.39749E-03    0.10803E+04
    0.40552E-03    0.11014E+04
    0.41371E-03    0.11228E+04
    0.42207E-03    0.11447E+04
    0.43060E-03    0.11669E+04
    0.43929E-03    0.11896E+04
    0.44817E-03    0.12128E+04
    0.45722E-03    0.12363E+04
    0.46646E-03    0.12604E+04
    0.47588E-03    0.12849E+04
    0.48550E-03    0.13098E+04
    0.49530E-03    0.13353E+04
    0.50531E-03    0.13612E+04
    0.51552E-03    0.13876E+04
    0.52593E-03    0.14146E+04
    0.53656E-03    0.14420E+04
    0.54739E-03    0.14700E+04
    0.55845E-03    0.14985E+04
    0.56973E-03    0.15276E+04
    0.58124E-03    0.15572E+04
    0.59299E-03    0.15873E+04
    0.60496E-03    0.16181E+04
    0.61719E-03    0.16494E+04
    0.62965E-03    0.16813E+04
    0.64237E-03    0.17139E+04
    0.65535E-03    0.17470E+04
    0.66859E-03    0.17808E+04
    0.68210E-03    0.18152E+04
    0.69588E-03    0.18503E+04
    0.70993E-03    0.18860E+04
    0.72427E-03    0.19224E+04
    0.73891E-03    0.19595E+04
    0.75383E-03    0.19973E+04
    0.76906E-03    0.20358E+04
    0.78460E-03    0.20750E+04
    0.80045E-03    0.21149E+04
    0.81662E-03    0.21556E+04
    0.83311E-03    0.21971E+04
    0.84994E-03    0.22393E+04
    0.86711E-03    0.22823E+04
    0.88463E-03    0.23262E+04
    0.90250E-03    0.23708E+04
    0.92073E-03    0.24163E+04
    0.93933E-03    0.24626E+04
    0.95831E-03    0.25097E+04
    0.97767E-03    0.25578E+04
    0.99742E-03    0.26067E+04
    0.10176E-02    0.26565E+04
    0.10381E-02    0.27072E+04
    0.10591E-02    0.27589E+04
    0.10805E-02    0.28115E+04
    0.11023E-02    0.28650E+04
    0.11246E-02    0.29196E+04
    0.11473E-02    0.29751E+04
    0.11705E-02    0.30316E+04
    0.11941E-02    0.30892E+04
    0.12182E-02    0.31478E+04
    0.12429E-02    0.32074E+04
    0.12680E-02    0.32681E+04
    0.12936E-02    0.33299E+04
    0.13197E-02    0.33928E+04
    0.13464E-02    0.34568E+04
    0.13736E-02    0.35220E+04
    0.14013E-02    0.35883E+04
    0.14296E-02    0.36558E+04
    0.14585E-02    0.37244E+04
    0.14880E-02    0.37943E+04
    0.15180E-02    0.38654E+04
    0.15487E-02    0.39377E+04
    0.15800E-02    0.40112E+04
    0.16119E-02    0.40861E+04
    0.16445E-02    0.41622E+04
    0.16777E-02    0.42396E+04
    0.17116E-02    0.43184E+04
    0.17462E-02    0.43985E+04
    0.17814E-02    0.44799E+04
    0.18174E-02    0.45627E+04
    0.18541E-02    0.46469E+04
    0.18916E-02    0.47325E+04
    0.19298E-02    0.48195E+04
    0.19688E-02    0.49080E+04
    0.20086E-02    0.49979E+04
    0.20491E-02    0.50893E+04
    0.20905E-02    0.51822E+04
    0.21328E-02    0.52766E+04
    0.21758E-02    0.53725E+04
    0.22198E-02    0.54699E+04
    0.22646E-02    0.55689E+04
    0.23104E-02    0.56694E+04
    0.23571E-02    0.57715E+04
    0.24047E-02    0.58752E+04
    0.24533E-02    0.59805E+04
    0.25028E-02    0.60874E+04
    0.25534E-02    0.61960E+04
    0.26050E-02    0.63062E+04
    0.26576E-02    0.64181E+04
    0.27113E-02    0.65316E+04
    0.27660E-02    0.66468E+04
    0.28219E-02    0.67637E+04
    0.28789E-02    0.68823E+04
    0.29371E-02    0.70026E+04
    0.29964E-02    0.71246E+04
    0.30569E-02    0.72483E+04
    0.31187E-02    0.73738E+04
    0.31817E-02    0.75010E+04
    0.32460E-02    0.76299E+04
    0.33115E-02    0.77606E+04
    0.33784E-02    0.78930E+04
    0.34467E-02    0.80272E+04
    0.35163E-02    0.81632E+04
    0.35874E-02    0.83009E+04
    0.36598E-02    0.84404E+04
    0.37338E-02    0.85816E+04
    0.38092E-02    0.87246E+04
    0.38861E-02    0.88693E+04
    0.39646E-02    0.90158E+04
    0.40447E-02    0.91640E+04
    0.41264E-02    0.93139E+04
    0.42098E-02    0.94656E+04
    0.42948E-02    0.96190E+04
    0.43816E-02    0.97741E+04
    0.44701E-02    0.99308E+04
    0.45604E-02    0.10089E+05
    0.46525E-02    0.10249E+05
    0.47465E-02    0.10411E+05
    0.48424E-02    0.10574E+05
    0.49402E-02    0.10739E+05
    0.50400E-02    0.10906E+05
    0.51419E-02    0.11074E+05
    0.52457E-02    0.11244E+05
    0.53517E-02    0.11415E+05
    0.54598E-02    0.11587E+05
    0.55701E-02    0.11761E+05
    0.56826E-02    0.11936E+05
    0.57974E-02    0.12113E+05
    0.59145E-02    0.12291E+05
    0.60340E-02    0.12470E+05
    0.61559E-02    0.12650E+05
    0.62803E-02    0.12832E+05
    0.64072E-02    0.13015E+05
    0.65366E-02    0.13198E+05
    0.66686E-02    0.13383E+05
    0.68033E-02    0.13569E+05
    0.69408E-02    0.13755E+05
    0.70810E-02    0.13942E+05
    0.72240E-02    0.14130E+05
    0.73700E-02    0.14319E+05
    0.75189E-02    0.14508E+05
    0.76708E-02    0.14697E+05
    0.78257E-02    0.14887E+05
    0.79838E-02    0.15077E+05
    0.81451E-02    0.15267E+05
    0.83096E-02    0.15457E+05
    0.84775E-02    0.15648E+05
    0.86488E-02    0.15838E+05
    0.88235E-02    0.16027E+05
    0.90017E-02    0.16217E+05
    0.91836E-02    0.16406E+05
    0.93691E-02    0.16594E+05
    0.95583E-02    0.16782E+05
    0.97514E-02    0.16968E+05
    0.99484E-02    0.17154E+05
    0.10149E-01    0.17339E+05
    0.10354E-01    0.17522E+05
    0.10564E-01    0.17704E+05
    0.10777E-01    0.17884E+05
    0.10995E-01    0.18062E+05
    0.11217E-01    0.18239E+05
    0.11443E-01    0.18413E+05
    0.11675E-01    0.18585E+05
    0.11910E-01    0.18754E+05
    0.12151E-01    0.18921E+05
    0.12397E-01    0.19085E+05
    0.12647E-01    0.19246E+05
    0.12902E-01    0.19403E+05
    0.13163E-01    0.19558E+05
    0.13429E-01    0.19708E+05
    0.13700E-01    0.19855E+05
    0.13977E-01    0.19997E+05
    0.14259E-01    0.20135E+05
    0.14547E-01    0.20269E+05
    0.14841E-01    0.20397E+05
    0.15141E-01    0.20521E+05
    0.15447E-01    0.20640E+05
    0.15759E-01    0.20753E+05
    0.16077E-01    0.20860E+05
    0.16402E-01    0.20961E+05
    0.16734E-01    0.21056E+05
    0.17072E-01    0.21145E+05
    0.17416E-01    0.21227E+05
    0.17768E-01    0.21302E+05
    0.18127E-01    0.21370E+05
    0.18493E-01    0.21431E+05
    0.18867E-01    0.21484E+05
    0.19248E-01    0.21530E+05
    0.19637E-01    0.21567E+05
    0.20034E-01    0.21597E+05
    0.20438E-01    0.21617E+05
    0.20851E-01    0.21630E+05
    0.21272E-01    0.21633E+05
    0.21702E-01    0.21628E+05
    0.22141E-01    0.21614E+05
    0.22588E-01    0.21590E+05
    0.23044E-01    0.21557E+05
    0.23510E-01    0.21515E+05
    0.23985E-01    0.21463E+05
    0.24469E-01    0.21402E+05
    0.24964E-01    0.21332E+05
    0.25468E-01    0.21252E+05
    0.25982E-01    0.21162E+05
    0.26507E-01    0.21063E+05
    0.27043E-01    0.20954E+05
    0.27589E-01    0.20836E+05
    0.28146E-01    0.20710E+05
    0.28715E-01    0.20574E+05
    0.29295E-01    0.20429E+05
    0.29887E-01    0.20276E+05
    0.30490E-01    0.20114E+05
    0.31106E-01    0.19945E+05
    0.31735E-01    0.19768E+05
    0.32376E-01    0.19584E+05
    0.33030E-01    0.19394E+05
    0.33697E-01    0.19197E+05
    0.34378E-01    0.18994E+05
    0.35072E-01    0.18785E+05
    0.35781E-01    0.18572E+05
    0.36504E-01    0.18355E+05
    0.37241E-01    0.18134E+05
    0.37993E-01    0.17910E+05
    0.38761E-01    0.17684E+05
    0.39544E-01    0.17457E+05
    0.40343E-01    0.17228E+05
    0.41158E-01    0.16998E+05
    0.41989E-01    0.16769E+05
    0.42838E-01    0.16539E+05
    0.43703E-01    0.16311E+05
    0.44586E-01    0.16085E+05
    0.45486E-01    0.15861E+05
    0.46405E-01    0.15641E+05
    0.47343E-01    0.15424E+05
    0.48299E-01    0.15212E+05
    0.49275E-01    0.15004E+05
    0.50270E-01    0.14801E+05
    0.51286E-01    0.14604E+05
    0.52322E-01    0.14413E+05
    0.53379E-01    0.14227E+05
    0.54457E-01    0.14046E+05
    0.55557E-01    0.13870E+05
    0.56680E-01    0.13699E+05
    0.57825E-01    0.13531E+05
    0.58993E-01    0.13367E+05
    0.60184E-01    0.13205E+05
    0.61400E-01    0.13045E+05
    0.62641E-01    0.12887E+05
    0.63906E-01    0.12729E+05
    0.65197E-01    0.12570E+05
    0.66514E-01    0.12411E+05
    0.67858E-01    0.12249E+05
    0.69229E-01    0.12085E+05
    0.70627E-01    0.11916E+05
    0.72054E-01    0.11743E+05
    0.73510E-01    0.11564E+05
    0.74994E-01    0.11378E+05
    0.76509E-01    0.11185E+05
    0.78055E-01    0.10984E+05
    0.79632E-01    0.10773E+05
    0.81241E-01    0.10555E+05
    0.82882E-01    0.10328E+05
    0.84556E-01    0.10094E+05
    0.86264E-01    0.98530E+04
    0.88007E-01    0.96065E+04
    0.89785E-01    0.93553E+04
    0.91598E-01    0.91011E+04
    0.93449E-01    0.88461E+04
    0.95337E-01    0.85920E+04
    0.97263E-01    0.83410E+04
    0.99227E-01    0.80951E+04
    0.10123E+00    0.78561E+04
    0.10328E+00    0.76259E+04
    0.10536E+00    0.74061E+04
    0.10749E+00    0.71981E+04
    0.10966E+00    0.70030E+04
    0.11188E+00    0.68216E+04
    0.11414E+00    0.66540E+04
    0.11644E+00    0.65000E+04
    0.11880E+00    0.63586E+04
    0.12120E+00    0.62280E+04
    0.12365E+00    0.61061E+04
    0.12614E+00    0.59903E+04
    0.12869E+00    0.58778E+04
    0.13129E+00    0.57656E+04
    0.13394E+00    0.56512E+04
    0.13665E+00    0.55323E+04
    0.13941E+00    0.54071E+04
    0.14223E+00    0.52744E+04
    0.14510E+00    0.51338E+04
    0.14803E+00    0.49855E+04
    0.15102E+00    0.48306E+04
    0.15407E+00    0.46708E+04
    0.15718E+00    0.45083E+04
    0.16036E+00    0.43458E+04
    0.16360E+00    0.41860E+04
    0.16690E+00    0.40317E+04
    0.17028E+00    0.38857E+04
    0.17371E+00    0.37501E+04
    0.17722E+00    0.36266E+04
    0.18080E+00    0.35158E+04
    0.18446E+00    0.34171E+04
    0.18818E+00    0.33286E+04
    0.19198E+00    0.32474E+04
    0.19586E+00    0.31701E+04
    0.19982E+00    0.30936E+04
    0.20386E+00    0.30152E+04
    0.20797E+00    0.29329E+04
    0.21218E+00    0.28455E+04
    0.21646E+00    0.27524E+04
    0.22083E+00    0.26547E+04
    0.22530E+00    0.25545E+04
    0.22985E+00    0.24545E+04
    0.23449E+00    0.23578E+04
    0.23923E+00    0.22669E+04
    0.24406E+00    0.21834E+04
    0.24899E+00    0.21081E+04
    0.25402E+00    0.20407E+04
    0.25915E+00    0.19796E+04
    0.26439E+00    0.19226E+04
    0.26973E+00    0.18669E+04
    0.27518E+00    0.18104E+04
    0.28074E+00    0.17515E+04
    0.28641E+00    0.16899E+04
    0.29219E+00    0.16263E+04
    0.29810E+00    0.15624E+04
    0.30412E+00    0.15003E+04
    0.31026E+00    0.14418E+04
    0.31653E+00    0.13879E+04
    0.32292E+00    0.13389E+04
    0.32945E+00    0.12938E+04
    0.33610E+00    0.12513E+04
    0.34289E+00    0.12095E+04
    0.34982E+00    0.11672E+04
    0.35689E+00    0.11242E+04
    0.36409E+00    0.10809E+04
    0.37145E+00    0.10381E+04
    0.37895E+00    0.99710E+03
    0.38661E+00    0.95870E+03
    0.39442E+00    0.92308E+03
    0.40239E+00    0.88966E+03
    0.41052E+00    0.85754E+03
    0.41881E+00    0.82595E+03
    0.42727E+00    0.79454E+03
    0.43590E+00    0.76341E+03
    0.44471E+00    0.73306E+03
    0.45369E+00    0.70404E+03
    0.46286E+00    0.67666E+03
    0.47221E+00    0.65077E+03
    0.48174E+00    0.62591E+03
    0.49148E+00    0.60173E+03
    0.50141E+00    0.57804E+03
    0.51153E+00    0.55494E+03
    0.52187E+00    0.53265E+03
    0.53241E+00    0.51139E+03
    0.54317E+00    0.49114E+03
    0.55414E+00    0.47167E+03
    0.56533E+00    0.45285E+03
    0.57675E+00    0.43459E+03
    0.58840E+00    0.41692E+03
    0.60029E+00    0.39996E+03
    0.61242E+00    0.38373E+03
    0.62479E+00    0.36814E+03
    0.63741E+00    0.35313E+03
    0.65029E+00    0.33864E+03
    0.66342E+00    0.32467E+03
    0.67683E+00    0.31126E+03
    0.69050E+00    0.29840E+03
    0.70445E+00    0.28604E+03
    0.71868E+00    0.27415E+03
    0.73320E+00    0.26272E+03
    0.74801E+00    0.25174E+03
    0.76312E+00    0.24118E+03
    0.77854E+00    0.23104E+03
    0.79426E+00    0.22129E+03
    0.81031E+00    0.21193E+03
    0.82668E+00    0.20295E+03
    0.84338E+00    0.19432E+03
    0.86041E+00    0.18604E+03
    0.87780E+00    0.17809E+03
    0.89553E+00    0.17047E+03
    0.91362E+00    0.16315E+03
    0.93208E+00    0.15613E+03
    0.95091E+00    0.14940E+03
    0.97011E+00    0.14295E+03
    0.98971E+00    0.13676E+03
    0.10097E+01    0.13082E+03
    0.10301E+01    0.12513E+03
    0.10509E+01    0.11968E+03
    0.10721E+01    0.11445E+03
    0.10938E+01    0.10944E+03
    0.11159E+01    0.10463E+03
    0.11384E+01    0.10003E+03
    0.11614E+01    0.95624E+02
    0.11849E+01    0.91401E+02
    0.12088E+01    0.87356E+02
    0.12333E+01    0.83483E+02
    0.12582E+01    0.79774E+02
    0.12836E+01    0.76223E+02
    0.13095E+01    0.72824E+02
    0.13360E+01    0.69570E+02
    0.13630E+01    0.66456E+02
    0.13905E+01    0.63477E+02
    0.14186E+01    0.60625E+02
    0.14472E+01    0.57897E+02
    0.14765E+01    0.55287E+02
    0.15063E+01    0.52790E+02
    0.15367E+01    0.50401E+02
    0.15678E+01    0.48116E+02
    0.15994E+01    0.45931E+02
    0.16318E+01    0.43840E+02
    0.16647E+01    0.41841E+02
    0.16984E+01    0.39929E+02
    0.17327E+01    0.38100E+02
    0.17677E+01    0.36352E+02
    0.18034E+01    0.34682E+02
    0.18398E+01    0.33086E+02
    0.18770E+01    0.31561E+02
    0.19149E+01    0.30105E+02
    0.19536E+01    0.28715E+02
    0.19930E+01    0.27388E+02
    0.20333E+01    0.26121E+02
    0.20744E+01    0.24913E+02
    0.21163E+01    0.23760E+02
