    0.10000E-03    0.50472E+03
    0.10202E-03    0.51459E+03
    0.10408E-03    0.52464E+03
    0.10618E-03    0.53490E+03
    0.10833E-03    0.54535E+03
    0.11052E-03    0.55601E+03
    0.11275E-03    0.56687E+03
    0.11503E-03    0.57795E+03
    0.11735E-03    0.58924E+03
    0.11972E-03    0.60075E+03
    0.12214E-03    0.61249E+03
    0.12461E-03    0.62446E+03
    0.12712E-03    0.63666E+03
    0.12969E-03    0.64910E+03
    0.13231E-03    0.66178E+03
    0.13499E-03    0.67470E+03
    0.13771E-03    0.68788E+03
    0.14049E-03    0.70132E+03
    0.14333E-03    0.71502E+03
    0.14623E-03    0.72898E+03
    0.14918E-03    0.74322E+03
    0.15220E-03    0.75774E+03
    0.15527E-03    0.77253E+03
    0.15841E-03    0.78762E+03
    0.16161E-03    0.80300E+03
    0.16487E-03    0.81868E+03
    0.16820E-03    0.83466E+03
    0.17160E-03    0.85096E+03
    0.17507E-03    0.86757E+03
    0.17860E-03    0.88450E+03
    0.18221E-03    0.90177E+03
    0.18589E-03    0.91937E+03
    0.18965E-03    0.93731E+03
    0.19348E-03    0.95560E+03
    0.19739E-03    0.97425E+03
    0.20138E-03    0.99326E+03
    0.20544E-03    0.10126E+04
    0.20959E-03    0.10324E+04
    0.21383E-03    0.10525E+04
    0.21815E-03    0.10731E+04
    0.22255E-03    0.10940E+04
    0.22705E-03    0.11153E+04
    0.23164E-03    0.11371E+04
    0.23632E-03    0.11592E+04
    0.24109E-03    0.11818E+04
    0.24596E-03    0.12049E+04
    0.25093E-03    0.12283E+04
    0.25600E-03    0.12523E+04
    0.26117E-03    0.12767E+04
    0.26645E-03    0.13015E+04
    0.27183E-03    0.13269E+04
    0.27732E-03    0.13527E+04
    0.28292E-03    0.13791E+04
    0.28864E-03    0.14059E+04
    0.29447E-03    0.14333E+04
    0.30042E-03    0.14612E+04
    0.30649E-03    0.14896E+04
    0.31268E-03    0.15186E+04
    0.31899E-03    0.15481E+04
    0.32544E-03    0.15782E+04
    0.33201E-03    0.16089E+04
    0.33872E-03    0.16402E+04
    0.34556E-03    0.16720E+04
    0.35254E-03    0.17045E+04
    0.35966E-03    0.17376E+04
    0.36693E-03    0.17714E+04
    0.37434E-03    0.18057E+04
    0.38190E-03    0.18408E+04
    0.38962E-03    0.18765E+04
    0.39749E-03    0.19129E+04
    0.40552E-03    0.19500E+04
    0.41371E-03    0.19878E+04
    0.42207E-03    0.20263E+04
    0.43060E-03    0.20655E+04
    0.43929E-03    0.21055E+04
    0.44817E-03    0.21463E+04
    0.45722E-03    0.21878E+04
    0.46646E-03    0.22301E+04
    0.47588E-03    0.22733E+04
    0.48550E-03    0.23172E+04
    0.49530E-03    0.23619E+04
    0.50531E-03    0.24076E+04
    0.51552E-03    0.24540E+04
    0.52593E-03    0.25014E+04
    0.53656E-03    0.25496E+04
    0.54739E-03    0.25987E+04
    0.55845E-03    0.26488E+04
    0.56973E-03    0.26998E+04
    0.58124E-03    0.27517E+04
    0.59299E-03    0.28046E+04
    0.60496E-03    0.28585E+04
    0.61719E-03    0.29134E+04
    0.62965E-03    0.29693E+04
    0.64237E-03    0.30263E+04
    0.65535E-03    0.30843E+04
    0.66859E-03    0.31434E+04
    0.68210E-03    0.32036E+04
    0.69588E-03    0.32648E+04
    0.70993E-03    0.33272E+04
    0.72427E-03    0.33908E+04
    0.73891E-03    0.34555E+04
    0.75383E-03    0.35214E+04
    0.76906E-03    0.35885E+04
    0.78460E-03    0.36568E+04
    0.80045E-03    0.37263E+04
    0.81662E-03    0.37972E+04
    0.83311E-03    0.38692E+04
    0.84994E-03    0.39426E+04
    0.86711E-03    0.40173E+04
    0.88463E-03    0.40934E+04
    0.90250E-03    0.41708E+04
    0.92073E-03    0.42495E+04
    0.93933E-03    0.43297E+04
    0.95831E-03    0.44113E+04
    0.97767E-03    0.44944E+04
    0.99742E-03    0.45788E+04
    0.10176E-02    0.46648E+04
    0.10381E-02    0.47523E+04
    0.10591E-02    0.48413E+04
    0.10805E-02    0.49319E+04
    0.11023E-02    0.50240E+04
    0.11246E-02    0.51177E+04
    0.11473E-02    0.52130E+04
    0.11705E-02    0.53099E+04
    0.11941E-02    0.54085E+04
    0.12182E-02    0.55088E+04
    0.12429E-02    0.56107E+04
    0.12680E-02    0.57144E+04
    0.12936E-02    0.58198E+04
    0.13197E-02    0.59270E+04
    0.13464E-02    0.60359E+04
    0.13736E-02    0.61466E+04
    0.14013E-02    0.62591E+04
    0.14296E-02    0.63735E+04
    0.14585E-02    0.64897E+04
    0.14880E-02    0.66078E+04
    0.15180E-02    0.67278E+04
    0.15487E-02    0.68497E+04
    0.15800E-02    0.69735E+04
    0.16119E-02    0.70993E+04
    0.16445E-02    0.72270E+04
    0.16777E-02    0.73568E+04
    0.17116E-02    0.74885E+04
    0.17462E-02    0.76222E+04
    0.17814E-02    0.77580E+04
    0.18174E-02    0.78957E+04
    0.18541E-02    0.80356E+04
    0.18916E-02    0.81775E+04
    0.19298E-02    0.83215E+04
    0.19688E-02    0.84676E+04
    0.20086E-02    0.86158E+04
    0.20491E-02    0.87662E+04
    0.20905E-02    0.89186E+04
    0.21328E-02    0.90732E+04
    0.21758E-02    0.92299E+04
    0.22198E-02    0.93888E+04
    0.22646E-02    0.95498E+04
    0.23104E-02    0.97130E+04
    0.23571E-02    0.98783E+04
    0.24047E-02    0.10046E+05
    0.24533E-02    0.10216E+05
    0.25028E-02    0.10387E+05
    0.25534E-02    0.10561E+05
    0.26050E-02    0.10737E+05
    0.26576E-02    0.10916E+05
    0.27113E-02    0.11096E+05
    0.27660E-02    0.11279E+05
    0.28219E-02    0.11464E+05
    0.28789E-02    0.11650E+05
    0.29371E-02    0.11839E+05
    0.29964E-02    0.12030E+05
    0.30569E-02    0.12224E+05
    0.31187E-02    0.12419E+05
    0.31817E-02    0.12616E+05
    0.32460E-02    0.12815E+05
    0.33115E-02    0.13016E+05
    0.33784E-02    0.13220E+05
    0.34467E-02    0.13425E+05
    0.35163E-02    0.13632E+05
    0.35874E-02    0.13841E+05
    0.36598E-02    0.14052E+05
    0.37338E-02    0.14264E+05
    0.38092E-02    0.14478E+05
    0.38861E-02    0.14695E+05
    0.39646E-02    0.14912E+05
    0.40447E-02    0.15132E+05
    0.41264E-02    0.15352E+05
    0.42098E-02    0.15575E+05
    0.42948E-02    0.15799E+05
    0.43816E-02    0.16024E+05
    0.44701E-02    0.16251E+05
    0.45604E-02    0.16478E+05
    0.46525E-02    0.16707E+05
    0.47465E-02    0.16937E+05
    0.48424E-02    0.17169E+05
    0.49402E-02    0.17401E+05
    0.50400E-02    0.17634E+05
    0.51419E-02    0.17867E+05
    0.52457E-02    0.18102E+05
    0.53517E-02    0.18337E+05
    0.54598E-02    0.18573E+05
    0.55701E-02    0.18809E+05
    0.56826E-02    0.19045E+05
    0.57974E-02    0.19281E+05
    0.59145E-02    0.19518E+05
    0.60340E-02    0.19754E+05
    0.61559E-02    0.19990E+05
    0.62803E-02    0.20225E+05
    0.64072E-02    0.20460E+05
    0.65366E-02    0.20694E+05
    0.66686E-02    0.20928E+05
    0.68033E-02    0.21160E+05
    0.69408E-02    0.21392E+05
    0.70810E-02    0.21622E+05
    0.72240E-02    0.21851E+05
    0.73700E-02    0.22078E+05
    0.75189E-02    0.22303E+05
    0.76708E-02    0.22526E+05
    0.78257E-02    0.22747E+05
    0.79838E-02    0.22965E+05
    0.81451E-02    0.23181E+05
    0.83096E-02    0.23395E+05
    0.84775E-02    0.23605E+05
    0.86488E-02    0.23812E+05
    0.88235E-02    0.24016E+05
    0.90017E-02    0.24216E+05
    0.91836E-02    0.24413E+05
    0.93691E-02    0.24605E+05
    0.95583E-02    0.24793E+05
    0.97514E-02    0.24976E+05
    0.99484E-02    0.25154E+05
    0.10149E-01    0.25327E+05
    0.10354E-01    0.25495E+05
    0.10564E-01    0.25657E+05
    0.10777E-01    0.25814E+05
    0.10995E-01    0.25964E+05
    0.11217E-01    0.26107E+05
    0.11443E-01    0.26244E+05
    0.11675E-01    0.26374E+05
    0.11910E-01    0.26497E+05
    0.12151E-01    0.26611E+05
    0.12397E-01    0.26718E+05
    0.12647E-01    0.26817E+05
    0.12902E-01    0.26908E+05
    0.13163E-01    0.26989E+05
    0.13429E-01    0.27062E+05
    0.13700E-01    0.27125E+05
    0.13977E-01    0.27178E+05
    0.14259E-01    0.27221E+05
    0.14547E-01    0.27255E+05
    0.14841E-01    0.27277E+05
    0.15141E-01    0.27289E+05
    0.15447E-01    0.27290E+05
    0.15759E-01    0.27280E+05
    0.16077E-01    0.27258E+05
    0.16402E-01    0.27224E+05
    0.16734E-01    0.27178E+05
    0.17072E-01    0.27120E+05
    0.17416E-01    0.27049E+05
    0.17768E-01    0.26966E+05
    0.18127E-01    0.26870E+05
    0.18493E-01    0.26762E+05
    0.18867E-01    0.26640E+05
    0.19248E-01    0.26505E+05
    0.19637E-01    0.26357E+05
    0.20034E-01    0.26196E+05
    0.20438E-01    0.26022E+05
    0.20851E-01    0.25834E+05
    0.21272E-01    0.25634E+05
    0.21702E-01    0.25421E+05
    0.22141E-01    0.25194E+05
    0.22588E-01    0.24956E+05
    0.23044E-01    0.24705E+05
    0.23510E-01    0.24441E+05
    0.23985E-01    0.24166E+05
    0.24469E-01    0.23880E+05
    0.24964E-01    0.23583E+05
    0.25468E-01    0.23275E+05
    0.25982E-01    0.22958E+05
    0.26507E-01    0.22631E+05
    0.27043E-01    0.22295E+05
    0.27589E-01    0.21951E+05
    0.28146E-01    0.21600E+05
    0.28715E-01    0.21243E+05
    0.29295E-01    0.20879E+05
    0.29887E-01    0.20511E+05
    0.30490E-01    0.20139E+05
    0.31106E-01    0.19764E+05
    0.31735E-01    0.19386E+05
    0.32376E-01    0.19008E+05
    0.33030E-01    0.18629E+05
    0.33697E-01    0.18252E+05
    0.34378E-01    0.17876E+05
    0.35072E-01    0.17502E+05
    0.35781E-01    0.17133E+05
    0.36504E-01    0.16769E+05
    0.37241E-01    0.16411E+05
    0.37993E-01    0.16060E+05
    0.38761E-01    0.15717E+05
    0.39544E-01    0.15382E+05
    0.40343E-01    0.15057E+05
    0.41158E-01    0.14741E+05
    0.41989E-01    0.14434E+05
    0.42838E-01    0.14138E+05
    0.43703E-01    0.13853E+05
    0.44586E-01    0.13580E+05
    0.45486E-01    0.13320E+05
    0.46405E-01    0.13074E+05
    0.47343E-01    0.12842E+05
    0.48299E-01    0.12624E+05
    0.49275E-01    0.12417E+05
    0.50270E-01    0.12220E+05
    0.51286E-01    0.12034E+05
    0.52322E-01    0.11856E+05
    0.53379E-01    0.11685E+05
    0.54457E-01    0.11522E+05
    0.55557E-01    0.11365E+05
    0.56680E-01    0.11212E+05
    0.57825E-01    0.11064E+05
    0.58993E-01    0.10918E+05
    0.60184E-01    0.10773E+05
    0.61400E-01    0.10627E+05
    0.62641E-01    0.10478E+05
    0.63906E-01    0.10324E+05
    0.65197E-01    0.10164E+05
    0.66514E-01    0.99945E+04
    0.67858E-01    0.98150E+04
    0.69229E-01    0.96238E+04
    0.70627E-01    0.94203E+04
    0.72054E-01    0.92038E+04
    0.73510E-01    0.89744E+04
    0.74994E-01    0.87329E+04
    0.76509E-01    0.84803E+04
    0.78055E-01    0.82181E+04
    0.79632E-01    0.79485E+04
    0.81241E-01    0.76737E+04
    0.82882E-01    0.73962E+04
    0.84556E-01    0.71185E+04
    0.86264E-01    0.68432E+04
    0.88007E-01    0.65729E+04
    0.89785E-01    0.63103E+04
    0.91598E-01    0.60580E+04
    0.93449E-01    0.58189E+04
    0.95337E-01    0.55951E+04
    0.97263E-01    0.53887E+04
    0.99227E-01    0.52014E+04
    0.10123E+00    0.50342E+04
    0.10328E+00    0.48869E+04
    0.10536E+00    0.47589E+04
    0.10749E+00    0.46483E+04
    0.10966E+00    0.45526E+04
    0.11188E+00    0.44688E+04
    0.11414E+00    0.43932E+04
    0.11644E+00    0.43222E+04
    0.11880E+00    0.42521E+04
    0.12120E+00    0.41793E+04
    0.12365E+00    0.41005E+04
    0.12614E+00    0.40129E+04
    0.12869E+00    0.39145E+04
    0.13129E+00    0.38042E+04
    0.13394E+00    0.36818E+04
    0.13665E+00    0.35485E+04
    0.13941E+00    0.34061E+04
    0.14223E+00    0.32579E+04
    0.14510E+00    0.31073E+04
    0.14803E+00    0.29587E+04
    0.15102E+00    0.28164E+04
    0.15407E+00    0.26845E+04
    0.15718E+00    0.25662E+04
    0.16036E+00    0.24633E+04
    0.16360E+00    0.23760E+04
    0.16690E+00    0.23032E+04
    0.17028E+00    0.22426E+04
    0.17371E+00    0.21913E+04
    0.17722E+00    0.21459E+04
    0.18080E+00    0.21025E+04
    0.18446E+00    0.20570E+04
    0.18818E+00    0.20057E+04
    0.19198E+00    0.19460E+04
    0.19586E+00    0.18776E+04
    0.19982E+00    0.18018E+04
    0.20386E+00    0.17214E+04
    0.20797E+00    0.16395E+04
    0.21218E+00    0.15596E+04
    0.21646E+00    0.14852E+04
    0.22083E+00    0.14189E+04
    0.22530E+00    0.13622E+04
    0.22985E+00    0.13149E+04
    0.23449E+00    0.12752E+04
    0.23923E+00    0.12405E+04
    0.24406E+00    0.12077E+04
    0.24899E+00    0.11737E+04
    0.25402E+00    0.11362E+04
    0.25915E+00    0.10942E+04
    0.26439E+00    0.10486E+04
    0.26973E+00    0.10012E+04
    0.27518E+00    0.95449E+03
    0.28074E+00    0.91074E+03
    0.28641E+00    0.87168E+03
    0.29219E+00    0.83792E+03
    0.29810E+00    0.80869E+03
    0.30412E+00    0.78231E+03
    0.31026E+00    0.75678E+03
    0.31653E+00    0.73046E+03
    0.32292E+00    0.70250E+03
    0.32945E+00    0.67306E+03
    0.33610E+00    0.64331E+03
    0.34289E+00    0.61473E+03
    0.34982E+00    0.58843E+03
    0.35689E+00    0.56478E+03
    0.36409E+00    0.54343E+03
    0.37145E+00    0.52351E+03
    0.37895E+00    0.50393E+03
    0.38661E+00    0.48400E+03
    0.39442E+00    0.46377E+03
    0.40239E+00    0.44376E+03
    0.41052E+00    0.42463E+03
    0.41881E+00    0.40687E+03
    0.42727E+00    0.39047E+03
    0.43590E+00    0.37501E+03
    0.44471E+00    0.36005E+03
    0.45369E+00    0.34524E+03
    0.46286E+00    0.33059E+03
    0.47221E+00    0.31643E+03
    0.48174E+00    0.30299E+03
    0.49148E+00    0.29036E+03
    0.50141E+00    0.27837E+03
    0.51153E+00    0.26681E+03
    0.52187E+00    0.25554E+03
    0.53241E+00    0.24460E+03
    0.54317E+00    0.23412E+03
    0.55414E+00    0.22413E+03
    0.56533E+00    0.21464E+03
    0.57675E+00    0.20551E+03
    0.58840E+00    0.19670E+03
    0.60029E+00    0.18821E+03
    0.61242E+00    0.18007E+03
    0.62479E+00    0.17231E+03
    0.63741E+00    0.16487E+03
    0.65029E+00    0.15773E+03
    0.66342E+00    0.15088E+03
    0.67683E+00    0.14431E+03
    0.69050E+00    0.13801E+03
    0.70445E+00    0.13197E+03
    0.71868E+00    0.12618E+03
    0.73320E+00    0.12063E+03
    0.74801E+00    0.11532E+03
    0.76312E+00    0.11022E+03
    0.77854E+00    0.10535E+03
    0.79426E+00    0.10068E+03
    0.81031E+00    0.96206E+02
    0.82668E+00    0.91926E+02
    0.84338E+00    0.87828E+02
    0.86041E+00    0.83907E+02
    0.87780E+00    0.80153E+02
    0.89553E+00    0.76561E+02
    0.91362E+00    0.73124E+02
    0.93208E+00    0.69835E+02
    0.95091E+00    0.66689E+02
    0.97011E+00    0.63678E+02
    0.98971E+00    0.60799E+02
    0.10097E+01    0.58045E+02
    0.10301E+01    0.55411E+02
    0.10509E+01    0.52892E+02
    0.10721E+01    0.50483E+02
    0.10938E+01    0.48181E+02
    0.11159E+01    0.45979E+02
    0.11384E+01    0.43875E+02
    0.11614E+01    0.41864E+02
    0.11849E+01    0.39941E+02
    0.12088E+01    0.38105E+02
    0.12333E+01    0.36349E+02
    0.12582E+01    0.34672E+02
    0.12836E+01    0.33070E+02
    0.13095E+01    0.31540E+02
    0.13360E+01    0.30078E+02
    0.13630E+01    0.28682E+02
    0.13905E+01    0.27349E+02
    0.14186E+01    0.26076E+02
    0.14472E+01    0.24861E+02
    0.14765E+01    0.23701E+02
    0.15063E+01    0.22593E+02
    0.15367E+01    0.21536E+02
    0.15678E+01    0.20527E+02
    0.15994E+01    0.19564E+02
    0.16318E+01    0.18644E+02
    0.16647E+01    0.17767E+02
    0.16984E+01    0.16930E+02
    0.17327E+01    0.16131E+02
    0.17677E+01    0.15369E+02
    0.18034E+01    0.14642E+02
    0.18398E+01    0.13948E+02
    0.18770E+01    0.13286E+02
    0.19149E+01    0.12655E+02
    0.19536E+01    0.12053E+02
    0.19930E+01    0.11478E+02
    0.20333E+01    0.10930E+02
    0.20744E+01    0.10408E+02
    0.21163E+01    0.99102E+01
    0.21590E+01    0.94358E+01
    0.22026E+01    0.89839E+01
    0.22471E+01    0.85533E+01
    0.22925E+01    0.81431E+01
    0.23388E+01    0.77526E+01
    0.23861E+01    0.73806E+01
