    0.10000E-03    0.30011E+03
    0.10202E-03    0.30598E+03
    0.10408E-03    0.31196E+03
    0.10618E-03    0.31806E+03
    0.10833E-03    0.32427E+03
    0.11052E-03    0.33061E+03
    0.11275E-03    0.33708E+03
    0.11503E-03    0.34366E+03
    0.11735E-03    0.35038E+03
    0.11972E-03    0.35723E+03
    0.12214E-03    0.36421E+03
    0.12461E-03    0.37133E+03
    0.12712E-03    0.37859E+03
    0.12969E-03    0.38599E+03
    0.13231E-03    0.39353E+03
    0.13499E-03    0.40122E+03
    0.13771E-03    0.40906E+03
    0.14049E-03    0.41706E+03
    0.14333E-03    0.42521E+03
    0.14623E-03    0.43352E+03
    0.14918E-03    0.44199E+03
    0.15220E-03    0.45062E+03
    0.15527E-03    0.45943E+03
    0.15841E-03    0.46841E+03
    0.16161E-03    0.47756E+03
    0.16487E-03    0.48689E+03
    0.16820E-03    0.49640E+03
    0.17160E-03    0.50610E+03
    0.17507E-03    0.51599E+03
    0.17860E-03    0.52607E+03
    0.18221E-03    0.53634E+03
    0.18589E-03    0.54682E+03
    0.18965E-03    0.55750E+03
    0.19348E-03    0.56839E+03
    0.19739E-03    0.57949E+03
    0.20138E-03    0.59081E+03
    0.20544E-03    0.60235E+03
    0.20959E-03    0.61411E+03
    0.21383E-03    0.62610E+03
    0.21815E-03    0.63832E+03
    0.22255E-03    0.65079E+03
    0.22705E-03    0.66349E+03
    0.23164E-03    0.67645E+03
    0.23632E-03    0.68965E+03
    0.24109E-03    0.70311E+03
    0.24596E-03    0.71684E+03
    0.25093E-03    0.73083E+03
    0.25600E-03    0.74509E+03
    0.26117E-03    0.75963E+03
    0.26645E-03    0.77445E+03
    0.27183E-03    0.78956E+03
    0.27732E-03    0.80496E+03
    0.28292E-03    0.82067E+03
    0.28864E-03    0.83667E+03
    0.29447E-03    0.85299E+03
    0.30042E-03    0.86962E+03
    0.30649E-03    0.88658E+03
    0.31268E-03    0.90387E+03
    0.31899E-03    0.92149E+03
    0.32544E-03    0.93945E+03
    0.33201E-03    0.95776E+03
    0.33872E-03    0.97642E+03
    0.34556E-03    0.99545E+03
    0.35254E-03    0.10148E+04
    0.35966E-03    0.10346E+04
    0.36693E-03    0.10548E+04
    0.37434E-03    0.10753E+04
    0.38190E-03    0.10962E+04
    0.38962E-03    0.11176E+04
    0.39749E-03    0.11393E+04
    0.40552E-03    0.11615E+04
    0.41371E-03    0.11841E+04
    0.42207E-03    0.12071E+04
    0.43060E-03    0.12306E+04
    0.43929E-03    0.12545E+04
    0.44817E-03    0.12789E+04
    0.45722E-03    0.13038E+04
    0.46646E-03    0.13291E+04
    0.47588E-03    0.13549E+04
    0.48550E-03    0.13812E+04
    0.49530E-03    0.14081E+04
    0.50531E-03    0.14354E+04
    0.51552E-03    0.14633E+04
    0.52593E-03    0.14916E+04
    0.53656E-03    0.15206E+04
    0.54739E-03    0.15501E+04
    0.55845E-03    0.15801E+04
    0.56973E-03    0.16107E+04
    0.58124E-03    0.16419E+04
    0.59299E-03    0.16737E+04
    0.60496E-03    0.17061E+04
    0.61719E-03    0.17391E+04
    0.62965E-03    0.17728E+04
    0.64237E-03    0.18070E+04
    0.65535E-03    0.18420E+04
    0.66859E-03    0.18776E+04
    0.68210E-03    0.19138E+04
    0.69588E-03    0.19508E+04
    0.70993E-03    0.19884E+04
    0.72427E-03    0.20267E+04
    0.73891E-03    0.20658E+04
    0.75383E-03    0.21056E+04
    0.76906E-03    0.21462E+04
    0.78460E-03    0.21875E+04
    0.80045E-03    0.22295E+04
    0.81662E-03    0.22724E+04
    0.83311E-03    0.23161E+04
    0.84994E-03    0.23605E+04
    0.86711E-03    0.24058E+04
    0.88463E-03    0.24520E+04
    0.90250E-03    0.24990E+04
    0.92073E-03    0.25468E+04
    0.93933E-03    0.25956E+04
    0.95831E-03    0.26452E+04
    0.97767E-03    0.26958E+04
    0.99742E-03    0.27473E+04
    0.10176E-02    0.27997E+04
    0.10381E-02    0.28531E+04
    0.10591E-02    0.29074E+04
    0.10805E-02    0.29628E+04
    0.11023E-02    0.30191E+04
    0.11246E-02    0.30765E+04
    0.11473E-02    0.31349E+04
    0.11705E-02    0.31944E+04
    0.11941E-02    0.32549E+04
    0.12182E-02    0.33165E+04
    0.12429E-02    0.33793E+04
    0.12680E-02    0.34431E+04
    0.12936E-02    0.35081E+04
    0.13197E-02    0.35742E+04
    0.13464E-02    0.36415E+04
    0.13736E-02    0.37100E+04
    0.14013E-02    0.37797E+04
    0.14296E-02    0.38506E+04
    0.14585E-02    0.39227E+04
    0.14880E-02    0.39961E+04
    0.15180E-02    0.40708E+04
    0.15487E-02    0.41468E+04
    0.15800E-02    0.42240E+04
    0.16119E-02    0.43026E+04
    0.16445E-02    0.43825E+04
    0.16777E-02    0.44638E+04
    0.17116E-02    0.45465E+04
    0.17462E-02    0.46306E+04
    0.17814E-02    0.47160E+04
    0.18174E-02    0.48029E+04
    0.18541E-02    0.48913E+04
    0.18916E-02    0.49811E+04
    0.19298E-02    0.50723E+04
    0.19688E-02    0.51651E+04
    0.20086E-02    0.52594E+04
    0.20491E-02    0.53552E+04
    0.20905E-02    0.54525E+04
    0.21328E-02    0.55514E+04
    0.21758E-02    0.56519E+04
    0.22198E-02    0.57540E+04
    0.22646E-02    0.58576E+04
    0.23104E-02    0.59629E+04
    0.23571E-02    0.60698E+04
    0.24047E-02    0.61784E+04
    0.24533E-02    0.62886E+04
    0.25028E-02    0.64005E+04
    0.25534E-02    0.65140E+04
    0.26050E-02    0.66293E+04
    0.26576E-02    0.67462E+04
    0.27113E-02    0.68649E+04
    0.27660E-02    0.69853E+04
    0.28219E-02    0.71074E+04
    0.28789E-02    0.72313E+04
    0.29371E-02    0.73569E+04
    0.29964E-02    0.74843E+04
    0.30569E-02    0.76134E+04
    0.31187E-02    0.77444E+04
    0.31817E-02    0.78770E+04
    0.32460E-02    0.80115E+04
    0.33115E-02    0.81478E+04
    0.33784E-02    0.82858E+04
    0.34467E-02    0.84256E+04
    0.35163E-02    0.85672E+04
    0.35874E-02    0.87106E+04
    0.36598E-02    0.88558E+04
    0.37338E-02    0.90027E+04
    0.38092E-02    0.91515E+04
    0.38861E-02    0.93020E+04
    0.39646E-02    0.94542E+04
    0.40447E-02    0.96082E+04
    0.41264E-02    0.97640E+04
    0.42098E-02    0.99215E+04
    0.42948E-02    0.10081E+05
    0.43816E-02    0.10242E+05
    0.44701E-02    0.10404E+05
    0.45604E-02    0.10568E+05
    0.46525E-02    0.10734E+05
    0.47465E-02    0.10902E+05
    0.48424E-02    0.11071E+05
    0.49402E-02    0.11242E+05
    0.50400E-02    0.11414E+05
    0.51419E-02    0.11587E+05
    0.52457E-02    0.11763E+05
    0.53517E-02    0.11939E+05
    0.54598E-02    0.12117E+05
    0.55701E-02    0.12297E+05
    0.56826E-02    0.12478E+05
    0.57974E-02    0.12660E+05
    0.59145E-02    0.12843E+05
    0.60340E-02    0.13027E+05
    0.61559E-02    0.13213E+05
    0.62803E-02    0.13399E+05
    0.64072E-02    0.13587E+05
    0.65366E-02    0.13776E+05
    0.66686E-02    0.13965E+05
    0.68033E-02    0.14155E+05
    0.69408E-02    0.14346E+05
    0.70810E-02    0.14538E+05
    0.72240E-02    0.14730E+05
    0.73700E-02    0.14922E+05
    0.75189E-02    0.15115E+05
    0.76708E-02    0.15309E+05
    0.78257E-02    0.15502E+05
    0.79838E-02    0.15696E+05
    0.81451E-02    0.15889E+05
    0.83096E-02    0.16083E+05
    0.84775E-02    0.16276E+05
    0.86488E-02    0.16469E+05
    0.88235E-02    0.16661E+05
    0.90017E-02    0.16852E+05
    0.91836E-02    0.17043E+05
    0.93691E-02    0.17233E+05
    0.95583E-02    0.17423E+05
    0.97514E-02    0.17611E+05
    0.99484E-02    0.17797E+05
    0.10149E-01    0.17983E+05
    0.10354E-01    0.18166E+05
    0.10564E-01    0.18348E+05
    0.10777E-01    0.18528E+05
    0.10995E-01    0.18706E+05
    0.11217E-01    0.18882E+05
    0.11443E-01    0.19055E+05
    0.11675E-01    0.19225E+05
    0.11910E-01    0.19393E+05
    0.12151E-01    0.19557E+05
    0.12397E-01    0.19718E+05
    0.12647E-01    0.19876E+05
    0.12902E-01    0.20030E+05
    0.13163E-01    0.20180E+05
    0.13429E-01    0.20327E+05
    0.13700E-01    0.20468E+05
    0.13977E-01    0.20606E+05
    0.14259E-01    0.20738E+05
    0.14547E-01    0.20865E+05
    0.14841E-01    0.20988E+05
    0.15141E-01    0.21104E+05
    0.15447E-01    0.21215E+05
    0.15759E-01    0.21320E+05
    0.16077E-01    0.21419E+05
    0.16402E-01    0.21511E+05
    0.16734E-01    0.21597E+05
    0.17072E-01    0.21676E+05
    0.17416E-01    0.21747E+05
    0.17768E-01    0.21811E+05
    0.18127E-01    0.21868E+05
    0.18493E-01    0.21917E+05
    0.18867E-01    0.21957E+05
    0.19248E-01    0.21990E+05
    0.19637E-01    0.22013E+05
    0.20034E-01    0.22029E+05
    0.20438E-01    0.22035E+05
    0.20851E-01    0.22032E+05
    0.21272E-01    0.22020E+05
    0.21702E-01    0.21999E+05
    0.22141E-01    0.21968E+05
    0.22588E-01    0.21928E+05
    0.23044E-01    0.21878E+05
    0.23510E-01    0.21818E+05
    0.23985E-01    0.21748E+05
    0.24469E-01    0.21669E+05
    0.24964E-01    0.21580E+05
    0.25468E-01    0.21481E+05
    0.25982E-01    0.21372E+05
    0.26507E-01    0.21254E+05
    0.27043E-01    0.21126E+05
    0.27589E-01    0.20988E+05
    0.28146E-01    0.20842E+05
    0.28715E-01    0.20686E+05
    0.29295E-01    0.20522E+05
    0.29887E-01    0.20349E+05
    0.30490E-01    0.20169E+05
    0.31106E-01    0.19980E+05
    0.31735E-01    0.19784E+05
    0.32376E-01    0.19581E+05
    0.33030E-01    0.19372E+05
    0.33697E-01    0.19157E+05
    0.34378E-01    0.18937E+05
    0.35072E-01    0.18711E+05
    0.35781E-01    0.18481E+05
    0.36504E-01    0.18248E+05
    0.37241E-01    0.18012E+05
    0.37993E-01    0.17774E+05
    0.38761E-01    0.17534E+05
    0.39544E-01    0.17293E+05
    0.40343E-01    0.17052E+05
    0.41158E-01    0.16810E+05
    0.41989E-01    0.16570E+05
    0.42838E-01    0.16330E+05
    0.43703E-01    0.16093E+05
    0.44586E-01    0.15858E+05
    0.45486E-01    0.15627E+05
    0.46405E-01    0.15400E+05
    0.47343E-01    0.15178E+05
    0.48299E-01    0.14961E+05
    0.49275E-01    0.14750E+05
    0.50270E-01    0.14545E+05
    0.51286E-01    0.14345E+05
    0.52322E-01    0.14153E+05
    0.53379E-01    0.13966E+05
    0.54457E-01    0.13784E+05
    0.55557E-01    0.13608E+05
    0.56680E-01    0.13436E+05
    0.57825E-01    0.13268E+05
    0.58993E-01    0.13103E+05
    0.60184E-01    0.12942E+05
    0.61400E-01    0.12782E+05
    0.62641E-01    0.12623E+05
    0.63906E-01    0.12465E+05
    0.65197E-01    0.12305E+05
    0.66514E-01    0.12145E+05
    0.67858E-01    0.11982E+05
    0.69229E-01    0.11815E+05
    0.70627E-01    0.11645E+05
    0.72054E-01    0.11468E+05
    0.73510E-01    0.11286E+05
    0.74994E-01    0.11095E+05
    0.76509E-01    0.10897E+05
    0.78055E-01    0.10690E+05
    0.79632E-01    0.10475E+05
    0.81241E-01    0.10252E+05
    0.82882E-01    0.10020E+05
    0.84556E-01    0.97802E+04
    0.86264E-01    0.95339E+04
    0.88007E-01    0.92821E+04
    0.89785E-01    0.90265E+04
    0.91598E-01    0.87690E+04
    0.93449E-01    0.85118E+04
    0.95337E-01    0.82569E+04
    0.97263E-01    0.80065E+04
    0.99227E-01    0.77625E+04
    0.10123E+00    0.75271E+04
    0.10328E+00    0.73019E+04
    0.10536E+00    0.70885E+04
    0.10749E+00    0.68881E+04
    0.10966E+00    0.67018E+04
    0.11188E+00    0.65297E+04
    0.11414E+00    0.63719E+04
    0.11644E+00    0.62276E+04
    0.11880E+00    0.60952E+04
    0.12120E+00    0.59729E+04
    0.12365E+00    0.58581E+04
    0.12614E+00    0.57479E+04
    0.12869E+00    0.56396E+04
    0.13129E+00    0.55303E+04
    0.13394E+00    0.54175E+04
    0.13665E+00    0.52991E+04
    0.13941E+00    0.51736E+04
    0.14223E+00    0.50401E+04
    0.14510E+00    0.48984E+04
    0.14803E+00    0.47491E+04
    0.15102E+00    0.45935E+04
    0.15407E+00    0.44339E+04
    0.15718E+00    0.42725E+04
    0.16036E+00    0.41125E+04
    0.16360E+00    0.39567E+04
    0.16690E+00    0.38081E+04
    0.17028E+00    0.36693E+04
    0.17371E+00    0.35424E+04
    0.17722E+00    0.34285E+04
    0.18080E+00    0.33274E+04
    0.18446E+00    0.32376E+04
    0.18818E+00    0.31566E+04
    0.19198E+00    0.30811E+04
    0.19586E+00    0.30079E+04
    0.19982E+00    0.29340E+04
    0.20386E+00    0.28571E+04
    0.20797E+00    0.27754E+04
    0.21218E+00    0.26880E+04
    0.21646E+00    0.25950E+04
    0.22083E+00    0.24980E+04
    0.22530E+00    0.23996E+04
    0.22985E+00    0.23030E+04
    0.23449E+00    0.22112E+04
    0.23923E+00    0.21263E+04
    0.24406E+00    0.20495E+04
    0.24899E+00    0.19809E+04
    0.25402E+00    0.19196E+04
    0.25915E+00    0.18635E+04
    0.26439E+00    0.18100E+04
    0.26973E+00    0.17567E+04
    0.27518E+00    0.17015E+04
    0.28074E+00    0.16436E+04
    0.28641E+00    0.15830E+04
    0.29219E+00    0.15210E+04
    0.29810E+00    0.14596E+04
    0.30412E+00    0.14011E+04
    0.31026E+00    0.13469E+04
    0.31653E+00    0.12976E+04
    0.32292E+00    0.12527E+04
    0.32945E+00    0.12111E+04
    0.33610E+00    0.11711E+04
    0.34289E+00    0.11311E+04
    0.34982E+00    0.10903E+04
    0.35689E+00    0.10488E+04
    0.36409E+00    0.10072E+04
    0.37145E+00    0.96670E+03
    0.37895E+00    0.92858E+03
    0.38661E+00    0.89325E+03
    0.39442E+00    0.86038E+03
    0.40239E+00    0.82921E+03
    0.41052E+00    0.79894E+03
    0.41881E+00    0.76894E+03
    0.42727E+00    0.73898E+03
    0.43590E+00    0.70946E+03
    0.44471E+00    0.68103E+03
    0.45369E+00    0.65414E+03
    0.46286E+00    0.62877E+03
    0.47221E+00    0.60465E+03
    0.48174E+00    0.58137E+03
    0.49148E+00    0.55859E+03
    0.50141E+00    0.53624E+03
    0.51153E+00    0.51458E+03
    0.52187E+00    0.49385E+03
    0.53241E+00    0.47411E+03
    0.54317E+00    0.45524E+03
    0.55414E+00    0.43708E+03
    0.56533E+00    0.41944E+03
    0.57675E+00    0.40234E+03
    0.58840E+00    0.38589E+03
    0.60029E+00    0.37013E+03
    0.61242E+00    0.35503E+03
    0.62479E+00    0.34053E+03
    0.63741E+00    0.32651E+03
    0.65029E+00    0.31301E+03
    0.66342E+00    0.30003E+03
    0.67683E+00    0.28758E+03
    0.69050E+00    0.27563E+03
    0.70445E+00    0.26415E+03
    0.71868E+00    0.25311E+03
    0.73320E+00    0.24249E+03
    0.74801E+00    0.23229E+03
    0.76312E+00    0.22249E+03
    0.77854E+00    0.21308E+03
    0.79426E+00    0.20404E+03
    0.81031E+00    0.19536E+03
    0.82668E+00    0.18703E+03
    0.84338E+00    0.17904E+03
    0.86041E+00    0.17137E+03
    0.87780E+00    0.16401E+03
    0.89553E+00    0.15695E+03
    0.91362E+00    0.15018E+03
    0.93208E+00    0.14369E+03
    0.95091E+00    0.13746E+03
    0.97011E+00    0.13149E+03
    0.98971E+00    0.12577E+03
    0.10097E+01    0.12029E+03
    0.10301E+01    0.11503E+03
    0.10509E+01    0.10999E+03
    0.10721E+01    0.10516E+03
    0.10938E+01    0.10054E+03
    0.11159E+01    0.96107E+02
    0.11384E+01    0.91861E+02
    0.11614E+01    0.87795E+02
    0.11849E+01    0.83901E+02
    0.12088E+01    0.80172E+02
    0.12333E+01    0.76602E+02
    0.12582E+01    0.73185E+02
    0.12836E+01    0.69914E+02
    0.13095E+01    0.66783E+02
    0.13360E+01    0.63787E+02
    0.13630E+01    0.60921E+02
    0.13905E+01    0.58179E+02
    0.14186E+01    0.55555E+02
    0.14472E+01    0.53046E+02
    0.14765E+01    0.50645E+02
    0.15063E+01    0.48349E+02
    0.15367E+01    0.46153E+02
    0.15678E+01    0.44052E+02
    0.15994E+01    0.42044E+02
    0.16318E+01    0.40123E+02
    0.16647E+01    0.38286E+02
    0.16984E+01    0.36530E+02
    0.17327E+01    0.34852E+02
    0.17677E+01    0.33247E+02
    0.18034E+01    0.31714E+02
    0.18398E+01    0.30250E+02
    0.18770E+01    0.28851E+02
    0.19149E+01    0.27516E+02
    0.19536E+01    0.26242E+02
    0.19930E+01    0.25026E+02
    0.20333E+01    0.23865E+02
    0.20744E+01    0.22758E+02
