    0.10000E-03    0.27544E+03
    0.10202E-03    0.28082E+03
    0.10408E-03    0.28631E+03
    0.10618E-03    0.29191E+03
    0.10833E-03    0.29762E+03
    0.11052E-03    0.30344E+03
    0.11275E-03    0.30937E+03
    0.11503E-03    0.31541E+03
    0.11735E-03    0.32158E+03
    0.11972E-03    0.32786E+03
    0.12214E-03    0.33427E+03
    0.12461E-03    0.34081E+03
    0.12712E-03    0.34747E+03
    0.12969E-03    0.35426E+03
    0.13231E-03    0.36118E+03
    0.13499E-03    0.36824E+03
    0.13771E-03    0.37544E+03
    0.14049E-03    0.38278E+03
    0.14333E-03    0.39026E+03
    0.14623E-03    0.39788E+03
    0.14918E-03    0.40566E+03
    0.15220E-03    0.41359E+03
    0.15527E-03    0.42167E+03
    0.15841E-03    0.42991E+03
    0.16161E-03    0.43831E+03
    0.16487E-03    0.44687E+03
    0.16820E-03    0.45560E+03
    0.17160E-03    0.46450E+03
    0.17507E-03    0.47358E+03
    0.17860E-03    0.48283E+03
    0.18221E-03    0.49226E+03
    0.18589E-03    0.50188E+03
    0.18965E-03    0.51168E+03
    0.19348E-03    0.52168E+03
    0.19739E-03    0.53187E+03
    0.20138E-03    0.54226E+03
    0.20544E-03    0.55285E+03
    0.20959E-03    0.56364E+03
    0.21383E-03    0.57465E+03
    0.21815E-03    0.58587E+03
    0.22255E-03    0.59731E+03
    0.22705E-03    0.60897E+03
    0.23164E-03    0.62086E+03
    0.23632E-03    0.63299E+03
    0.24109E-03    0.64534E+03
    0.24596E-03    0.65794E+03
    0.25093E-03    0.67078E+03
    0.25600E-03    0.68387E+03
    0.26117E-03    0.69722E+03
    0.26645E-03    0.71083E+03
    0.27183E-03    0.72470E+03
    0.27732E-03    0.73884E+03
    0.28292E-03    0.75325E+03
    0.28864E-03    0.76795E+03
    0.29447E-03    0.78293E+03
    0.30042E-03    0.79820E+03
    0.30649E-03    0.81376E+03
    0.31268E-03    0.82963E+03
    0.31899E-03    0.84581E+03
    0.32544E-03    0.86230E+03
    0.33201E-03    0.87911E+03
    0.33872E-03    0.89624E+03
    0.34556E-03    0.91371E+03
    0.35254E-03    0.93151E+03
    0.35966E-03    0.94966E+03
    0.36693E-03    0.96816E+03
    0.37434E-03    0.98702E+03
    0.38190E-03    0.10062E+04
    0.38962E-03    0.10258E+04
    0.39749E-03    0.10458E+04
    0.40552E-03    0.10662E+04
    0.41371E-03    0.10869E+04
    0.42207E-03    0.11081E+04
    0.43060E-03    0.11296E+04
    0.43929E-03    0.11516E+04
    0.44817E-03    0.11740E+04
    0.45722E-03    0.11968E+04
    0.46646E-03    0.12201E+04
    0.47588E-03    0.12438E+04
    0.48550E-03    0.12680E+04
    0.49530E-03    0.12926E+04
    0.50531E-03    0.13177E+04
    0.51552E-03    0.13433E+04
    0.52593E-03    0.13694E+04
    0.53656E-03    0.13959E+04
    0.54739E-03    0.14230E+04
    0.55845E-03    0.14506E+04
    0.56973E-03    0.14787E+04
    0.58124E-03    0.15074E+04
    0.59299E-03    0.15366E+04
    0.60496E-03    0.15664E+04
    0.61719E-03    0.15967E+04
    0.62965E-03    0.16276E+04
    0.64237E-03    0.16591E+04
    0.65535E-03    0.16912E+04
    0.66859E-03    0.17239E+04
    0.68210E-03    0.17572E+04
    0.69588E-03    0.17911E+04
    0.70993E-03    0.18257E+04
    0.72427E-03    0.18609E+04
    0.73891E-03    0.18969E+04
    0.75383E-03    0.19334E+04
    0.76906E-03    0.19707E+04
    0.78460E-03    0.20087E+04
    0.80045E-03    0.20473E+04
    0.81662E-03    0.20867E+04
    0.83311E-03    0.21269E+04
    0.84994E-03    0.21677E+04
    0.86711E-03    0.22094E+04
    0.88463E-03    0.22518E+04
    0.90250E-03    0.22950E+04
    0.92073E-03    0.23390E+04
    0.93933E-03    0.23839E+04
    0.95831E-03    0.24295E+04
    0.97767E-03    0.24760E+04
    0.99742E-03    0.25234E+04
    0.10176E-02    0.25716E+04
    0.10381E-02    0.26207E+04
    0.10591E-02    0.26707E+04
    0.10805E-02    0.27216E+04
    0.11023E-02    0.27735E+04
    0.11246E-02    0.28263E+04
    0.11473E-02    0.28800E+04
    0.11705E-02    0.29347E+04
    0.11941E-02    0.29904E+04
    0.12182E-02    0.30472E+04
    0.12429E-02    0.31049E+04
    0.12680E-02    0.31637E+04
    0.12936E-02    0.32235E+04
    0.13197E-02    0.32844E+04
    0.13464E-02    0.33463E+04
    0.13736E-02    0.34094E+04
    0.14013E-02    0.34736E+04
    0.14296E-02    0.35389E+04
    0.14585E-02    0.36054E+04
    0.14880E-02    0.36730E+04
    0.15180E-02    0.37418E+04
    0.15487E-02    0.38118E+04
    0.15800E-02    0.38830E+04
    0.16119E-02    0.39555E+04
    0.16445E-02    0.40292E+04
    0.16777E-02    0.41041E+04
    0.17116E-02    0.41803E+04
    0.17462E-02    0.42579E+04
    0.17814E-02    0.43367E+04
    0.18174E-02    0.44169E+04
    0.18541E-02    0.44984E+04
    0.18916E-02    0.45812E+04
    0.19298E-02    0.46655E+04
    0.19688E-02    0.47511E+04
    0.20086E-02    0.48382E+04
    0.20491E-02    0.49266E+04
    0.20905E-02    0.50165E+04
    0.21328E-02    0.51079E+04
    0.21758E-02    0.52007E+04
    0.22198E-02    0.52950E+04
    0.22646E-02    0.53909E+04
    0.23104E-02    0.54882E+04
    0.23571E-02    0.55870E+04
    0.24047E-02    0.56874E+04
    0.24533E-02    0.57894E+04
    0.25028E-02    0.58929E+04
    0.25534E-02    0.59980E+04
    0.26050E-02    0.61046E+04
    0.26576E-02    0.62129E+04
    0.27113E-02    0.63228E+04
    0.27660E-02    0.64343E+04
    0.28219E-02    0.65475E+04
    0.28789E-02    0.66623E+04
    0.29371E-02    0.67787E+04
    0.29964E-02    0.68968E+04
    0.30569E-02    0.70166E+04
    0.31187E-02    0.71381E+04
    0.31817E-02    0.72612E+04
    0.32460E-02    0.73860E+04
    0.33115E-02    0.75125E+04
    0.33784E-02    0.76408E+04
    0.34467E-02    0.77707E+04
    0.35163E-02    0.79023E+04
    0.35874E-02    0.80356E+04
    0.36598E-02    0.81706E+04
    0.37338E-02    0.83073E+04
    0.38092E-02    0.84457E+04
    0.38861E-02    0.85858E+04
    0.39646E-02    0.87276E+04
    0.40447E-02    0.88711E+04
    0.41264E-02    0.90162E+04
    0.42098E-02    0.91630E+04
    0.42948E-02    0.93115E+04
    0.43816E-02    0.94617E+04
    0.44701E-02    0.96134E+04
    0.45604E-02    0.97668E+04
    0.46525E-02    0.99218E+04
    0.47465E-02    0.10078E+05
    0.48424E-02    0.10236E+05
    0.49402E-02    0.10396E+05
    0.50400E-02    0.10557E+05
    0.51419E-02    0.10720E+05
    0.52457E-02    0.10884E+05
    0.53517E-02    0.11050E+05
    0.54598E-02    0.11217E+05
    0.55701E-02    0.11385E+05
    0.56826E-02    0.11555E+05
    0.57974E-02    0.11726E+05
    0.59145E-02    0.11898E+05
    0.60340E-02    0.12071E+05
    0.61559E-02    0.12246E+05
    0.62803E-02    0.12422E+05
    0.64072E-02    0.12599E+05
    0.65366E-02    0.12777E+05
    0.66686E-02    0.12955E+05
    0.68033E-02    0.13135E+05
    0.69408E-02    0.13315E+05
    0.70810E-02    0.13497E+05
    0.72240E-02    0.13678E+05
    0.73700E-02    0.13861E+05
    0.75189E-02    0.14044E+05
    0.76708E-02    0.14227E+05
    0.78257E-02    0.14411E+05
    0.79838E-02    0.14595E+05
    0.81451E-02    0.14779E+05
    0.83096E-02    0.14963E+05
    0.84775E-02    0.15147E+05
    0.86488E-02    0.15331E+05
    0.88235E-02    0.15515E+05
    0.90017E-02    0.15698E+05
    0.91836E-02    0.15881E+05
    0.93691E-02    0.16064E+05
    0.95583E-02    0.16245E+05
    0.97514E-02    0.16426E+05
    0.99484E-02    0.16606E+05
    0.10149E-01    0.16784E+05
    0.10354E-01    0.16962E+05
    0.10564E-01    0.17138E+05
    0.10777E-01    0.17312E+05
    0.10995E-01    0.17485E+05
    0.11217E-01    0.17656E+05
    0.11443E-01    0.17824E+05
    0.11675E-01    0.17991E+05
    0.11910E-01    0.18155E+05
    0.12151E-01    0.18316E+05
    0.12397E-01    0.18475E+05
    0.12647E-01    0.18631E+05
    0.12902E-01    0.18783E+05
    0.13163E-01    0.18932E+05
    0.13429E-01    0.19078E+05
    0.13700E-01    0.19220E+05
    0.13977E-01    0.19358E+05
    0.14259E-01    0.19491E+05
    0.14547E-01    0.19621E+05
    0.14841E-01    0.19745E+05
    0.15141E-01    0.19865E+05
    0.15447E-01    0.19980E+05
    0.15759E-01    0.20089E+05
    0.16077E-01    0.20193E+05
    0.16402E-01    0.20291E+05
    0.16734E-01    0.20383E+05
    0.17072E-01    0.20469E+05
    0.17416E-01    0.20549E+05
    0.17768E-01    0.20622E+05
    0.18127E-01    0.20687E+05
    0.18493E-01    0.20746E+05
    0.18867E-01    0.20798E+05
    0.19248E-01    0.20842E+05
    0.19637E-01    0.20878E+05
    0.20034E-01    0.20906E+05
    0.20438E-01    0.20926E+05
    0.20851E-01    0.20938E+05
    0.21272E-01    0.20942E+05
    0.21702E-01    0.20937E+05
    0.22141E-01    0.20923E+05
    0.22588E-01    0.20900E+05
    0.23044E-01    0.20868E+05
    0.23510E-01    0.20827E+05
    0.23985E-01    0.20777E+05
    0.24469E-01    0.20718E+05
    0.24964E-01    0.20650E+05
    0.25468E-01    0.20572E+05
    0.25982E-01    0.20485E+05
    0.26507E-01    0.20389E+05
    0.27043E-01    0.20284E+05
    0.27589E-01    0.20170E+05
    0.28146E-01    0.20048E+05
    0.28715E-01    0.19916E+05
    0.29295E-01    0.19776E+05
    0.29887E-01    0.19628E+05
    0.30490E-01    0.19472E+05
    0.31106E-01    0.19308E+05
    0.31735E-01    0.19137E+05
    0.32376E-01    0.18958E+05
    0.33030E-01    0.18774E+05
    0.33697E-01    0.18583E+05
    0.34378E-01    0.18387E+05
    0.35072E-01    0.18185E+05
    0.35781E-01    0.17979E+05
    0.36504E-01    0.17768E+05
    0.37241E-01    0.17555E+05
    0.37993E-01    0.17338E+05
    0.38761E-01    0.17119E+05
    0.39544E-01    0.16899E+05
    0.40343E-01    0.16677E+05
    0.41158E-01    0.16455E+05
    0.41989E-01    0.16233E+05
    0.42838E-01    0.16011E+05
    0.43703E-01    0.15790E+05
    0.44586E-01    0.15571E+05
    0.45486E-01    0.15354E+05
    0.46405E-01    0.15141E+05
    0.47343E-01    0.14931E+05
    0.48299E-01    0.14725E+05
    0.49275E-01    0.14524E+05
    0.50270E-01    0.14328E+05
    0.51286E-01    0.14137E+05
    0.52322E-01    0.13952E+05
    0.53379E-01    0.13772E+05
    0.54457E-01    0.13597E+05
    0.55557E-01    0.13427E+05
    0.56680E-01    0.13261E+05
    0.57825E-01    0.13098E+05
    0.58993E-01    0.12939E+05
    0.60184E-01    0.12783E+05
    0.61400E-01    0.12628E+05
    0.62641E-01    0.12475E+05
    0.63906E-01    0.12322E+05
    0.65197E-01    0.12169E+05
    0.66514E-01    0.12014E+05
    0.67858E-01    0.11858E+05
    0.69229E-01    0.11698E+05
    0.70627E-01    0.11535E+05
    0.72054E-01    0.11368E+05
    0.73510E-01    0.11194E+05
    0.74994E-01    0.11015E+05
    0.76509E-01    0.10827E+05
    0.78055E-01    0.10632E+05
    0.79632E-01    0.10429E+05
    0.81241E-01    0.10217E+05
    0.82882E-01    0.99978E+04
    0.84556E-01    0.97711E+04
    0.86264E-01    0.95380E+04
    0.88007E-01    0.92994E+04
    0.89785E-01    0.90562E+04
    0.91598E-01    0.88102E+04
    0.93449E-01    0.85633E+04
    0.95337E-01    0.83174E+04
    0.97263E-01    0.80744E+04
    0.99227E-01    0.78363E+04
    0.10123E+00    0.76050E+04
    0.10328E+00    0.73822E+04
    0.10536E+00    0.71694E+04
    0.10749E+00    0.69680E+04
    0.10966E+00    0.67792E+04
    0.11188E+00    0.66036E+04
    0.11414E+00    0.64413E+04
    0.11644E+00    0.62923E+04
    0.11880E+00    0.61553E+04
    0.12120E+00    0.60289E+04
    0.12365E+00    0.59110E+04
    0.12614E+00    0.57989E+04
    0.12869E+00    0.56899E+04
    0.13129E+00    0.55814E+04
    0.13394E+00    0.54706E+04
    0.13665E+00    0.53555E+04
    0.13941E+00    0.52342E+04
    0.14223E+00    0.51058E+04
    0.14510E+00    0.49697E+04
    0.14803E+00    0.48261E+04
    0.15102E+00    0.46762E+04
    0.15407E+00    0.45215E+04
    0.15718E+00    0.43642E+04
    0.16036E+00    0.42069E+04
    0.16360E+00    0.40522E+04
    0.16690E+00    0.39029E+04
    0.17028E+00    0.37615E+04
    0.17371E+00    0.36302E+04
    0.17722E+00    0.35107E+04
    0.18080E+00    0.34035E+04
    0.18446E+00    0.33079E+04
    0.18818E+00    0.32222E+04
    0.19198E+00    0.31436E+04
    0.19586E+00    0.30688E+04
    0.19982E+00    0.29947E+04
    0.20386E+00    0.29189E+04
    0.20797E+00    0.28392E+04
    0.21218E+00    0.27545E+04
    0.21646E+00    0.26644E+04
    0.22083E+00    0.25699E+04
    0.22530E+00    0.24728E+04
    0.22985E+00    0.23760E+04
    0.23449E+00    0.22824E+04
    0.23923E+00    0.21944E+04
    0.24406E+00    0.21136E+04
    0.24899E+00    0.20407E+04
    0.25402E+00    0.19754E+04
    0.25915E+00    0.19163E+04
    0.26439E+00    0.18611E+04
    0.26973E+00    0.18073E+04
    0.27518E+00    0.17525E+04
    0.28074E+00    0.16955E+04
    0.28641E+00    0.16359E+04
    0.29219E+00    0.15743E+04
    0.29810E+00    0.15124E+04
    0.30412E+00    0.14523E+04
    0.31026E+00    0.13957E+04
    0.31653E+00    0.13436E+04
    0.32292E+00    0.12961E+04
    0.32945E+00    0.12525E+04
    0.33610E+00    0.12113E+04
    0.34289E+00    0.11708E+04
    0.34982E+00    0.11299E+04
    0.35689E+00    0.10883E+04
    0.36409E+00    0.10463E+04
    0.37145E+00    0.10049E+04
    0.37895E+00    0.96523E+03
    0.38661E+00    0.92805E+03
    0.39442E+00    0.89358E+03
    0.40239E+00    0.86123E+03
    0.41052E+00    0.83013E+03
    0.41881E+00    0.79955E+03
    0.42727E+00    0.76914E+03
    0.43590E+00    0.73901E+03
    0.44471E+00    0.70962E+03
    0.45369E+00    0.68153E+03
    0.46286E+00    0.65504E+03
    0.47221E+00    0.62997E+03
    0.48174E+00    0.60591E+03
    0.49148E+00    0.58249E+03
    0.50141E+00    0.55957E+03
    0.51153E+00    0.53721E+03
    0.52187E+00    0.51563E+03
    0.53241E+00    0.49505E+03
    0.54317E+00    0.47544E+03
    0.55414E+00    0.45660E+03
    0.56533E+00    0.43837E+03
    0.57675E+00    0.42070E+03
    0.58840E+00    0.40359E+03
    0.60029E+00    0.38718E+03
    0.61242E+00    0.37147E+03
    0.62479E+00    0.35637E+03
    0.63741E+00    0.34184E+03
    0.65029E+00    0.32781E+03
    0.66342E+00    0.31430E+03
    0.67683E+00    0.30131E+03
    0.69050E+00    0.28886E+03
    0.70445E+00    0.27689E+03
    0.71868E+00    0.26539E+03
    0.73320E+00    0.25433E+03
    0.74801E+00    0.24369E+03
    0.76312E+00    0.23347E+03
    0.77854E+00    0.22365E+03
    0.79426E+00    0.21422E+03
    0.81031E+00    0.20516E+03
    0.82668E+00    0.19646E+03
    0.84338E+00    0.18811E+03
    0.86041E+00    0.18009E+03
    0.87780E+00    0.17240E+03
    0.89553E+00    0.16502E+03
    0.91362E+00    0.15794E+03
    0.93208E+00    0.15114E+03
    0.95091E+00    0.14463E+03
    0.97011E+00    0.13838E+03
    0.98971E+00    0.13239E+03
    0.10097E+01    0.12664E+03
    0.10301E+01    0.12113E+03
    0.10509E+01    0.11585E+03
    0.10721E+01    0.11079E+03
    0.10938E+01    0.10594E+03
    0.11159E+01    0.10129E+03
    0.11384E+01    0.96836E+02
    0.11614E+01    0.92568E+02
    0.11849E+01    0.88480E+02
    0.12088E+01    0.84564E+02
    0.12333E+01    0.80815E+02
    0.12582E+01    0.77224E+02
    0.12836E+01    0.73787E+02
    0.13095E+01    0.70496E+02
    0.13360E+01    0.67346E+02
    0.13630E+01    0.64332E+02
    0.13905E+01    0.61448E+02
    0.14186E+01    0.58688E+02
    0.14472E+01    0.56047E+02
    0.14765E+01    0.53520E+02
    0.15063E+01    0.51103E+02
    0.15367E+01    0.48790E+02
    0.15678E+01    0.46578E+02
    0.15994E+01    0.44462E+02
    0.16318E+01    0.42439E+02
    0.16647E+01    0.40503E+02
    0.16984E+01    0.38652E+02
    0.17327E+01    0.36882E+02
    0.17677E+01    0.35190E+02
    0.18034E+01    0.33573E+02
    0.18398E+01    0.32028E+02
    0.18770E+01    0.30552E+02
    0.19149E+01    0.29143E+02
    0.19536E+01    0.27797E+02
    0.19930E+01    0.26512E+02
    0.20333E+01    0.25286E+02
    0.20744E+01    0.24117E+02
    0.21163E+01    0.23001E+02
