    0.10000E-03    0.48267E+03
    0.10202E-03    0.49210E+03
    0.10408E-03    0.50172E+03
    0.10618E-03    0.51152E+03
    0.10833E-03    0.52152E+03
    0.11052E-03    0.53171E+03
    0.11275E-03    0.54210E+03
    0.11503E-03    0.55269E+03
    0.11735E-03    0.56349E+03
    0.11972E-03    0.57450E+03
    0.12214E-03    0.58573E+03
    0.12461E-03    0.59717E+03
    0.12712E-03    0.60884E+03
    0.12969E-03    0.62074E+03
    0.13231E-03    0.63286E+03
    0.13499E-03    0.64523E+03
    0.13771E-03    0.65783E+03
    0.14049E-03    0.67068E+03
    0.14333E-03    0.68378E+03
    0.14623E-03    0.69714E+03
    0.14918E-03    0.71075E+03
    0.15220E-03    0.72463E+03
    0.15527E-03    0.73878E+03
    0.15841E-03    0.75321E+03
    0.16161E-03    0.76792E+03
    0.16487E-03    0.78291E+03
    0.16820E-03    0.79820E+03
    0.17160E-03    0.81378E+03
    0.17507E-03    0.82967E+03
    0.17860E-03    0.84587E+03
    0.18221E-03    0.86238E+03
    0.18589E-03    0.87921E+03
    0.18965E-03    0.89637E+03
    0.19348E-03    0.91386E+03
    0.19739E-03    0.93170E+03
    0.20138E-03    0.94988E+03
    0.20544E-03    0.96841E+03
    0.20959E-03    0.98730E+03
    0.21383E-03    0.10066E+04
    0.21815E-03    0.10262E+04
    0.22255E-03    0.10462E+04
    0.22705E-03    0.10666E+04
    0.23164E-03    0.10874E+04
    0.23632E-03    0.11086E+04
    0.24109E-03    0.11302E+04
    0.24596E-03    0.11523E+04
    0.25093E-03    0.11747E+04
    0.25600E-03    0.11976E+04
    0.26117E-03    0.12209E+04
    0.26645E-03    0.12447E+04
    0.27183E-03    0.12690E+04
    0.27732E-03    0.12937E+04
    0.28292E-03    0.13189E+04
    0.28864E-03    0.13446E+04
    0.29447E-03    0.13707E+04
    0.30042E-03    0.13974E+04
    0.30649E-03    0.14246E+04
    0.31268E-03    0.14523E+04
    0.31899E-03    0.14806E+04
    0.32544E-03    0.15094E+04
    0.33201E-03    0.15387E+04
    0.33872E-03    0.15686E+04
    0.34556E-03    0.15991E+04
    0.35254E-03    0.16302E+04
    0.35966E-03    0.16618E+04
    0.36693E-03    0.16941E+04
    0.37434E-03    0.17270E+04
    0.38190E-03    0.17605E+04
    0.38962E-03    0.17947E+04
    0.39749E-03    0.18295E+04
    0.40552E-03    0.18650E+04
    0.41371E-03    0.19012E+04
    0.42207E-03    0.19380E+04
    0.43060E-03    0.19755E+04
    0.43929E-03    0.20138E+04
    0.44817E-03    0.20528E+04
    0.45722E-03    0.20925E+04
    0.46646E-03    0.21330E+04
    0.47588E-03    0.21743E+04
    0.48550E-03    0.22163E+04
    0.49530E-03    0.22591E+04
    0.50531E-03    0.23028E+04
    0.51552E-03    0.23472E+04
    0.52593E-03    0.23925E+04
    0.53656E-03    0.24387E+04
    0.54739E-03    0.24857E+04
    0.55845E-03    0.25336E+04
    0.56973E-03    0.25824E+04
    0.58124E-03    0.26321E+04
    0.59299E-03    0.26827E+04
    0.60496E-03    0.27343E+04
    0.61719E-03    0.27868E+04
    0.62965E-03    0.28404E+04
    0.64237E-03    0.28949E+04
    0.65535E-03    0.29504E+04
    0.66859E-03    0.30069E+04
    0.68210E-03    0.30645E+04
    0.69588E-03    0.31232E+04
    0.70993E-03    0.31829E+04
    0.72427E-03    0.32438E+04
    0.73891E-03    0.33057E+04
    0.75383E-03    0.33688E+04
    0.76906E-03    0.34330E+04
    0.78460E-03    0.34984E+04
    0.80045E-03    0.35650E+04
    0.81662E-03    0.36328E+04
    0.83311E-03    0.37018E+04
    0.84994E-03    0.37721E+04
    0.86711E-03    0.38436E+04
    0.88463E-03    0.39164E+04
    0.90250E-03    0.39905E+04
    0.92073E-03    0.40660E+04
    0.93933E-03    0.41428E+04
    0.95831E-03    0.42209E+04
    0.97767E-03    0.43005E+04
    0.99742E-03    0.43814E+04
    0.10176E-02    0.44638E+04
    0.10381E-02    0.45476E+04
    0.10591E-02    0.46328E+04
    0.10805E-02    0.47196E+04
    0.11023E-02    0.48078E+04
    0.11246E-02    0.48976E+04
    0.11473E-02    0.49889E+04
    0.11705E-02    0.50818E+04
    0.11941E-02    0.51763E+04
    0.12182E-02    0.52724E+04
    0.12429E-02    0.53701E+04
    0.12680E-02    0.54695E+04
    0.12936E-02    0.55705E+04
    0.13197E-02    0.56732E+04
    0.13464E-02    0.57777E+04
    0.13736E-02    0.58838E+04
    0.14013E-02    0.59917E+04
    0.14296E-02    0.61014E+04
    0.14585E-02    0.62129E+04
    0.14880E-02    0.63261E+04
    0.15180E-02    0.64412E+04
    0.15487E-02    0.65582E+04
    0.15800E-02    0.66769E+04
    0.16119E-02    0.67976E+04
    0.16445E-02    0.69202E+04
    0.16777E-02    0.70446E+04
    0.17116E-02    0.71711E+04
    0.17462E-02    0.72994E+04
    0.17814E-02    0.74297E+04
    0.18174E-02    0.75620E+04
    0.18541E-02    0.76963E+04
    0.18916E-02    0.78325E+04
    0.19298E-02    0.79708E+04
    0.19688E-02    0.81111E+04
    0.20086E-02    0.82535E+04
    0.20491E-02    0.83979E+04
    0.20905E-02    0.85444E+04
    0.21328E-02    0.86929E+04
    0.21758E-02    0.88435E+04
    0.22198E-02    0.89962E+04
    0.22646E-02    0.91510E+04
    0.23104E-02    0.93079E+04
    0.23571E-02    0.94669E+04
    0.24047E-02    0.96279E+04
    0.24533E-02    0.97911E+04
    0.25028E-02    0.99564E+04
    0.25534E-02    0.10124E+05
    0.26050E-02    0.10293E+05
    0.26576E-02    0.10465E+05
    0.27113E-02    0.10639E+05
    0.27660E-02    0.10814E+05
    0.28219E-02    0.10992E+05
    0.28789E-02    0.11172E+05
    0.29371E-02    0.11354E+05
    0.29964E-02    0.11538E+05
    0.30569E-02    0.11724E+05
    0.31187E-02    0.11913E+05
    0.31817E-02    0.12103E+05
    0.32460E-02    0.12295E+05
    0.33115E-02    0.12489E+05
    0.33784E-02    0.12685E+05
    0.34467E-02    0.12883E+05
    0.35163E-02    0.13083E+05
    0.35874E-02    0.13284E+05
    0.36598E-02    0.13488E+05
    0.37338E-02    0.13693E+05
    0.38092E-02    0.13900E+05
    0.38861E-02    0.14109E+05
    0.39646E-02    0.14319E+05
    0.40447E-02    0.14531E+05
    0.41264E-02    0.14745E+05
    0.42098E-02    0.14960E+05
    0.42948E-02    0.15176E+05
    0.43816E-02    0.15394E+05
    0.44701E-02    0.15613E+05
    0.45604E-02    0.15834E+05
    0.46525E-02    0.16056E+05
    0.47465E-02    0.16279E+05
    0.48424E-02    0.16503E+05
    0.49402E-02    0.16728E+05
    0.50400E-02    0.16954E+05
    0.51419E-02    0.17180E+05
    0.52457E-02    0.17408E+05
    0.53517E-02    0.17636E+05
    0.54598E-02    0.17865E+05
    0.55701E-02    0.18094E+05
    0.56826E-02    0.18324E+05
    0.57974E-02    0.18554E+05
    0.59145E-02    0.18784E+05
    0.60340E-02    0.19014E+05
    0.61559E-02    0.19243E+05
    0.62803E-02    0.19473E+05
    0.64072E-02    0.19702E+05
    0.65366E-02    0.19930E+05
    0.66686E-02    0.20158E+05
    0.68033E-02    0.20385E+05
    0.69408E-02    0.20611E+05
    0.70810E-02    0.20836E+05
    0.72240E-02    0.21060E+05
    0.73700E-02    0.21282E+05
    0.75189E-02    0.21502E+05
    0.76708E-02    0.21721E+05
    0.78257E-02    0.21938E+05
    0.79838E-02    0.22152E+05
    0.81451E-02    0.22365E+05
    0.83096E-02    0.22574E+05
    0.84775E-02    0.22782E+05
    0.86488E-02    0.22986E+05
    0.88235E-02    0.23187E+05
    0.90017E-02    0.23384E+05
    0.91836E-02    0.23578E+05
    0.93691E-02    0.23769E+05
    0.95583E-02    0.23955E+05
    0.97514E-02    0.24137E+05
    0.99484E-02    0.24314E+05
    0.10149E-01    0.24487E+05
    0.10354E-01    0.24654E+05
    0.10564E-01    0.24816E+05
    0.10777E-01    0.24973E+05
    0.10995E-01    0.25124E+05
    0.11217E-01    0.25269E+05
    0.11443E-01    0.25407E+05
    0.11675E-01    0.25539E+05
    0.11910E-01    0.25663E+05
    0.12151E-01    0.25781E+05
    0.12397E-01    0.25891E+05
    0.12647E-01    0.25994E+05
    0.12902E-01    0.26088E+05
    0.13163E-01    0.26174E+05
    0.13429E-01    0.26251E+05
    0.13700E-01    0.26320E+05
    0.13977E-01    0.26379E+05
    0.14259E-01    0.26429E+05
    0.14547E-01    0.26469E+05
    0.14841E-01    0.26499E+05
    0.15141E-01    0.26519E+05
    0.15447E-01    0.26528E+05
    0.15759E-01    0.26526E+05
    0.16077E-01    0.26513E+05
    0.16402E-01    0.26489E+05
    0.16734E-01    0.26454E+05
    0.17072E-01    0.26406E+05
    0.17416E-01    0.26347E+05
    0.17768E-01    0.26276E+05
    0.18127E-01    0.26192E+05
    0.18493E-01    0.26096E+05
    0.18867E-01    0.25987E+05
    0.19248E-01    0.25866E+05
    0.19637E-01    0.25732E+05
    0.20034E-01    0.25585E+05
    0.20438E-01    0.25426E+05
    0.20851E-01    0.25253E+05
    0.21272E-01    0.25069E+05
    0.21702E-01    0.24871E+05
    0.22141E-01    0.24661E+05
    0.22588E-01    0.24439E+05
    0.23044E-01    0.24204E+05
    0.23510E-01    0.23958E+05
    0.23985E-01    0.23700E+05
    0.24469E-01    0.23431E+05
    0.24964E-01    0.23151E+05
    0.25468E-01    0.22861E+05
    0.25982E-01    0.22561E+05
    0.26507E-01    0.22252E+05
    0.27043E-01    0.21933E+05
    0.27589E-01    0.21607E+05
    0.28146E-01    0.21273E+05
    0.28715E-01    0.20933E+05
    0.29295E-01    0.20586E+05
    0.29887E-01    0.20234E+05
    0.30490E-01    0.19878E+05
    0.31106E-01    0.19519E+05
    0.31735E-01    0.19157E+05
    0.32376E-01    0.18793E+05
    0.33030E-01    0.18429E+05
    0.33697E-01    0.18065E+05
    0.34378E-01    0.17703E+05
    0.35072E-01    0.17342E+05
    0.35781E-01    0.16985E+05
    0.36504E-01    0.16632E+05
    0.37241E-01    0.16285E+05
    0.37993E-01    0.15943E+05
    0.38761E-01    0.15609E+05
    0.39544E-01    0.15283E+05
    0.40343E-01    0.14965E+05
    0.41158E-01    0.14656E+05
    0.41989E-01    0.14356E+05
    0.42838E-01    0.14066E+05
    0.43703E-01    0.13786E+05
    0.44586E-01    0.13517E+05
    0.45486E-01    0.13260E+05
    0.46405E-01    0.13017E+05
    0.47343E-01    0.12787E+05
    0.48299E-01    0.12569E+05
    0.49275E-01    0.12363E+05
    0.50270E-01    0.12168E+05
    0.51286E-01    0.11982E+05
    0.52322E-01    0.11805E+05
    0.53379E-01    0.11635E+05
    0.54457E-01    0.11472E+05
    0.55557E-01    0.11314E+05
    0.56680E-01    0.11162E+05
    0.57825E-01    0.11013E+05
    0.58993E-01    0.10867E+05
    0.60184E-01    0.10723E+05
    0.61400E-01    0.10578E+05
    0.62641E-01    0.10431E+05
    0.63906E-01    0.10279E+05
    0.65197E-01    0.10122E+05
    0.66514E-01    0.99564E+04
    0.67858E-01    0.97813E+04
    0.69229E-01    0.95952E+04
    0.70627E-01    0.93973E+04
    0.72054E-01    0.91869E+04
    0.73510E-01    0.89639E+04
    0.74994E-01    0.87289E+04
    0.76509E-01    0.84828E+04
    0.78055E-01    0.82270E+04
    0.79632E-01    0.79636E+04
    0.81241E-01    0.76947E+04
    0.82882E-01    0.74227E+04
    0.84556E-01    0.71501E+04
    0.86264E-01    0.68792E+04
    0.88007E-01    0.66128E+04
    0.89785E-01    0.63532E+04
    0.91598E-01    0.61030E+04
    0.93449E-01    0.58650E+04
    0.95337E-01    0.56412E+04
    0.97263E-01    0.54337E+04
    0.99227E-01    0.52444E+04
    0.10123E+00    0.50744E+04
    0.10328E+00    0.49236E+04
    0.10536E+00    0.47918E+04
    0.10749E+00    0.46776E+04
    0.10966E+00    0.45784E+04
    0.11188E+00    0.44916E+04
    0.11414E+00    0.44136E+04
    0.11644E+00    0.43409E+04
    0.11880E+00    0.42699E+04
    0.12120E+00    0.41968E+04
    0.12365E+00    0.41186E+04
    0.12614E+00    0.40324E+04
    0.12869E+00    0.39361E+04
    0.13129E+00    0.38285E+04
    0.13394E+00    0.37092E+04
    0.13665E+00    0.35791E+04
    0.13941E+00    0.34399E+04
    0.14223E+00    0.32943E+04
    0.14510E+00    0.31457E+04
    0.14803E+00    0.29980E+04
    0.15102E+00    0.28555E+04
    0.15407E+00    0.27224E+04
    0.15718E+00    0.26019E+04
    0.16036E+00    0.24962E+04
    0.16360E+00    0.24059E+04
    0.16690E+00    0.23301E+04
    0.17028E+00    0.22667E+04
    0.17371E+00    0.22130E+04
    0.17722E+00    0.21657E+04
    0.18080E+00    0.21213E+04
    0.18446E+00    0.20758E+04
    0.18818E+00    0.20254E+04
    0.19198E+00    0.19674E+04
    0.19586E+00    0.19007E+04
    0.19982E+00    0.18264E+04
    0.20386E+00    0.17470E+04
    0.20797E+00    0.16656E+04
    0.21218E+00    0.15856E+04
    0.21646E+00    0.15102E+04
    0.22083E+00    0.14422E+04
    0.22530E+00    0.13834E+04
    0.22985E+00    0.13340E+04
    0.23449E+00    0.12925E+04
    0.23923E+00    0.12565E+04
    0.24406E+00    0.12231E+04
    0.24899E+00    0.11892E+04
    0.25402E+00    0.11522E+04
    0.25915E+00    0.11109E+04
    0.26439E+00    0.10659E+04
    0.26973E+00    0.10187E+04
    0.27518E+00    0.97171E+03
    0.28074E+00    0.92719E+03
    0.28641E+00    0.88702E+03
    0.29219E+00    0.85201E+03
    0.29810E+00    0.82168E+03
    0.30412E+00    0.79456E+03
    0.31026E+00    0.76874E+03
    0.31653E+00    0.74245E+03
    0.32292E+00    0.71464E+03
    0.32945E+00    0.68531E+03
    0.33610E+00    0.65544E+03
    0.34289E+00    0.62641E+03
    0.34982E+00    0.59944E+03
    0.35689E+00    0.57511E+03
    0.36409E+00    0.55317E+03
    0.37145E+00    0.53282E+03
    0.37895E+00    0.51306E+03
    0.38661E+00    0.49308E+03
    0.39442E+00    0.47272E+03
    0.40239E+00    0.45249E+03
    0.41052E+00    0.43303E+03
    0.41881E+00    0.41482E+03
    0.42727E+00    0.39803E+03
    0.43590E+00    0.38228E+03
    0.44471E+00    0.36709E+03
    0.45369E+00    0.35214E+03
    0.46286E+00    0.33731E+03
    0.47221E+00    0.32291E+03
    0.48174E+00    0.30921E+03
    0.49148E+00    0.29628E+03
    0.50141E+00    0.28407E+03
    0.51153E+00    0.27232E+03
    0.52187E+00    0.26089E+03
    0.53241E+00    0.24977E+03
    0.54317E+00    0.23908E+03
    0.55414E+00    0.22890E+03
    0.56533E+00    0.21921E+03
    0.57675E+00    0.20992E+03
    0.58840E+00    0.20095E+03
    0.60029E+00    0.19231E+03
    0.61242E+00    0.18401E+03
    0.62479E+00    0.17608E+03
    0.63741E+00    0.16850E+03
    0.65029E+00    0.16123E+03
    0.66342E+00    0.15425E+03
    0.67683E+00    0.14756E+03
    0.69050E+00    0.14113E+03
    0.70445E+00    0.13497E+03
    0.71868E+00    0.12906E+03
    0.73320E+00    0.12340E+03
    0.74801E+00    0.11797E+03
    0.76312E+00    0.11277E+03
    0.77854E+00    0.10779E+03
    0.79426E+00    0.10302E+03
    0.81031E+00    0.98453E+02
    0.82668E+00    0.94081E+02
    0.84338E+00    0.89895E+02
    0.86041E+00    0.85889E+02
    0.87780E+00    0.82054E+02
    0.89553E+00    0.78385E+02
    0.91362E+00    0.74873E+02
    0.93208E+00    0.71512E+02
    0.95091E+00    0.68296E+02
    0.97011E+00    0.65220E+02
    0.98971E+00    0.62277E+02
    0.10097E+01    0.59461E+02
    0.10301E+01    0.56768E+02
    0.10509E+01    0.54192E+02
    0.10721E+01    0.51729E+02
    0.10938E+01    0.49374E+02
    0.11159E+01    0.47122E+02
    0.11384E+01    0.44969E+02
    0.11614E+01    0.42911E+02
    0.11849E+01    0.40944E+02
    0.12088E+01    0.39064E+02
    0.12333E+01    0.37268E+02
    0.12582E+01    0.35551E+02
    0.12836E+01    0.33911E+02
    0.13095E+01    0.32344E+02
    0.13360E+01    0.30848E+02
    0.13630E+01    0.29418E+02
    0.13905E+01    0.28053E+02
    0.14186E+01    0.26750E+02
    0.14472E+01    0.25505E+02
    0.14765E+01    0.24316E+02
    0.15063E+01    0.23181E+02
    0.15367E+01    0.22098E+02
    0.15678E+01    0.21064E+02
    0.15994E+01    0.20077E+02
    0.16318E+01    0.19135E+02
    0.16647E+01    0.18236E+02
    0.16984E+01    0.17378E+02
    0.17327E+01    0.16560E+02
    0.17677E+01    0.15778E+02
    0.18034E+01    0.15033E+02
    0.18398E+01    0.14322E+02
    0.18770E+01    0.13643E+02
    0.19149E+01    0.12996E+02
    0.19536E+01    0.12378E+02
    0.19930E+01    0.11789E+02
    0.20333E+01    0.11227E+02
    0.20744E+01    0.10691E+02
    0.21163E+01    0.10180E+02
    0.21590E+01    0.96935E+01
    0.22026E+01    0.92295E+01
    0.22471E+01    0.87875E+01
    0.22925E+01    0.83665E+01
    0.23388E+01    0.79654E+01
    0.23861E+01    0.75835E+01
