    0.10000E-03    0.23345E+03
    0.10202E-03    0.23802E+03
    0.10408E-03    0.24267E+03
    0.10618E-03    0.24741E+03
    0.10833E-03    0.25225E+03
    0.11052E-03    0.25718E+03
    0.11275E-03    0.26221E+03
    0.11503E-03    0.26734E+03
    0.11735E-03    0.27256E+03
    0.11972E-03    0.27789E+03
    0.12214E-03    0.28332E+03
    0.12461E-03    0.28886E+03
    0.12712E-03    0.29451E+03
    0.12969E-03    0.30026E+03
    0.13231E-03    0.30613E+03
    0.13499E-03    0.31211E+03
    0.13771E-03    0.31822E+03
    0.14049E-03    0.32443E+03
    0.14333E-03    0.33078E+03
    0.14623E-03    0.33724E+03
    0.14918E-03    0.34383E+03
    0.15220E-03    0.35055E+03
    0.15527E-03    0.35740E+03
    0.15841E-03    0.36439E+03
    0.16161E-03    0.37151E+03
    0.16487E-03    0.37877E+03
    0.16820E-03    0.38617E+03
    0.17160E-03    0.39372E+03
    0.17507E-03    0.40141E+03
    0.17860E-03    0.40925E+03
    0.18221E-03    0.41725E+03
    0.18589E-03    0.42540E+03
    0.18965E-03    0.43371E+03
    0.19348E-03    0.44219E+03
    0.19739E-03    0.45083E+03
    0.20138E-03    0.45963E+03
    0.20544E-03    0.46861E+03
    0.20959E-03    0.47777E+03
    0.21383E-03    0.48710E+03
    0.21815E-03    0.49661E+03
    0.22255E-03    0.50631E+03
    0.22705E-03    0.51620E+03
    0.23164E-03    0.52628E+03
    0.23632E-03    0.53656E+03
    0.24109E-03    0.54704E+03
    0.24596E-03    0.55772E+03
    0.25093E-03    0.56861E+03
    0.25600E-03    0.57971E+03
    0.26117E-03    0.59103E+03
    0.26645E-03    0.60257E+03
    0.27183E-03    0.61433E+03
    0.27732E-03    0.62632E+03
    0.28292E-03    0.63855E+03
    0.28864E-03    0.65101E+03
    0.29447E-03    0.66371E+03
    0.30042E-03    0.67666E+03
    0.30649E-03    0.68987E+03
    0.31268E-03    0.70333E+03
    0.31899E-03    0.71705E+03
    0.32544E-03    0.73103E+03
    0.33201E-03    0.74529E+03
    0.33872E-03    0.75983E+03
    0.34556E-03    0.77464E+03
    0.35254E-03    0.78975E+03
    0.35966E-03    0.80515E+03
    0.36693E-03    0.82084E+03
    0.37434E-03    0.83684E+03
    0.38190E-03    0.85315E+03
    0.38962E-03    0.86978E+03
    0.39749E-03    0.88672E+03
    0.40552E-03    0.90400E+03
    0.41371E-03    0.92161E+03
    0.42207E-03    0.93956E+03
    0.43060E-03    0.95785E+03
    0.43929E-03    0.97650E+03
    0.44817E-03    0.99551E+03
    0.45722E-03    0.10149E+04
    0.46646E-03    0.10346E+04
    0.47588E-03    0.10548E+04
    0.48550E-03    0.10753E+04
    0.49530E-03    0.10962E+04
    0.50531E-03    0.11175E+04
    0.51552E-03    0.11392E+04
    0.52593E-03    0.11614E+04
    0.53656E-03    0.11839E+04
    0.54739E-03    0.12069E+04
    0.55845E-03    0.12304E+04
    0.56973E-03    0.12543E+04
    0.58124E-03    0.12786E+04
    0.59299E-03    0.13034E+04
    0.60496E-03    0.13287E+04
    0.61719E-03    0.13545E+04
    0.62965E-03    0.13808E+04
    0.64237E-03    0.14075E+04
    0.65535E-03    0.14348E+04
    0.66859E-03    0.14626E+04
    0.68210E-03    0.14909E+04
    0.69588E-03    0.15198E+04
    0.70993E-03    0.15492E+04
    0.72427E-03    0.15792E+04
    0.73891E-03    0.16097E+04
    0.75383E-03    0.16408E+04
    0.76906E-03    0.16725E+04
    0.78460E-03    0.17048E+04
    0.80045E-03    0.17377E+04
    0.81662E-03    0.17713E+04
    0.83311E-03    0.18054E+04
    0.84994E-03    0.18402E+04
    0.86711E-03    0.18757E+04
    0.88463E-03    0.19118E+04
    0.90250E-03    0.19486E+04
    0.92073E-03    0.19861E+04
    0.93933E-03    0.20243E+04
    0.95831E-03    0.20632E+04
    0.97767E-03    0.21029E+04
    0.99742E-03    0.21432E+04
    0.10176E-02    0.21843E+04
    0.10381E-02    0.22262E+04
    0.10591E-02    0.22689E+04
    0.10805E-02    0.23123E+04
    0.11023E-02    0.23566E+04
    0.11246E-02    0.24016E+04
    0.11473E-02    0.24475E+04
    0.11705E-02    0.24942E+04
    0.11941E-02    0.25418E+04
    0.12182E-02    0.25903E+04
    0.12429E-02    0.26396E+04
    0.12680E-02    0.26898E+04
    0.12936E-02    0.27410E+04
    0.13197E-02    0.27930E+04
    0.13464E-02    0.28460E+04
    0.13736E-02    0.29000E+04
    0.14013E-02    0.29549E+04
    0.14296E-02    0.30109E+04
    0.14585E-02    0.30678E+04
    0.14880E-02    0.31257E+04
    0.15180E-02    0.31847E+04
    0.15487E-02    0.32447E+04
    0.15800E-02    0.33057E+04
    0.16119E-02    0.33679E+04
    0.16445E-02    0.34311E+04
    0.16777E-02    0.34955E+04
    0.17116E-02    0.35609E+04
    0.17462E-02    0.36275E+04
    0.17814E-02    0.36953E+04
    0.18174E-02    0.37642E+04
    0.18541E-02    0.38343E+04
    0.18916E-02    0.39056E+04
    0.19298E-02    0.39781E+04
    0.19688E-02    0.40519E+04
    0.20086E-02    0.41269E+04
    0.20491E-02    0.42032E+04
    0.20905E-02    0.42807E+04
    0.21328E-02    0.43595E+04
    0.21758E-02    0.44397E+04
    0.22198E-02    0.45211E+04
    0.22646E-02    0.46040E+04
    0.23104E-02    0.46881E+04
    0.23571E-02    0.47736E+04
    0.24047E-02    0.48605E+04
    0.24533E-02    0.49489E+04
    0.25028E-02    0.50386E+04
    0.25534E-02    0.51297E+04
    0.26050E-02    0.52223E+04
    0.26576E-02    0.53163E+04
    0.27113E-02    0.54118E+04
    0.27660E-02    0.55088E+04
    0.28219E-02    0.56073E+04
    0.28789E-02    0.57072E+04
    0.29371E-02    0.58087E+04
    0.29964E-02    0.59117E+04
    0.30569E-02    0.60162E+04
    0.31187E-02    0.61223E+04
    0.31817E-02    0.62299E+04
    0.32460E-02    0.63391E+04
    0.33115E-02    0.64499E+04
    0.33784E-02    0.65623E+04
    0.34467E-02    0.66762E+04
    0.35163E-02    0.67917E+04
    0.35874E-02    0.69089E+04
    0.36598E-02    0.70276E+04
    0.37338E-02    0.71479E+04
    0.38092E-02    0.72699E+04
    0.38861E-02    0.73935E+04
    0.39646E-02    0.75187E+04
    0.40447E-02    0.76455E+04
    0.41264E-02    0.77739E+04
    0.42098E-02    0.79039E+04
    0.42948E-02    0.80356E+04
    0.43816E-02    0.81689E+04
    0.44701E-02    0.83038E+04
    0.45604E-02    0.84402E+04
    0.46525E-02    0.85783E+04
    0.47465E-02    0.87180E+04
    0.48424E-02    0.88592E+04
    0.49402E-02    0.90020E+04
    0.50400E-02    0.91464E+04
    0.51419E-02    0.92923E+04
    0.52457E-02    0.94397E+04
    0.53517E-02    0.95886E+04
    0.54598E-02    0.97390E+04
    0.55701E-02    0.98909E+04
    0.56826E-02    0.10044E+05
    0.57974E-02    0.10199E+05
    0.59145E-02    0.10355E+05
    0.60340E-02    0.10513E+05
    0.61559E-02    0.10671E+05
    0.62803E-02    0.10831E+05
    0.64072E-02    0.10993E+05
    0.65366E-02    0.11155E+05
    0.66686E-02    0.11319E+05
    0.68033E-02    0.11484E+05
    0.69408E-02    0.11650E+05
    0.70810E-02    0.11817E+05
    0.72240E-02    0.11985E+05
    0.73700E-02    0.12154E+05
    0.75189E-02    0.12324E+05
    0.76708E-02    0.12495E+05
    0.78257E-02    0.12666E+05
    0.79838E-02    0.12838E+05
    0.81451E-02    0.13011E+05
    0.83096E-02    0.13184E+05
    0.84775E-02    0.13357E+05
    0.86488E-02    0.13531E+05
    0.88235E-02    0.13706E+05
    0.90017E-02    0.13880E+05
    0.91836E-02    0.14055E+05
    0.93691E-02    0.14229E+05
    0.95583E-02    0.14404E+05
    0.97514E-02    0.14578E+05
    0.99484E-02    0.14752E+05
    0.10149E-01    0.14926E+05
    0.10354E-01    0.15099E+05
    0.10564E-01    0.15271E+05
    0.10777E-01    0.15443E+05
    0.10995E-01    0.15614E+05
    0.11217E-01    0.15784E+05
    0.11443E-01    0.15952E+05
    0.11675E-01    0.16120E+05
    0.11910E-01    0.16286E+05
    0.12151E-01    0.16450E+05
    0.12397E-01    0.16612E+05
    0.12647E-01    0.16773E+05
    0.12902E-01    0.16932E+05
    0.13163E-01    0.17088E+05
    0.13429E-01    0.17242E+05
    0.13700E-01    0.17393E+05
    0.13977E-01    0.17541E+05
    0.14259E-01    0.17687E+05
    0.14547E-01    0.17829E+05
    0.14841E-01    0.17968E+05
    0.15141E-01    0.18104E+05
    0.15447E-01    0.18235E+05
    0.15759E-01    0.18363E+05
    0.16077E-01    0.18487E+05
    0.16402E-01    0.18606E+05
    0.16734E-01    0.18721E+05
    0.17072E-01    0.18831E+05
    0.17416E-01    0.18936E+05
    0.17768E-01    0.19035E+05
    0.18127E-01    0.19130E+05
    0.18493E-01    0.19218E+05
    0.18867E-01    0.19301E+05
    0.19248E-01    0.19378E+05
    0.19637E-01    0.19448E+05
    0.20034E-01    0.19512E+05
    0.20438E-01    0.19570E+05
    0.20851E-01    0.19620E+05
    0.21272E-01    0.19664E+05
    0.21702E-01    0.19700E+05
    0.22141E-01    0.19729E+05
    0.22588E-01    0.19750E+05
    0.23044E-01    0.19764E+05
    0.23510E-01    0.19770E+05
    0.23985E-01    0.19768E+05
    0.24469E-01    0.19757E+05
    0.24964E-01    0.19739E+05
    0.25468E-01    0.19713E+05
    0.25982E-01    0.19678E+05
    0.26507E-01    0.19634E+05
    0.27043E-01    0.19583E+05
    0.27589E-01    0.19523E+05
    0.28146E-01    0.19454E+05
    0.28715E-01    0.19378E+05
    0.29295E-01    0.19293E+05
    0.29887E-01    0.19200E+05
    0.30490E-01    0.19099E+05
    0.31106E-01    0.18991E+05
    0.31735E-01    0.18875E+05
    0.32376E-01    0.18751E+05
    0.33030E-01    0.18620E+05
    0.33697E-01    0.18483E+05
    0.34378E-01    0.18339E+05
    0.35072E-01    0.18189E+05
    0.35781E-01    0.18033E+05
    0.36504E-01    0.17872E+05
    0.37241E-01    0.17706E+05
    0.37993E-01    0.17535E+05
    0.38761E-01    0.17360E+05
    0.39544E-01    0.17182E+05
    0.40343E-01    0.17001E+05
    0.41158E-01    0.16817E+05
    0.41989E-01    0.16631E+05
    0.42838E-01    0.16444E+05
    0.43703E-01    0.16256E+05
    0.44586E-01    0.16067E+05
    0.45486E-01    0.15878E+05
    0.46405E-01    0.15690E+05
    0.47343E-01    0.15502E+05
    0.48299E-01    0.15317E+05
    0.49275E-01    0.15133E+05
    0.50270E-01    0.14951E+05
    0.51286E-01    0.14773E+05
    0.52322E-01    0.14597E+05
    0.53379E-01    0.14426E+05
    0.54457E-01    0.14258E+05
    0.55557E-01    0.14094E+05
    0.56680E-01    0.13933E+05
    0.57825E-01    0.13776E+05
    0.58993E-01    0.13621E+05
    0.60184E-01    0.13469E+05
    0.61400E-01    0.13318E+05
    0.62641E-01    0.13169E+05
    0.63906E-01    0.13021E+05
    0.65197E-01    0.12872E+05
    0.66514E-01    0.12724E+05
    0.67858E-01    0.12574E+05
    0.69229E-01    0.12422E+05
    0.70627E-01    0.12267E+05
    0.72054E-01    0.12110E+05
    0.73510E-01    0.11948E+05
    0.74994E-01    0.11781E+05
    0.76509E-01    0.11609E+05
    0.78055E-01    0.11430E+05
    0.79632E-01    0.11245E+05
    0.81241E-01    0.11053E+05
    0.82882E-01    0.10852E+05
    0.84556E-01    0.10644E+05
    0.86264E-01    0.10429E+05
    0.88007E-01    0.10206E+05
    0.89785E-01    0.99767E+04
    0.91598E-01    0.97432E+04
    0.93449E-01    0.95067E+04
    0.95337E-01    0.92686E+04
    0.97263E-01    0.90303E+04
    0.99227E-01    0.87935E+04
    0.10123E+00    0.85597E+04
    0.10328E+00    0.83305E+04
    0.10536E+00    0.81074E+04
    0.10749E+00    0.78918E+04
    0.10966E+00    0.76850E+04
    0.11188E+00    0.74880E+04
    0.11414E+00    0.73018E+04
    0.11644E+00    0.71269E+04
    0.11880E+00    0.69635E+04
    0.12120E+00    0.68113E+04
    0.12365E+00    0.66695E+04
    0.12614E+00    0.65368E+04
    0.12869E+00    0.64113E+04
    0.13129E+00    0.62906E+04
    0.13394E+00    0.61723E+04
    0.13665E+00    0.60538E+04
    0.13941E+00    0.59327E+04
    0.14223E+00    0.58070E+04
    0.14510E+00    0.56751E+04
    0.14803E+00    0.55362E+04
    0.15102E+00    0.53902E+04
    0.15407E+00    0.52375E+04
    0.15718E+00    0.50796E+04
    0.16036E+00    0.49182E+04
    0.16360E+00    0.47556E+04
    0.16690E+00    0.45945E+04
    0.17028E+00    0.44373E+04
    0.17371E+00    0.42863E+04
    0.17722E+00    0.41436E+04
    0.18080E+00    0.40106E+04
    0.18446E+00    0.38884E+04
    0.18818E+00    0.37772E+04
    0.19198E+00    0.36761E+04
    0.19586E+00    0.35833E+04
    0.19982E+00    0.34964E+04
    0.20386E+00    0.34123E+04
    0.20797E+00    0.33283E+04
    0.21218E+00    0.32422E+04
    0.21646E+00    0.31522E+04
    0.22083E+00    0.30576E+04
    0.22530E+00    0.29584E+04
    0.22985E+00    0.28557E+04
    0.23449E+00    0.27517E+04
    0.23923E+00    0.26492E+04
    0.24406E+00    0.25511E+04
    0.24899E+00    0.24593E+04
    0.25402E+00    0.23748E+04
    0.25915E+00    0.22978E+04
    0.26439E+00    0.22273E+04
    0.26973E+00    0.21620E+04
    0.27518E+00    0.20997E+04
    0.28074E+00    0.20382E+04
    0.28641E+00    0.19755E+04
    0.29219E+00    0.19108E+04
    0.29810E+00    0.18440E+04
    0.30412E+00    0.17760E+04
    0.31026E+00    0.17085E+04
    0.31653E+00    0.16437E+04
    0.32292E+00    0.15829E+04
    0.32945E+00    0.15268E+04
    0.33610E+00    0.14750E+04
    0.34289E+00    0.14264E+04
    0.34982E+00    0.13797E+04
    0.35689E+00    0.13334E+04
    0.36409E+00    0.12868E+04
    0.37145E+00    0.12397E+04
    0.37895E+00    0.11928E+04
    0.38661E+00    0.11470E+04
    0.39442E+00    0.11034E+04
    0.40239E+00    0.10625E+04
    0.41052E+00    0.10242E+04
    0.41881E+00    0.98777E+03
    0.42727E+00    0.95236E+03
    0.43590E+00    0.91745E+03
    0.44471E+00    0.88287E+03
    0.45369E+00    0.84888E+03
    0.46286E+00    0.81596E+03
    0.47221E+00    0.78456E+03
    0.48174E+00    0.75483E+03
    0.49148E+00    0.72648E+03
    0.50141E+00    0.69907E+03
    0.51153E+00    0.67231E+03
    0.52187E+00    0.64617E+03
    0.53241E+00    0.62081E+03
    0.54317E+00    0.59640E+03
    0.55414E+00    0.57307E+03
    0.56533E+00    0.55076E+03
    0.57675E+00    0.52923E+03
    0.58840E+00    0.50835E+03
    0.60029E+00    0.48813E+03
    0.61242E+00    0.46862E+03
    0.62479E+00    0.44988E+03
    0.63741E+00    0.43191E+03
    0.65029E+00    0.41461E+03
    0.66342E+00    0.39791E+03
    0.67683E+00    0.38179E+03
    0.69050E+00    0.36629E+03
    0.70445E+00    0.35138E+03
    0.71868E+00    0.33706E+03
    0.73320E+00    0.32328E+03
    0.74801E+00    0.31002E+03
    0.76312E+00    0.29726E+03
    0.77854E+00    0.28499E+03
    0.79426E+00    0.27319E+03
    0.81031E+00    0.26184E+03
    0.82668E+00    0.25093E+03
    0.84338E+00    0.24045E+03
    0.86041E+00    0.23037E+03
    0.87780E+00    0.22070E+03
    0.89553E+00    0.21140E+03
    0.91362E+00    0.20248E+03
    0.93208E+00    0.19391E+03
    0.95091E+00    0.18568E+03
    0.97011E+00    0.17778E+03
    0.98971E+00    0.17020E+03
    0.10097E+01    0.16293E+03
    0.10301E+01    0.15595E+03
    0.10509E+01    0.14925E+03
    0.10721E+01    0.14283E+03
    0.10938E+01    0.13667E+03
    0.11159E+01    0.13076E+03
    0.11384E+01    0.12509E+03
    0.11614E+01    0.11965E+03
    0.11849E+01    0.11444E+03
    0.12088E+01    0.10945E+03
    0.12333E+01    0.10466E+03
    0.12582E+01    0.10007E+03
    0.12836E+01    0.95677E+02
    0.13095E+01    0.91466E+02
    0.13360E+01    0.87432E+02
    0.13630E+01    0.83568E+02
    0.13905E+01    0.79868E+02
    0.14186E+01    0.76325E+02
    0.14472E+01    0.72933E+02
    0.14765E+01    0.69685E+02
    0.15063E+01    0.66576E+02
    0.15367E+01    0.63600E+02
    0.15678E+01    0.60752E+02
    0.15994E+01    0.58025E+02
    0.16318E+01    0.55416E+02
    0.16647E+01    0.52918E+02
    0.16984E+01    0.50528E+02
    0.17327E+01    0.48242E+02
    0.17677E+01    0.46054E+02
    0.18034E+01    0.43961E+02
    0.18398E+01    0.41959E+02
    0.18770E+01    0.40045E+02
    0.19149E+01    0.38216E+02
    0.19536E+01    0.36468E+02
    0.19930E+01    0.34798E+02
    0.20333E+01    0.33203E+02
    0.20744E+01    0.31680E+02
    0.21163E+01    0.30226E+02
    0.21590E+01    0.28838E+02
