    0.10000E-03    0.67939E+03
    0.10202E-03    0.69267E+03
    0.10408E-03    0.70620E+03
    0.10618E-03    0.71999E+03
    0.10833E-03    0.73406E+03
    0.11052E-03    0.74840E+03
    0.11275E-03    0.76302E+03
    0.11503E-03    0.77792E+03
    0.11735E-03    0.79312E+03
    0.11972E-03    0.80861E+03
    0.12214E-03    0.82440E+03
    0.12461E-03    0.84050E+03
    0.12712E-03    0.85692E+03
    0.12969E-03    0.87365E+03
    0.13231E-03    0.89071E+03
    0.13499E-03    0.90810E+03
    0.13771E-03    0.92583E+03
    0.14049E-03    0.94391E+03
    0.14333E-03    0.96234E+03
    0.14623E-03    0.98112E+03
    0.14918E-03    0.10003E+04
    0.15220E-03    0.10198E+04
    0.15527E-03    0.10397E+04
    0.15841E-03    0.10600E+04
    0.16161E-03    0.10807E+04
    0.16487E-03    0.11018E+04
    0.16820E-03    0.11233E+04
    0.17160E-03    0.11452E+04
    0.17507E-03    0.11675E+04
    0.17860E-03    0.11903E+04
    0.18221E-03    0.12135E+04
    0.18589E-03    0.12372E+04
    0.18965E-03    0.12613E+04
    0.19348E-03    0.12859E+04
    0.19739E-03    0.13109E+04
    0.20138E-03    0.13365E+04
    0.20544E-03    0.13625E+04
    0.20959E-03    0.13891E+04
    0.21383E-03    0.14162E+04
    0.21815E-03    0.14437E+04
    0.22255E-03    0.14719E+04
    0.22705E-03    0.15005E+04
    0.23164E-03    0.15297E+04
    0.23632E-03    0.15595E+04
    0.24109E-03    0.15899E+04
    0.24596E-03    0.16208E+04
    0.25093E-03    0.16524E+04
    0.25600E-03    0.16845E+04
    0.26117E-03    0.17173E+04
    0.26645E-03    0.17507E+04
    0.27183E-03    0.17847E+04
    0.27732E-03    0.18194E+04
    0.28292E-03    0.18548E+04
    0.28864E-03    0.18908E+04
    0.29447E-03    0.19275E+04
    0.30042E-03    0.19649E+04
    0.30649E-03    0.20031E+04
    0.31268E-03    0.20420E+04
    0.31899E-03    0.20816E+04
    0.32544E-03    0.21220E+04
    0.33201E-03    0.21631E+04
    0.33872E-03    0.22050E+04
    0.34556E-03    0.22478E+04
    0.35254E-03    0.22913E+04
    0.35966E-03    0.23357E+04
    0.36693E-03    0.23809E+04
    0.37434E-03    0.24270E+04
    0.38190E-03    0.24739E+04
    0.38962E-03    0.25217E+04
    0.39749E-03    0.25705E+04
    0.40552E-03    0.26201E+04
    0.41371E-03    0.26707E+04
    0.42207E-03    0.27223E+04
    0.43060E-03    0.27748E+04
    0.43929E-03    0.28283E+04
    0.44817E-03    0.28828E+04
    0.45722E-03    0.29383E+04
    0.46646E-03    0.29949E+04
    0.47588E-03    0.30525E+04
    0.48550E-03    0.31112E+04
    0.49530E-03    0.31710E+04
    0.50531E-03    0.32319E+04
    0.51552E-03    0.32939E+04
    0.52593E-03    0.33571E+04
    0.53656E-03    0.34215E+04
    0.54739E-03    0.34870E+04
    0.55845E-03    0.35537E+04
    0.56973E-03    0.36217E+04
    0.58124E-03    0.36909E+04
    0.59299E-03    0.37614E+04
    0.60496E-03    0.38332E+04
    0.61719E-03    0.39062E+04
    0.62965E-03    0.39807E+04
    0.64237E-03    0.40564E+04
    0.65535E-03    0.41335E+04
    0.66859E-03    0.42121E+04
    0.68210E-03    0.42920E+04
    0.69588E-03    0.43734E+04
    0.70993E-03    0.44562E+04
    0.72427E-03    0.45405E+04
    0.73891E-03    0.46263E+04
    0.75383E-03    0.47136E+04
    0.76906E-03    0.48025E+04
    0.78460E-03    0.48930E+04
    0.80045E-03    0.49850E+04
    0.81662E-03    0.50787E+04
    0.83311E-03    0.51740E+04
    0.84994E-03    0.52709E+04
    0.86711E-03    0.53696E+04
    0.88463E-03    0.54699E+04
    0.90250E-03    0.55720E+04
    0.92073E-03    0.56758E+04
    0.93933E-03    0.57814E+04
    0.95831E-03    0.58888E+04
    0.97767E-03    0.59981E+04
    0.99742E-03    0.61091E+04
    0.10176E-02    0.62221E+04
    0.10381E-02    0.63369E+04
    0.10591E-02    0.64536E+04
    0.10805E-02    0.65723E+04
    0.11023E-02    0.66930E+04
    0.11246E-02    0.68156E+04
    0.11473E-02    0.69402E+04
    0.11705E-02    0.70668E+04
    0.11941E-02    0.71955E+04
    0.12182E-02    0.73262E+04
    0.12429E-02    0.74590E+04
    0.12680E-02    0.75939E+04
    0.12936E-02    0.77310E+04
    0.13197E-02    0.78701E+04
    0.13464E-02    0.80115E+04
    0.13736E-02    0.81550E+04
    0.14013E-02    0.83007E+04
    0.14296E-02    0.84486E+04
    0.14585E-02    0.85987E+04
    0.14880E-02    0.87511E+04
    0.15180E-02    0.89058E+04
    0.15487E-02    0.90627E+04
    0.15800E-02    0.92219E+04
    0.16119E-02    0.93833E+04
    0.16445E-02    0.95471E+04
    0.16777E-02    0.97132E+04
    0.17116E-02    0.98817E+04
    0.17462E-02    0.10052E+05
    0.17814E-02    0.10226E+05
    0.18174E-02    0.10401E+05
    0.18541E-02    0.10579E+05
    0.18916E-02    0.10759E+05
    0.19298E-02    0.10941E+05
    0.19688E-02    0.11126E+05
    0.20086E-02    0.11313E+05
    0.20491E-02    0.11503E+05
    0.20905E-02    0.11695E+05
    0.21328E-02    0.11889E+05
    0.21758E-02    0.12086E+05
    0.22198E-02    0.12285E+05
    0.22646E-02    0.12486E+05
    0.23104E-02    0.12689E+05
    0.23571E-02    0.12895E+05
    0.24047E-02    0.13103E+05
    0.24533E-02    0.13313E+05
    0.25028E-02    0.13526E+05
    0.25534E-02    0.13741E+05
    0.26050E-02    0.13957E+05
    0.26576E-02    0.14177E+05
    0.27113E-02    0.14398E+05
    0.27660E-02    0.14621E+05
    0.28219E-02    0.14846E+05
    0.28789E-02    0.15074E+05
    0.29371E-02    0.15303E+05
    0.29964E-02    0.15534E+05
    0.30569E-02    0.15768E+05
    0.31187E-02    0.16003E+05
    0.31817E-02    0.16239E+05
    0.32460E-02    0.16478E+05
    0.33115E-02    0.16718E+05
    0.33784E-02    0.16960E+05
    0.34467E-02    0.17204E+05
    0.35163E-02    0.17449E+05
    0.35874E-02    0.17695E+05
    0.36598E-02    0.17943E+05
    0.37338E-02    0.18192E+05
    0.38092E-02    0.18442E+05
    0.38861E-02    0.18694E+05
    0.39646E-02    0.18946E+05
    0.40447E-02    0.19199E+05
    0.41264E-02    0.19454E+05
    0.42098E-02    0.19708E+05
    0.42948E-02    0.19964E+05
    0.43816E-02    0.20220E+05
    0.44701E-02    0.20477E+05
    0.45604E-02    0.20734E+05
    0.46525E-02    0.20991E+05
    0.47465E-02    0.21248E+05
    0.48424E-02    0.21505E+05
    0.49402E-02    0.21762E+05
    0.50400E-02    0.22018E+05
    0.51419E-02    0.22275E+05
    0.52457E-02    0.22531E+05
    0.53517E-02    0.22786E+05
    0.54598E-02    0.23040E+05
    0.55701E-02    0.23292E+05
    0.56826E-02    0.23544E+05
    0.57974E-02    0.23793E+05
    0.59145E-02    0.24042E+05
    0.60340E-02    0.24288E+05
    0.61559E-02    0.24533E+05
    0.62803E-02    0.24775E+05
    0.64072E-02    0.25015E+05
    0.65366E-02    0.25252E+05
    0.66686E-02    0.25486E+05
    0.68033E-02    0.25718E+05
    0.69408E-02    0.25946E+05
    0.70810E-02    0.26170E+05
    0.72240E-02    0.26391E+05
    0.73700E-02    0.26608E+05
    0.75189E-02    0.26821E+05
    0.76708E-02    0.27030E+05
    0.78257E-02    0.27234E+05
    0.79838E-02    0.27433E+05
    0.81451E-02    0.27627E+05
    0.83096E-02    0.27816E+05
    0.84775E-02    0.27999E+05
    0.86488E-02    0.28176E+05
    0.88235E-02    0.28347E+05
    0.90017E-02    0.28511E+05
    0.91836E-02    0.28668E+05
    0.93691E-02    0.28819E+05
    0.95583E-02    0.28962E+05
    0.97514E-02    0.29097E+05
    0.99484E-02    0.29224E+05
    0.10149E-01    0.29344E+05
    0.10354E-01    0.29454E+05
    0.10564E-01    0.29556E+05
    0.10777E-01    0.29648E+05
    0.10995E-01    0.29731E+05
    0.11217E-01    0.29804E+05
    0.11443E-01    0.29867E+05
    0.11675E-01    0.29920E+05
    0.11910E-01    0.29961E+05
    0.12151E-01    0.29992E+05
    0.12397E-01    0.30012E+05
    0.12647E-01    0.30019E+05
    0.12902E-01    0.30015E+05
    0.13163E-01    0.29998E+05
    0.13429E-01    0.29969E+05
    0.13700E-01    0.29928E+05
    0.13977E-01    0.29873E+05
    0.14259E-01    0.29804E+05
    0.14547E-01    0.29723E+05
    0.14841E-01    0.29627E+05
    0.15141E-01    0.29518E+05
    0.15447E-01    0.29394E+05
    0.15759E-01    0.29256E+05
    0.16077E-01    0.29103E+05
    0.16402E-01    0.28936E+05
    0.16734E-01    0.28754E+05
    0.17072E-01    0.28557E+05
    0.17416E-01    0.28346E+05
    0.17768E-01    0.28119E+05
    0.18127E-01    0.27878E+05
    0.18493E-01    0.27622E+05
    0.18867E-01    0.27352E+05
    0.19248E-01    0.27066E+05
    0.19637E-01    0.26767E+05
    0.20034E-01    0.26453E+05
    0.20438E-01    0.26126E+05
    0.20851E-01    0.25785E+05
    0.21272E-01    0.25431E+05
    0.21702E-01    0.25065E+05
    0.22141E-01    0.24686E+05
    0.22588E-01    0.24296E+05
    0.23044E-01    0.23894E+05
    0.23510E-01    0.23483E+05
    0.23985E-01    0.23062E+05
    0.24469E-01    0.22632E+05
    0.24964E-01    0.22194E+05
    0.25468E-01    0.21748E+05
    0.25982E-01    0.21297E+05
    0.26507E-01    0.20841E+05
    0.27043E-01    0.20380E+05
    0.27589E-01    0.19916E+05
    0.28146E-01    0.19450E+05
    0.28715E-01    0.18984E+05
    0.29295E-01    0.18518E+05
    0.29887E-01    0.18053E+05
    0.30490E-01    0.17591E+05
    0.31106E-01    0.17133E+05
    0.31735E-01    0.16680E+05
    0.32376E-01    0.16234E+05
    0.33030E-01    0.15794E+05
    0.33697E-01    0.15364E+05
    0.34378E-01    0.14943E+05
    0.35072E-01    0.14533E+05
    0.35781E-01    0.14135E+05
    0.36504E-01    0.13749E+05
    0.37241E-01    0.13377E+05
    0.37993E-01    0.13020E+05
    0.38761E-01    0.12677E+05
    0.39544E-01    0.12349E+05
    0.40343E-01    0.12038E+05
    0.41158E-01    0.11742E+05
    0.41989E-01    0.11463E+05
    0.42838E-01    0.11201E+05
    0.43703E-01    0.10957E+05
    0.44586E-01    0.10730E+05
    0.45486E-01    0.10520E+05
    0.46405E-01    0.10325E+05
    0.47343E-01    0.10145E+05
    0.48299E-01    0.99792E+04
    0.49275E-01    0.98254E+04
    0.50270E-01    0.96825E+04
    0.51286E-01    0.95488E+04
    0.52322E-01    0.94230E+04
    0.53379E-01    0.93037E+04
    0.54457E-01    0.91891E+04
    0.55557E-01    0.90777E+04
    0.56680E-01    0.89680E+04
    0.57825E-01    0.88580E+04
    0.58993E-01    0.87454E+04
    0.60184E-01    0.86282E+04
    0.61400E-01    0.85041E+04
    0.62641E-01    0.83710E+04
    0.63906E-01    0.82265E+04
    0.65197E-01    0.80689E+04
    0.66514E-01    0.78969E+04
    0.67858E-01    0.77095E+04
    0.69229E-01    0.75063E+04
    0.70627E-01    0.72879E+04
    0.72054E-01    0.70555E+04
    0.73510E-01    0.68107E+04
    0.74994E-01    0.65557E+04
    0.76509E-01    0.62930E+04
    0.78055E-01    0.60255E+04
    0.79632E-01    0.57563E+04
    0.81241E-01    0.54888E+04
    0.82882E-01    0.52263E+04
    0.84556E-01    0.49719E+04
    0.86264E-01    0.47288E+04
    0.88007E-01    0.45000E+04
    0.89785E-01    0.42884E+04
    0.91598E-01    0.40958E+04
    0.93449E-01    0.39240E+04
    0.95337E-01    0.37742E+04
    0.97263E-01    0.36461E+04
    0.99227E-01    0.35390E+04
    0.10123E+00    0.34517E+04
    0.10328E+00    0.33814E+04
    0.10536E+00    0.33253E+04
    0.10749E+00    0.32798E+04
    0.10966E+00    0.32410E+04
    0.11188E+00    0.32047E+04
    0.11414E+00    0.31667E+04
    0.11644E+00    0.31231E+04
    0.11880E+00    0.30705E+04
    0.12120E+00    0.30061E+04
    0.12365E+00    0.29283E+04
    0.12614E+00    0.28363E+04
    0.12869E+00    0.27305E+04
    0.13129E+00    0.26124E+04
    0.13394E+00    0.24849E+04
    0.13665E+00    0.23521E+04
    0.13941E+00    0.22188E+04
    0.14223E+00    0.20903E+04
    0.14510E+00    0.19714E+04
    0.14803E+00    0.18656E+04
    0.15102E+00    0.17751E+04
    0.15407E+00    0.17004E+04
    0.15718E+00    0.16410E+04
    0.16036E+00    0.15953E+04
    0.16360E+00    0.15611E+04
    0.16690E+00    0.15351E+04
    0.17028E+00    0.15127E+04
    0.17371E+00    0.14894E+04
    0.17722E+00    0.14607E+04
    0.18080E+00    0.14236E+04
    0.18446E+00    0.13771E+04
    0.18818E+00    0.13215E+04
    0.19198E+00    0.12586E+04
    0.19586E+00    0.11916E+04
    0.19982E+00    0.11242E+04
    0.20386E+00    0.10606E+04
    0.20797E+00    0.10041E+04
    0.21218E+00    0.95662E+03
    0.21646E+00    0.91865E+03
    0.22083E+00    0.88939E+03
    0.22530E+00    0.86662E+03
    0.22985E+00    0.84703E+03
    0.23449E+00    0.82708E+03
    0.23923E+00    0.80407E+03
    0.24406E+00    0.77656E+03
    0.24899E+00    0.74440E+03
    0.25402E+00    0.70874E+03
    0.25915E+00    0.67191E+03
    0.26439E+00    0.63669E+03
    0.26973E+00    0.60533E+03
    0.27518E+00    0.57888E+03
    0.28074E+00    0.55723E+03
    0.28641E+00    0.53917E+03
    0.29219E+00    0.52277E+03
    0.29810E+00    0.50606E+03
    0.30412E+00    0.48763E+03
    0.31026E+00    0.46717E+03
    0.31653E+00    0.44550E+03
    0.32292E+00    0.42396E+03
    0.32945E+00    0.40385E+03
    0.33610E+00    0.38610E+03
    0.34289E+00    0.37077E+03
    0.34982E+00    0.35713E+03
    0.35689E+00    0.34412E+03
    0.36409E+00    0.33085E+03
    0.37145E+00    0.31696E+03
    0.37895E+00    0.30274E+03
    0.38661E+00    0.28885E+03
    0.39442E+00    0.27593E+03
    0.40239E+00    0.26422E+03
    0.41052E+00    0.25354E+03
    0.41881E+00    0.24343E+03
    0.42727E+00    0.23339E+03
    0.43590E+00    0.22332E+03
    0.44471E+00    0.21339E+03
    0.45369E+00    0.20390E+03
    0.46286E+00    0.19504E+03
    0.47221E+00    0.18678E+03
    0.48174E+00    0.17893E+03
    0.49148E+00    0.17126E+03
    0.50141E+00    0.16376E+03
    0.51153E+00    0.15651E+03
    0.52187E+00    0.14963E+03
    0.53241E+00    0.14312E+03
    0.54317E+00    0.13691E+03
    0.55414E+00    0.13093E+03
    0.56533E+00    0.12515E+03
    0.57675E+00    0.11960E+03
    0.58840E+00    0.11430E+03
    0.60029E+00    0.10926E+03
    0.61242E+00    0.10443E+03
    0.62479E+00    0.99802E+02
    0.63741E+00    0.95366E+02
    0.65029E+00    0.91115E+02
    0.66342E+00    0.87043E+02
    0.67683E+00    0.83143E+02
    0.69050E+00    0.79409E+02
    0.70445E+00    0.75835E+02
    0.71868E+00    0.72416E+02
    0.73320E+00    0.69144E+02
    0.74801E+00    0.66016E+02
    0.76312E+00    0.63024E+02
    0.77854E+00    0.60164E+02
    0.79426E+00    0.57430E+02
    0.81031E+00    0.54817E+02
    0.82668E+00    0.52318E+02
    0.84338E+00    0.49930E+02
    0.86041E+00    0.47648E+02
    0.87780E+00    0.45466E+02
    0.89553E+00    0.43381E+02
    0.91362E+00    0.41389E+02
    0.93208E+00    0.39485E+02
    0.95091E+00    0.37666E+02
    0.97011E+00    0.35927E+02
    0.98971E+00    0.34267E+02
    0.10097E+01    0.32680E+02
    0.10301E+01    0.31165E+02
    0.10509E+01    0.29718E+02
    0.10721E+01    0.28336E+02
    0.10938E+01    0.27016E+02
    0.11159E+01    0.25756E+02
    0.11384E+01    0.24553E+02
    0.11614E+01    0.23404E+02
    0.11849E+01    0.22308E+02
    0.12088E+01    0.21262E+02
    0.12333E+01    0.20263E+02
    0.12582E+01    0.19310E+02
    0.12836E+01    0.18401E+02
    0.13095E+01    0.17533E+02
    0.13360E+01    0.16705E+02
    0.13630E+01    0.15916E+02
    0.13905E+01    0.15162E+02
    0.14186E+01    0.14444E+02
    0.14472E+01    0.13759E+02
    0.14765E+01    0.13105E+02
    0.15063E+01    0.12482E+02
    0.15367E+01    0.11888E+02
    0.15678E+01    0.11321E+02
    0.15994E+01    0.10781E+02
    0.16318E+01    0.10266E+02
    0.16647E+01    0.97744E+01
    0.16984E+01    0.93061E+01
    0.17327E+01    0.88597E+01
    0.17677E+01    0.84341E+01
    0.18034E+01    0.80285E+01
    0.18398E+01    0.76418E+01
    0.18770E+01    0.72733E+01
    0.19149E+01    0.69221E+01
    0.19536E+01    0.65875E+01
    0.19930E+01    0.62688E+01
    0.20333E+01    0.59652E+01
    0.20744E+01    0.56761E+01
    0.21163E+01    0.54009E+01
    0.21590E+01    0.51388E+01
    0.22026E+01    0.48894E+01
    0.22471E+01    0.46521E+01
