    0.10000E-03    0.10940E+04
    0.10202E-03    0.11154E+04
    0.10408E-03    0.11372E+04
    0.10618E-03    0.11594E+04
    0.10833E-03    0.11820E+04
    0.11052E-03    0.12051E+04
    0.11275E-03    0.12286E+04
    0.11503E-03    0.12526E+04
    0.11735E-03    0.12770E+04
    0.11972E-03    0.13019E+04
    0.12214E-03    0.13274E+04
    0.12461E-03    0.13533E+04
    0.12712E-03    0.13797E+04
    0.12969E-03    0.14066E+04
    0.13231E-03    0.14340E+04
    0.13499E-03    0.14620E+04
    0.13771E-03    0.14905E+04
    0.14049E-03    0.15195E+04
    0.14333E-03    0.15492E+04
    0.14623E-03    0.15794E+04
    0.14918E-03    0.16102E+04
    0.15220E-03    0.16415E+04
    0.15527E-03    0.16735E+04
    0.15841E-03    0.17061E+04
    0.16161E-03    0.17394E+04
    0.16487E-03    0.17733E+04
    0.16820E-03    0.18078E+04
    0.17160E-03    0.18430E+04
    0.17507E-03    0.18789E+04
    0.17860E-03    0.19155E+04
    0.18221E-03    0.19528E+04
    0.18589E-03    0.19908E+04
    0.18965E-03    0.20295E+04
    0.19348E-03    0.20690E+04
    0.19739E-03    0.21092E+04
    0.20138E-03    0.21502E+04
    0.20544E-03    0.21920E+04
    0.20959E-03    0.22346E+04
    0.21383E-03    0.22780E+04
    0.21815E-03    0.23223E+04
    0.22255E-03    0.23674E+04
    0.22705E-03    0.24134E+04
    0.23164E-03    0.24602E+04
    0.23632E-03    0.25079E+04
    0.24109E-03    0.25566E+04
    0.24596E-03    0.26062E+04
    0.25093E-03    0.26567E+04
    0.25600E-03    0.27082E+04
    0.26117E-03    0.27606E+04
    0.26645E-03    0.28141E+04
    0.27183E-03    0.28686E+04
    0.27732E-03    0.29241E+04
    0.28292E-03    0.29807E+04
    0.28864E-03    0.30383E+04
    0.29447E-03    0.30970E+04
    0.30042E-03    0.31568E+04
    0.30649E-03    0.32178E+04
    0.31268E-03    0.32799E+04
    0.31899E-03    0.33432E+04
    0.32544E-03    0.34076E+04
    0.33201E-03    0.34733E+04
    0.33872E-03    0.35402E+04
    0.34556E-03    0.36084E+04
    0.35254E-03    0.36778E+04
    0.35966E-03    0.37485E+04
    0.36693E-03    0.38205E+04
    0.37434E-03    0.38939E+04
    0.38190E-03    0.39686E+04
    0.38962E-03    0.40447E+04
    0.39749E-03    0.41222E+04
    0.40552E-03    0.42012E+04
    0.41371E-03    0.42816E+04
    0.42207E-03    0.43634E+04
    0.43060E-03    0.44468E+04
    0.43929E-03    0.45317E+04
    0.44817E-03    0.46181E+04
    0.45722E-03    0.47061E+04
    0.46646E-03    0.47957E+04
    0.47588E-03    0.48869E+04
    0.48550E-03    0.49798E+04
    0.49530E-03    0.50743E+04
    0.50531E-03    0.51705E+04
    0.51552E-03    0.52685E+04
    0.52593E-03    0.53682E+04
    0.53656E-03    0.54697E+04
    0.54739E-03    0.55729E+04
    0.55845E-03    0.56780E+04
    0.56973E-03    0.57850E+04
    0.58124E-03    0.58938E+04
    0.59299E-03    0.60046E+04
    0.60496E-03    0.61172E+04
    0.61719E-03    0.62318E+04
    0.62965E-03    0.63485E+04
    0.64237E-03    0.64671E+04
    0.65535E-03    0.65877E+04
    0.66859E-03    0.67105E+04
    0.68210E-03    0.68353E+04
    0.69588E-03    0.69622E+04
    0.70993E-03    0.70913E+04
    0.72427E-03    0.72226E+04
    0.73891E-03    0.73560E+04
    0.75383E-03    0.74917E+04
    0.76906E-03    0.76296E+04
    0.78460E-03    0.77698E+04
    0.80045E-03    0.79124E+04
    0.81662E-03    0.80572E+04
    0.83311E-03    0.82044E+04
    0.84994E-03    0.83539E+04
    0.86711E-03    0.85059E+04
    0.88463E-03    0.86603E+04
    0.90250E-03    0.88171E+04
    0.92073E-03    0.89764E+04
    0.93933E-03    0.91382E+04
    0.95831E-03    0.93025E+04
    0.97767E-03    0.94694E+04
    0.99742E-03    0.96388E+04
    0.10176E-02    0.98108E+04
    0.10381E-02    0.99853E+04
    0.10591E-02    0.10162E+05
    0.10805E-02    0.10342E+05
    0.11023E-02    0.10525E+05
    0.11246E-02    0.10710E+05
    0.11473E-02    0.10898E+05
    0.11705E-02    0.11088E+05
    0.11941E-02    0.11281E+05
    0.12182E-02    0.11477E+05
    0.12429E-02    0.11675E+05
    0.12680E-02    0.11877E+05
    0.12936E-02    0.12081E+05
    0.13197E-02    0.12287E+05
    0.13464E-02    0.12497E+05
    0.13736E-02    0.12709E+05
    0.14013E-02    0.12924E+05
    0.14296E-02    0.13142E+05
    0.14585E-02    0.13362E+05
    0.14880E-02    0.13585E+05
    0.15180E-02    0.13811E+05
    0.15487E-02    0.14039E+05
    0.15800E-02    0.14271E+05
    0.16119E-02    0.14504E+05
    0.16445E-02    0.14741E+05
    0.16777E-02    0.14980E+05
    0.17116E-02    0.15222E+05
    0.17462E-02    0.15466E+05
    0.17814E-02    0.15713E+05
    0.18174E-02    0.15963E+05
    0.18541E-02    0.16215E+05
    0.18916E-02    0.16469E+05
    0.19298E-02    0.16726E+05
    0.19688E-02    0.16985E+05
    0.20086E-02    0.17247E+05
    0.20491E-02    0.17511E+05
    0.20905E-02    0.17777E+05
    0.21328E-02    0.18046E+05
    0.21758E-02    0.18316E+05
    0.22198E-02    0.18589E+05
    0.22646E-02    0.18864E+05
    0.23104E-02    0.19140E+05
    0.23571E-02    0.19419E+05
    0.24047E-02    0.19700E+05
    0.24533E-02    0.19982E+05
    0.25028E-02    0.20266E+05
    0.25534E-02    0.20551E+05
    0.26050E-02    0.20839E+05
    0.26576E-02    0.21127E+05
    0.27113E-02    0.21417E+05
    0.27660E-02    0.21708E+05
    0.28219E-02    0.22000E+05
    0.28789E-02    0.22294E+05
    0.29371E-02    0.22588E+05
    0.29964E-02    0.22883E+05
    0.30569E-02    0.23179E+05
    0.31187E-02    0.23475E+05
    0.31817E-02    0.23772E+05
    0.32460E-02    0.24069E+05
    0.33115E-02    0.24367E+05
    0.33784E-02    0.24664E+05
    0.34467E-02    0.24962E+05
    0.35163E-02    0.25259E+05
    0.35874E-02    0.25556E+05
    0.36598E-02    0.25852E+05
    0.37338E-02    0.26147E+05
    0.38092E-02    0.26442E+05
    0.38861E-02    0.26736E+05
    0.39646E-02    0.27029E+05
    0.40447E-02    0.27320E+05
    0.41264E-02    0.27610E+05
    0.42098E-02    0.27898E+05
    0.42948E-02    0.28183E+05
    0.43816E-02    0.28467E+05
    0.44701E-02    0.28749E+05
    0.45604E-02    0.29028E+05
    0.46525E-02    0.29305E+05
    0.47465E-02    0.29578E+05
    0.48424E-02    0.29849E+05
    0.49402E-02    0.30116E+05
    0.50400E-02    0.30380E+05
    0.51419E-02    0.30640E+05
    0.52457E-02    0.30895E+05
    0.53517E-02    0.31146E+05
    0.54598E-02    0.31392E+05
    0.55701E-02    0.31633E+05
    0.56826E-02    0.31868E+05
    0.57974E-02    0.32098E+05
    0.59145E-02    0.32323E+05
    0.60340E-02    0.32541E+05
    0.61559E-02    0.32754E+05
    0.62803E-02    0.32960E+05
    0.64072E-02    0.33159E+05
    0.65366E-02    0.33351E+05
    0.66686E-02    0.33536E+05
    0.68033E-02    0.33714E+05
    0.69408E-02    0.33883E+05
    0.70810E-02    0.34045E+05
    0.72240E-02    0.34198E+05
    0.73700E-02    0.34342E+05
    0.75189E-02    0.34477E+05
    0.76708E-02    0.34602E+05
    0.78257E-02    0.34718E+05
    0.79838E-02    0.34823E+05
    0.81451E-02    0.34919E+05
    0.83096E-02    0.35003E+05
    0.84775E-02    0.35076E+05
    0.86488E-02    0.35138E+05
    0.88235E-02    0.35189E+05
    0.90017E-02    0.35227E+05
    0.91836E-02    0.35253E+05
    0.93691E-02    0.35266E+05
    0.95583E-02    0.35266E+05
    0.97514E-02    0.35253E+05
    0.99484E-02    0.35227E+05
    0.10149E-01    0.35187E+05
    0.10354E-01    0.35132E+05
    0.10564E-01    0.35063E+05
    0.10777E-01    0.34979E+05
    0.10995E-01    0.34880E+05
    0.11217E-01    0.34766E+05
    0.11443E-01    0.34636E+05
    0.11675E-01    0.34490E+05
    0.11910E-01    0.34328E+05
    0.12151E-01    0.34150E+05
    0.12397E-01    0.33956E+05
    0.12647E-01    0.33744E+05
    0.12902E-01    0.33516E+05
    0.13163E-01    0.33271E+05
    0.13429E-01    0.33008E+05
    0.13700E-01    0.32729E+05
    0.13977E-01    0.32432E+05
    0.14259E-01    0.32118E+05
    0.14547E-01    0.31786E+05
    0.14841E-01    0.31437E+05
    0.15141E-01    0.31071E+05
    0.15447E-01    0.30688E+05
    0.15759E-01    0.30289E+05
    0.16077E-01    0.29872E+05
    0.16402E-01    0.29439E+05
    0.16734E-01    0.28990E+05
    0.17072E-01    0.28525E+05
    0.17416E-01    0.28044E+05
    0.17768E-01    0.27549E+05
    0.18127E-01    0.27040E+05
    0.18493E-01    0.26516E+05
    0.18867E-01    0.25980E+05
    0.19248E-01    0.25432E+05
    0.19637E-01    0.24872E+05
    0.20034E-01    0.24301E+05
    0.20438E-01    0.23721E+05
    0.20851E-01    0.23132E+05
    0.21272E-01    0.22535E+05
    0.21702E-01    0.21932E+05
    0.22141E-01    0.21324E+05
    0.22588E-01    0.20711E+05
    0.23044E-01    0.20096E+05
    0.23510E-01    0.19480E+05
    0.23985E-01    0.18863E+05
    0.24469E-01    0.18248E+05
    0.24964E-01    0.17636E+05
    0.25468E-01    0.17028E+05
    0.25982E-01    0.16426E+05
    0.26507E-01    0.15831E+05
    0.27043E-01    0.15245E+05
    0.27589E-01    0.14670E+05
    0.28146E-01    0.14106E+05
    0.28715E-01    0.13554E+05
    0.29295E-01    0.13018E+05
    0.29887E-01    0.12497E+05
    0.30490E-01    0.11993E+05
    0.31106E-01    0.11506E+05
    0.31735E-01    0.11039E+05
    0.32376E-01    0.10591E+05
    0.33030E-01    0.10165E+05
    0.33697E-01    0.97614E+04
    0.34378E-01    0.93798E+04
    0.35072E-01    0.90209E+04
    0.35781E-01    0.86845E+04
    0.36504E-01    0.83707E+04
    0.37241E-01    0.80792E+04
    0.37993E-01    0.78098E+04
    0.38761E-01    0.75625E+04
    0.39544E-01    0.73376E+04
    0.40343E-01    0.71352E+04
    0.41158E-01    0.69552E+04
    0.41989E-01    0.67972E+04
    0.42838E-01    0.66594E+04
    0.43703E-01    0.65398E+04
    0.44586E-01    0.64367E+04
    0.45486E-01    0.63487E+04
    0.46405E-01    0.62744E+04
    0.47343E-01    0.62125E+04
    0.48299E-01    0.61620E+04
    0.49275E-01    0.61217E+04
    0.50270E-01    0.60892E+04
    0.51286E-01    0.60618E+04
    0.52322E-01    0.60369E+04
    0.53379E-01    0.60116E+04
    0.54457E-01    0.59828E+04
    0.55557E-01    0.59474E+04
    0.56680E-01    0.59022E+04
    0.57825E-01    0.58444E+04
    0.58993E-01    0.57715E+04
    0.60184E-01    0.56811E+04
    0.61400E-01    0.55715E+04
    0.62641E-01    0.54421E+04
    0.63906E-01    0.52924E+04
    0.65197E-01    0.51228E+04
    0.66514E-01    0.49348E+04
    0.67858E-01    0.47300E+04
    0.69229E-01    0.45111E+04
    0.70627E-01    0.42811E+04
    0.72054E-01    0.40429E+04
    0.73510E-01    0.38006E+04
    0.74994E-01    0.35581E+04
    0.76509E-01    0.33192E+04
    0.78055E-01    0.30888E+04
    0.79632E-01    0.28705E+04
    0.81241E-01    0.26685E+04
    0.82882E-01    0.24859E+04
    0.84556E-01    0.23250E+04
    0.86264E-01    0.21868E+04
    0.88007E-01    0.20720E+04
    0.89785E-01    0.19805E+04
    0.91598E-01    0.19106E+04
    0.93449E-01    0.18610E+04
    0.95337E-01    0.18295E+04
    0.97263E-01    0.18133E+04
    0.99227E-01    0.18098E+04
    0.10123E+00    0.18151E+04
    0.10328E+00    0.18254E+04
    0.10536E+00    0.18361E+04
    0.10749E+00    0.18426E+04
    0.10966E+00    0.18405E+04
    0.11188E+00    0.18261E+04
    0.11414E+00    0.17964E+04
    0.11644E+00    0.17493E+04
    0.11880E+00    0.16842E+04
    0.12120E+00    0.16020E+04
    0.12365E+00    0.15061E+04
    0.12614E+00    0.14015E+04
    0.12869E+00    0.12941E+04
    0.13129E+00    0.11900E+04
    0.13394E+00    0.10937E+04
    0.13665E+00    0.10088E+04
    0.13941E+00    0.93755E+03
    0.14223E+00    0.88132E+03
    0.14510E+00    0.84077E+03
    0.14803E+00    0.81511E+03
    0.15102E+00    0.80240E+03
    0.15407E+00    0.79910E+03
    0.15718E+00    0.80103E+03
    0.16036E+00    0.80362E+03
    0.16360E+00    0.80266E+03
    0.16690E+00    0.79454E+03
    0.17028E+00    0.77668E+03
    0.17371E+00    0.74798E+03
    0.17722E+00    0.70935E+03
    0.18080E+00    0.66359E+03
    0.18446E+00    0.61482E+03
    0.18818E+00    0.56734E+03
    0.19198E+00    0.52484E+03
    0.19586E+00    0.49009E+03
    0.19982E+00    0.46450E+03
    0.20386E+00    0.44775E+03
    0.20797E+00    0.43791E+03
    0.21218E+00    0.43233E+03
    0.21646E+00    0.42814E+03
    0.22083E+00    0.42230E+03
    0.22530E+00    0.41226E+03
    0.22985E+00    0.39677E+03
    0.23449E+00    0.37638E+03
    0.23923E+00    0.35312E+03
    0.24406E+00    0.32962E+03
    0.24899E+00    0.30826E+03
    0.25402E+00    0.29082E+03
    0.25915E+00    0.27797E+03
    0.26439E+00    0.26901E+03
    0.26973E+00    0.26236E+03
    0.27518E+00    0.25612E+03
    0.28074E+00    0.24869E+03
    0.28641E+00    0.23913E+03
    0.29219E+00    0.22748E+03
    0.29810E+00    0.21478E+03
    0.30412E+00    0.20247E+03
    0.31026E+00    0.19174E+03
    0.31653E+00    0.18310E+03
    0.32292E+00    0.17623E+03
    0.32945E+00    0.17034E+03
    0.33610E+00    0.16446E+03
    0.34289E+00    0.15790E+03
    0.34982E+00    0.15058E+03
    0.35689E+00    0.14294E+03
    0.36409E+00    0.13565E+03
    0.37145E+00    0.12924E+03
    0.37895E+00    0.12373E+03
    0.38661E+00    0.11883E+03
    0.39442E+00    0.11409E+03
    0.40239E+00    0.10918E+03
    0.41052E+00    0.10410E+03
    0.41881E+00    0.99090E+02
    0.42727E+00    0.94429E+02
    0.43590E+00    0.90213E+02
    0.44471E+00    0.86346E+02
    0.45369E+00    0.82629E+02
    0.46286E+00    0.78933E+02
    0.47221E+00    0.75272E+02
    0.48174E+00    0.71772E+02
    0.49148E+00    0.68505E+02
    0.50141E+00    0.65435E+02
    0.51153E+00    0.62512E+02
    0.52187E+00    0.59680E+02
    0.53241E+00    0.56927E+02
    0.54317E+00    0.54301E+02
    0.55414E+00    0.51819E+02
    0.56533E+00    0.49455E+02
    0.57675E+00    0.47194E+02
    0.58840E+00    0.45029E+02
    0.60029E+00    0.42958E+02
    0.61242E+00    0.40977E+02
    0.62479E+00    0.39084E+02
    0.63741E+00    0.37274E+02
    0.65029E+00    0.35544E+02
    0.66342E+00    0.33892E+02
    0.67683E+00    0.32314E+02
    0.69050E+00    0.30808E+02
    0.70445E+00    0.29370E+02
    0.71868E+00    0.27998E+02
    0.73320E+00    0.26689E+02
    0.74801E+00    0.25440E+02
    0.76312E+00    0.24247E+02
    0.77854E+00    0.23109E+02
    0.79426E+00    0.22024E+02
    0.81031E+00    0.20988E+02
    0.82668E+00    0.19999E+02
    0.84338E+00    0.19056E+02
    0.86041E+00    0.18157E+02
    0.87780E+00    0.17298E+02
    0.89553E+00    0.16479E+02
    0.91362E+00    0.15698E+02
    0.93208E+00    0.14953E+02
    0.95091E+00    0.14242E+02
    0.97011E+00    0.13564E+02
    0.98971E+00    0.12918E+02
    0.10097E+01    0.12302E+02
    0.10301E+01    0.11714E+02
    0.10509E+01    0.11154E+02
    0.10721E+01    0.10620E+02
    0.10938E+01    0.10111E+02
    0.11159E+01    0.96258E+01
    0.11384E+01    0.91634E+01
    0.11614E+01    0.87227E+01
    0.11849E+01    0.83028E+01
    0.12088E+01    0.79026E+01
    0.12333E+01    0.75214E+01
    0.12582E+01    0.71582E+01
    0.12836E+01    0.68121E+01
    0.13095E+01    0.64825E+01
    0.13360E+01    0.61685E+01
    0.13630E+01    0.58694E+01
    0.13905E+01    0.55845E+01
    0.14186E+01    0.53132E+01
    0.14472E+01    0.50548E+01
    0.14765E+01    0.48088E+01
    0.15063E+01    0.45745E+01
    0.15367E+01    0.43513E+01
    0.15678E+01    0.41388E+01
    0.15994E+01    0.39365E+01
    0.16318E+01    0.37438E+01
    0.16647E+01    0.35604E+01
    0.16984E+01    0.33858E+01
    0.17327E+01    0.32195E+01
    0.17677E+01    0.30613E+01
    0.18034E+01    0.29106E+01
    0.18398E+01    0.27673E+01
    0.18770E+01    0.26309E+01
    0.19149E+01    0.25012E+01
    0.19536E+01    0.23778E+01
    0.19930E+01    0.22604E+01
    0.20333E+01    0.21488E+01
    0.20744E+01    0.20426E+01
    0.21163E+01    0.19417E+01
