    0.10000E-03    0.64627E+03
    0.10202E-03    0.65890E+03
    0.10408E-03    0.67177E+03
    0.10618E-03    0.68490E+03
    0.10833E-03    0.69828E+03
    0.11052E-03    0.71192E+03
    0.11275E-03    0.72583E+03
    0.11503E-03    0.74001E+03
    0.11735E-03    0.75447E+03
    0.11972E-03    0.76920E+03
    0.12214E-03    0.78423E+03
    0.12461E-03    0.79955E+03
    0.12712E-03    0.81516E+03
    0.12969E-03    0.83108E+03
    0.13231E-03    0.84731E+03
    0.13499E-03    0.86386E+03
    0.13771E-03    0.88073E+03
    0.14049E-03    0.89793E+03
    0.14333E-03    0.91546E+03
    0.14623E-03    0.93333E+03
    0.14918E-03    0.95156E+03
    0.15220E-03    0.97013E+03
    0.15527E-03    0.98907E+03
    0.15841E-03    0.10084E+04
    0.16161E-03    0.10281E+04
    0.16487E-03    0.10481E+04
    0.16820E-03    0.10686E+04
    0.17160E-03    0.10894E+04
    0.17507E-03    0.11107E+04
    0.17860E-03    0.11324E+04
    0.18221E-03    0.11544E+04
    0.18589E-03    0.11770E+04
    0.18965E-03    0.11999E+04
    0.19348E-03    0.12233E+04
    0.19739E-03    0.12472E+04
    0.20138E-03    0.12715E+04
    0.20544E-03    0.12963E+04
    0.20959E-03    0.13215E+04
    0.21383E-03    0.13473E+04
    0.21815E-03    0.13736E+04
    0.22255E-03    0.14003E+04
    0.22705E-03    0.14276E+04
    0.23164E-03    0.14554E+04
    0.23632E-03    0.14838E+04
    0.24109E-03    0.15127E+04
    0.24596E-03    0.15421E+04
    0.25093E-03    0.15721E+04
    0.25600E-03    0.16027E+04
    0.26117E-03    0.16339E+04
    0.26645E-03    0.16657E+04
    0.27183E-03    0.16981E+04
    0.27732E-03    0.17312E+04
    0.28292E-03    0.17648E+04
    0.28864E-03    0.17991E+04
    0.29447E-03    0.18341E+04
    0.30042E-03    0.18697E+04
    0.30649E-03    0.19061E+04
    0.31268E-03    0.19431E+04
    0.31899E-03    0.19808E+04
    0.32544E-03    0.20193E+04
    0.33201E-03    0.20585E+04
    0.33872E-03    0.20984E+04
    0.34556E-03    0.21391E+04
    0.35254E-03    0.21806E+04
    0.35966E-03    0.22228E+04
    0.36693E-03    0.22659E+04
    0.37434E-03    0.23098E+04
    0.38190E-03    0.23545E+04
    0.38962E-03    0.24001E+04
    0.39749E-03    0.24466E+04
    0.40552E-03    0.24939E+04
    0.41371E-03    0.25421E+04
    0.42207E-03    0.25912E+04
    0.43060E-03    0.26413E+04
    0.43929E-03    0.26923E+04
    0.44817E-03    0.27442E+04
    0.45722E-03    0.27972E+04
    0.46646E-03    0.28511E+04
    0.47588E-03    0.29060E+04
    0.48550E-03    0.29620E+04
    0.49530E-03    0.30190E+04
    0.50531E-03    0.30771E+04
    0.51552E-03    0.31363E+04
    0.52593E-03    0.31966E+04
    0.53656E-03    0.32579E+04
    0.54739E-03    0.33205E+04
    0.55845E-03    0.33842E+04
    0.56973E-03    0.34490E+04
    0.58124E-03    0.35151E+04
    0.59299E-03    0.35824E+04
    0.60496E-03    0.36509E+04
    0.61719E-03    0.37206E+04
    0.62965E-03    0.37917E+04
    0.64237E-03    0.38640E+04
    0.65535E-03    0.39377E+04
    0.66859E-03    0.40127E+04
    0.68210E-03    0.40891E+04
    0.69588E-03    0.41668E+04
    0.70993E-03    0.42460E+04
    0.72427E-03    0.43266E+04
    0.73891E-03    0.44086E+04
    0.75383E-03    0.44921E+04
    0.76906E-03    0.45771E+04
    0.78460E-03    0.46636E+04
    0.80045E-03    0.47516E+04
    0.81662E-03    0.48412E+04
    0.83311E-03    0.49324E+04
    0.84994E-03    0.50252E+04
    0.86711E-03    0.51197E+04
    0.88463E-03    0.52157E+04
    0.90250E-03    0.53135E+04
    0.92073E-03    0.54129E+04
    0.93933E-03    0.55141E+04
    0.95831E-03    0.56170E+04
    0.97767E-03    0.57217E+04
    0.99742E-03    0.58282E+04
    0.10176E-02    0.59365E+04
    0.10381E-02    0.60466E+04
    0.10591E-02    0.61586E+04
    0.10805E-02    0.62725E+04
    0.11023E-02    0.63883E+04
    0.11246E-02    0.65060E+04
    0.11473E-02    0.66257E+04
    0.11705E-02    0.67473E+04
    0.11941E-02    0.68709E+04
    0.12182E-02    0.69966E+04
    0.12429E-02    0.71243E+04
    0.12680E-02    0.72541E+04
    0.12936E-02    0.73859E+04
    0.13197E-02    0.75198E+04
    0.13464E-02    0.76559E+04
    0.13736E-02    0.77941E+04
    0.14013E-02    0.79345E+04
    0.14296E-02    0.80770E+04
    0.14585E-02    0.82218E+04
    0.14880E-02    0.83687E+04
    0.15180E-02    0.85179E+04
    0.15487E-02    0.86694E+04
    0.15800E-02    0.88231E+04
    0.16119E-02    0.89791E+04
    0.16445E-02    0.91374E+04
    0.16777E-02    0.92980E+04
    0.17116E-02    0.94609E+04
    0.17462E-02    0.96261E+04
    0.17814E-02    0.97937E+04
    0.18174E-02    0.99637E+04
    0.18541E-02    0.10136E+05
    0.18916E-02    0.10311E+05
    0.19298E-02    0.10488E+05
    0.19688E-02    0.10667E+05
    0.20086E-02    0.10849E+05
    0.20491E-02    0.11033E+05
    0.20905E-02    0.11220E+05
    0.21328E-02    0.11408E+05
    0.21758E-02    0.11600E+05
    0.22198E-02    0.11793E+05
    0.22646E-02    0.11990E+05
    0.23104E-02    0.12188E+05
    0.23571E-02    0.12389E+05
    0.24047E-02    0.12592E+05
    0.24533E-02    0.12797E+05
    0.25028E-02    0.13005E+05
    0.25534E-02    0.13215E+05
    0.26050E-02    0.13428E+05
    0.26576E-02    0.13642E+05
    0.27113E-02    0.13859E+05
    0.27660E-02    0.14078E+05
    0.28219E-02    0.14300E+05
    0.28789E-02    0.14523E+05
    0.29371E-02    0.14749E+05
    0.29964E-02    0.14976E+05
    0.30569E-02    0.15206E+05
    0.31187E-02    0.15438E+05
    0.31817E-02    0.15672E+05
    0.32460E-02    0.15907E+05
    0.33115E-02    0.16145E+05
    0.33784E-02    0.16384E+05
    0.34467E-02    0.16626E+05
    0.35163E-02    0.16869E+05
    0.35874E-02    0.17113E+05
    0.36598E-02    0.17359E+05
    0.37338E-02    0.17607E+05
    0.38092E-02    0.17856E+05
    0.38861E-02    0.18107E+05
    0.39646E-02    0.18359E+05
    0.40447E-02    0.18612E+05
    0.41264E-02    0.18867E+05
    0.42098E-02    0.19122E+05
    0.42948E-02    0.19378E+05
    0.43816E-02    0.19636E+05
    0.44701E-02    0.19894E+05
    0.45604E-02    0.20153E+05
    0.46525E-02    0.20412E+05
    0.47465E-02    0.20672E+05
    0.48424E-02    0.20932E+05
    0.49402E-02    0.21192E+05
    0.50400E-02    0.21453E+05
    0.51419E-02    0.21713E+05
    0.52457E-02    0.21974E+05
    0.53517E-02    0.22234E+05
    0.54598E-02    0.22494E+05
    0.55701E-02    0.22753E+05
    0.56826E-02    0.23011E+05
    0.57974E-02    0.23268E+05
    0.59145E-02    0.23524E+05
    0.60340E-02    0.23778E+05
    0.61559E-02    0.24031E+05
    0.62803E-02    0.24283E+05
    0.64072E-02    0.24533E+05
    0.65366E-02    0.24781E+05
    0.66686E-02    0.25026E+05
    0.68033E-02    0.25269E+05
    0.69408E-02    0.25509E+05
    0.70810E-02    0.25747E+05
    0.72240E-02    0.25981E+05
    0.73700E-02    0.26212E+05
    0.75189E-02    0.26440E+05
    0.76708E-02    0.26664E+05
    0.78257E-02    0.26884E+05
    0.79838E-02    0.27099E+05
    0.81451E-02    0.27311E+05
    0.83096E-02    0.27517E+05
    0.84775E-02    0.27719E+05
    0.86488E-02    0.27916E+05
    0.88235E-02    0.28106E+05
    0.90017E-02    0.28292E+05
    0.91836E-02    0.28470E+05
    0.93691E-02    0.28643E+05
    0.95583E-02    0.28809E+05
    0.97514E-02    0.28968E+05
    0.99484E-02    0.29119E+05
    0.10149E-01    0.29263E+05
    0.10354E-01    0.29400E+05
    0.10564E-01    0.29528E+05
    0.10777E-01    0.29647E+05
    0.10995E-01    0.29758E+05
    0.11217E-01    0.29859E+05
    0.11443E-01    0.29951E+05
    0.11675E-01    0.30034E+05
    0.11910E-01    0.30106E+05
    0.12151E-01    0.30168E+05
    0.12397E-01    0.30219E+05
    0.12647E-01    0.30259E+05
    0.12902E-01    0.30288E+05
    0.13163E-01    0.30305E+05
    0.13429E-01    0.30310E+05
    0.13700E-01    0.30303E+05
    0.13977E-01    0.30283E+05
    0.14259E-01    0.30250E+05
    0.14547E-01    0.30205E+05
    0.14841E-01    0.30146E+05
    0.15141E-01    0.30073E+05
    0.15447E-01    0.29987E+05
    0.15759E-01    0.29886E+05
    0.16077E-01    0.29771E+05
    0.16402E-01    0.29642E+05
    0.16734E-01    0.29499E+05
    0.17072E-01    0.29340E+05
    0.17416E-01    0.29167E+05
    0.17768E-01    0.28979E+05
    0.18127E-01    0.28776E+05
    0.18493E-01    0.28558E+05
    0.18867E-01    0.28326E+05
    0.19248E-01    0.28078E+05
    0.19637E-01    0.27816E+05
    0.20034E-01    0.27539E+05
    0.20438E-01    0.27248E+05
    0.20851E-01    0.26942E+05
    0.21272E-01    0.26623E+05
    0.21702E-01    0.26290E+05
    0.22141E-01    0.25945E+05
    0.22588E-01    0.25586E+05
    0.23044E-01    0.25216E+05
    0.23510E-01    0.24834E+05
    0.23985E-01    0.24441E+05
    0.24469E-01    0.24038E+05
    0.24964E-01    0.23625E+05
    0.25468E-01    0.23203E+05
    0.25982E-01    0.22774E+05
    0.26507E-01    0.22337E+05
    0.27043E-01    0.21895E+05
    0.27589E-01    0.21447E+05
    0.28146E-01    0.20995E+05
    0.28715E-01    0.20541E+05
    0.29295E-01    0.20084E+05
    0.29887E-01    0.19627E+05
    0.30490E-01    0.19171E+05
    0.31106E-01    0.18716E+05
    0.31735E-01    0.18264E+05
    0.32376E-01    0.17816E+05
    0.33030E-01    0.17373E+05
    0.33697E-01    0.16937E+05
    0.34378E-01    0.16508E+05
    0.35072E-01    0.16087E+05
    0.35781E-01    0.15677E+05
    0.36504E-01    0.15278E+05
    0.37241E-01    0.14890E+05
    0.37993E-01    0.14515E+05
    0.38761E-01    0.14154E+05
    0.39544E-01    0.13806E+05
    0.40343E-01    0.13472E+05
    0.41158E-01    0.13152E+05
    0.41989E-01    0.12848E+05
    0.42838E-01    0.12559E+05
    0.43703E-01    0.12287E+05
    0.44586E-01    0.12032E+05
    0.45486E-01    0.11795E+05
    0.46405E-01    0.11574E+05
    0.47343E-01    0.11369E+05
    0.48299E-01    0.11177E+05
    0.49275E-01    0.10999E+05
    0.50270E-01    0.10832E+05
    0.51286E-01    0.10675E+05
    0.52322E-01    0.10527E+05
    0.53379E-01    0.10387E+05
    0.54457E-01    0.10253E+05
    0.55557E-01    0.10124E+05
    0.56680E-01    0.99965E+04
    0.57825E-01    0.98703E+04
    0.58993E-01    0.97428E+04
    0.60184E-01    0.96120E+04
    0.61400E-01    0.94758E+04
    0.62641E-01    0.93321E+04
    0.63906E-01    0.91789E+04
    0.65197E-01    0.90142E+04
    0.66514E-01    0.88365E+04
    0.67858E-01    0.86445E+04
    0.69229E-01    0.84376E+04
    0.70627E-01    0.82155E+04
    0.72054E-01    0.79790E+04
    0.73510E-01    0.77292E+04
    0.74994E-01    0.74677E+04
    0.76509E-01    0.71967E+04
    0.78055E-01    0.69186E+04
    0.79632E-01    0.66362E+04
    0.81241E-01    0.63528E+04
    0.82882E-01    0.60717E+04
    0.84556E-01    0.57963E+04
    0.86264E-01    0.55298E+04
    0.88007E-01    0.52754E+04
    0.89785E-01    0.50363E+04
    0.91598E-01    0.48151E+04
    0.93449E-01    0.46138E+04
    0.95337E-01    0.44338E+04
    0.97263E-01    0.42761E+04
    0.99227E-01    0.41401E+04
    0.10123E+00    0.40251E+04
    0.10328E+00    0.39294E+04
    0.10536E+00    0.38503E+04
    0.10749E+00    0.37849E+04
    0.10966E+00    0.37295E+04
    0.11188E+00    0.36801E+04
    0.11414E+00    0.36325E+04
    0.11644E+00    0.35822E+04
    0.11880E+00    0.35253E+04
    0.12120E+00    0.34584E+04
    0.12365E+00    0.33788E+04
    0.12614E+00    0.32855E+04
    0.12869E+00    0.31780E+04
    0.13129E+00    0.30576E+04
    0.13394E+00    0.29260E+04
    0.13665E+00    0.27865E+04
    0.13941E+00    0.26428E+04
    0.14223E+00    0.25000E+04
    0.14510E+00    0.23630E+04
    0.14803E+00    0.22370E+04
    0.15102E+00    0.21252E+04
    0.15407E+00    0.20299E+04
    0.15718E+00    0.19511E+04
    0.16036E+00    0.18878E+04
    0.16360E+00    0.18379E+04
    0.16690E+00    0.17986E+04
    0.17028E+00    0.17666E+04
    0.17371E+00    0.17374E+04
    0.17722E+00    0.17063E+04
    0.18080E+00    0.16688E+04
    0.18446E+00    0.16222E+04
    0.18818E+00    0.15658E+04
    0.19198E+00    0.15007E+04
    0.19586E+00    0.14294E+04
    0.19982E+00    0.13551E+04
    0.20386E+00    0.12816E+04
    0.20797E+00    0.12132E+04
    0.21218E+00    0.11528E+04
    0.21646E+00    0.11023E+04
    0.22083E+00    0.10616E+04
    0.22530E+00    0.10293E+04
    0.22985E+00    0.10029E+04
    0.23449E+00    0.97902E+03
    0.23923E+00    0.95403E+03
    0.24406E+00    0.92527E+03
    0.24899E+00    0.89166E+03
    0.25402E+00    0.85370E+03
    0.25915E+00    0.81297E+03
    0.26439E+00    0.77187E+03
    0.26973E+00    0.73319E+03
    0.27518E+00    0.69912E+03
    0.28074E+00    0.67040E+03
    0.28641E+00    0.64639E+03
    0.29219E+00    0.62561E+03
    0.29810E+00    0.60611E+03
    0.30412E+00    0.58585E+03
    0.31026E+00    0.56361E+03
    0.31653E+00    0.53951E+03
    0.32292E+00    0.51463E+03
    0.32945E+00    0.49036E+03
    0.33610E+00    0.46801E+03
    0.34289E+00    0.44831E+03
    0.34982E+00    0.43101E+03
    0.35689E+00    0.41524E+03
    0.36409E+00    0.39990E+03
    0.37145E+00    0.38413E+03
    0.37895E+00    0.36781E+03
    0.38661E+00    0.35141E+03
    0.39442E+00    0.33560E+03
    0.40239E+00    0.32100E+03
    0.41052E+00    0.30770E+03
    0.41881E+00    0.29539E+03
    0.42727E+00    0.28357E+03
    0.43590E+00    0.27179E+03
    0.44471E+00    0.26005E+03
    0.45369E+00    0.24859E+03
    0.46286E+00    0.23771E+03
    0.47221E+00    0.22756E+03
    0.48174E+00    0.21802E+03
    0.49148E+00    0.20886E+03
    0.50141E+00    0.19992E+03
    0.51153E+00    0.19120E+03
    0.52187E+00    0.18281E+03
    0.53241E+00    0.17486E+03
    0.54317E+00    0.16732E+03
    0.55414E+00    0.16009E+03
    0.56533E+00    0.15313E+03
    0.57675E+00    0.14641E+03
    0.58840E+00    0.13996E+03
    0.60029E+00    0.13382E+03
    0.61242E+00    0.12795E+03
    0.62479E+00    0.12233E+03
    0.63741E+00    0.11694E+03
    0.65029E+00    0.11177E+03
    0.66342E+00    0.10681E+03
    0.67683E+00    0.10207E+03
    0.69050E+00    0.97519E+02
    0.70445E+00    0.93164E+02
    0.71868E+00    0.88995E+02
    0.73320E+00    0.85005E+02
    0.74801E+00    0.81187E+02
    0.76312E+00    0.77534E+02
    0.77854E+00    0.74040E+02
    0.79426E+00    0.70699E+02
    0.81031E+00    0.67503E+02
    0.82668E+00    0.64448E+02
    0.84338E+00    0.61526E+02
    0.86041E+00    0.58732E+02
    0.87780E+00    0.56060E+02
    0.89553E+00    0.53506E+02
    0.91362E+00    0.51065E+02
    0.93208E+00    0.48731E+02
    0.95091E+00    0.46500E+02
    0.97011E+00    0.44368E+02
    0.98971E+00    0.42330E+02
    0.10097E+01    0.40382E+02
    0.10301E+01    0.38521E+02
    0.10509E+01    0.36743E+02
    0.10721E+01    0.35045E+02
    0.10938E+01    0.33422E+02
    0.11159E+01    0.31872E+02
    0.11384E+01    0.30392E+02
    0.11614E+01    0.28979E+02
    0.11849E+01    0.27629E+02
    0.12088E+01    0.26340E+02
    0.12333E+01    0.25110E+02
    0.12582E+01    0.23935E+02
    0.12836E+01    0.22814E+02
    0.13095E+01    0.21744E+02
    0.13360E+01    0.20723E+02
    0.13630E+01    0.19749E+02
    0.13905E+01    0.18819E+02
    0.14186E+01    0.17932E+02
    0.14472E+01    0.17085E+02
    0.14765E+01    0.16278E+02
    0.15063E+01    0.15507E+02
    0.15367E+01    0.14773E+02
    0.15678E+01    0.14072E+02
    0.15994E+01    0.13404E+02
    0.16318E+01    0.12766E+02
    0.16647E+01    0.12158E+02
    0.16984E+01    0.11579E+02
    0.17327E+01    0.11026E+02
    0.17677E+01    0.10499E+02
    0.18034E+01    0.99962E+01
    0.18398E+01    0.95170E+01
    0.18770E+01    0.90602E+01
    0.19149E+01    0.86247E+01
    0.19536E+01    0.82096E+01
    0.19930E+01    0.78140E+01
    0.20333E+01    0.74372E+01
    0.20744E+01    0.70782E+01
    0.21163E+01    0.67363E+01
    0.21590E+01    0.64107E+01
    0.22026E+01    0.61007E+01
    0.22471E+01    0.58056E+01
    0.22925E+01    0.55248E+01
