    0.10000E-03    0.40362E+03
    0.10202E-03    0.41151E+03
    0.10408E-03    0.41955E+03
    0.10618E-03    0.42775E+03
    0.10833E-03    0.43611E+03
    0.11052E-03    0.44463E+03
    0.11275E-03    0.45332E+03
    0.11503E-03    0.46218E+03
    0.11735E-03    0.47122E+03
    0.11972E-03    0.48042E+03
    0.12214E-03    0.48981E+03
    0.12461E-03    0.49938E+03
    0.12712E-03    0.50914E+03
    0.12969E-03    0.51909E+03
    0.13231E-03    0.52923E+03
    0.13499E-03    0.53957E+03
    0.13771E-03    0.55012E+03
    0.14049E-03    0.56086E+03
    0.14333E-03    0.57182E+03
    0.14623E-03    0.58299E+03
    0.14918E-03    0.59438E+03
    0.15220E-03    0.60599E+03
    0.15527E-03    0.61783E+03
    0.15841E-03    0.62990E+03
    0.16161E-03    0.64220E+03
    0.16487E-03    0.65474E+03
    0.16820E-03    0.66753E+03
    0.17160E-03    0.68057E+03
    0.17507E-03    0.69386E+03
    0.17860E-03    0.70741E+03
    0.18221E-03    0.72122E+03
    0.18589E-03    0.73530E+03
    0.18965E-03    0.74966E+03
    0.19348E-03    0.76429E+03
    0.19739E-03    0.77921E+03
    0.20138E-03    0.79442E+03
    0.20544E-03    0.80993E+03
    0.20959E-03    0.82574E+03
    0.21383E-03    0.84185E+03
    0.21815E-03    0.85828E+03
    0.22255E-03    0.87503E+03
    0.22705E-03    0.89210E+03
    0.23164E-03    0.90950E+03
    0.23632E-03    0.92725E+03
    0.24109E-03    0.94533E+03
    0.24596E-03    0.96377E+03
    0.25093E-03    0.98256E+03
    0.25600E-03    0.10017E+04
    0.26117E-03    0.10213E+04
    0.26645E-03    0.10412E+04
    0.27183E-03    0.10615E+04
    0.27732E-03    0.10821E+04
    0.28292E-03    0.11032E+04
    0.28864E-03    0.11247E+04
    0.29447E-03    0.11466E+04
    0.30042E-03    0.11690E+04
    0.30649E-03    0.11917E+04
    0.31268E-03    0.12150E+04
    0.31899E-03    0.12386E+04
    0.32544E-03    0.12627E+04
    0.33201E-03    0.12873E+04
    0.33872E-03    0.13123E+04
    0.34556E-03    0.13379E+04
    0.35254E-03    0.13639E+04
    0.35966E-03    0.13904E+04
    0.36693E-03    0.14175E+04
    0.37434E-03    0.14450E+04
    0.38190E-03    0.14731E+04
    0.38962E-03    0.15017E+04
    0.39749E-03    0.15309E+04
    0.40552E-03    0.15606E+04
    0.41371E-03    0.15909E+04
    0.42207E-03    0.16218E+04
    0.43060E-03    0.16533E+04
    0.43929E-03    0.16854E+04
    0.44817E-03    0.17181E+04
    0.45722E-03    0.17514E+04
    0.46646E-03    0.17853E+04
    0.47588E-03    0.18199E+04
    0.48550E-03    0.18552E+04
    0.49530E-03    0.18911E+04
    0.50531E-03    0.19277E+04
    0.51552E-03    0.19650E+04
    0.52593E-03    0.20030E+04
    0.53656E-03    0.20417E+04
    0.54739E-03    0.20812E+04
    0.55845E-03    0.21214E+04
    0.56973E-03    0.21624E+04
    0.58124E-03    0.22041E+04
    0.59299E-03    0.22466E+04
    0.60496E-03    0.22899E+04
    0.61719E-03    0.23341E+04
    0.62965E-03    0.23790E+04
    0.64237E-03    0.24248E+04
    0.65535E-03    0.24715E+04
    0.66859E-03    0.25190E+04
    0.68210E-03    0.25674E+04
    0.69588E-03    0.26168E+04
    0.70993E-03    0.26670E+04
    0.72427E-03    0.27182E+04
    0.73891E-03    0.27703E+04
    0.75383E-03    0.28233E+04
    0.76906E-03    0.28774E+04
    0.78460E-03    0.29325E+04
    0.80045E-03    0.29885E+04
    0.81662E-03    0.30456E+04
    0.83311E-03    0.31038E+04
    0.84994E-03    0.31630E+04
    0.86711E-03    0.32232E+04
    0.88463E-03    0.32846E+04
    0.90250E-03    0.33471E+04
    0.92073E-03    0.34107E+04
    0.93933E-03    0.34755E+04
    0.95831E-03    0.35415E+04
    0.97767E-03    0.36086E+04
    0.99742E-03    0.36769E+04
    0.10176E-02    0.37465E+04
    0.10381E-02    0.38173E+04
    0.10591E-02    0.38894E+04
    0.10805E-02    0.39627E+04
    0.11023E-02    0.40373E+04
    0.11246E-02    0.41133E+04
    0.11473E-02    0.41906E+04
    0.11705E-02    0.42692E+04
    0.11941E-02    0.43492E+04
    0.12182E-02    0.44306E+04
    0.12429E-02    0.45135E+04
    0.12680E-02    0.45977E+04
    0.12936E-02    0.46834E+04
    0.13197E-02    0.47706E+04
    0.13464E-02    0.48592E+04
    0.13736E-02    0.49494E+04
    0.14013E-02    0.50411E+04
    0.14296E-02    0.51343E+04
    0.14585E-02    0.52291E+04
    0.14880E-02    0.53255E+04
    0.15180E-02    0.54234E+04
    0.15487E-02    0.55230E+04
    0.15800E-02    0.56243E+04
    0.16119E-02    0.57272E+04
    0.16445E-02    0.58317E+04
    0.16777E-02    0.59380E+04
    0.17116E-02    0.60460E+04
    0.17462E-02    0.61557E+04
    0.17814E-02    0.62671E+04
    0.18174E-02    0.63803E+04
    0.18541E-02    0.64953E+04
    0.18916E-02    0.66120E+04
    0.19298E-02    0.67306E+04
    0.19688E-02    0.68510E+04
    0.20086E-02    0.69732E+04
    0.20491E-02    0.70973E+04
    0.20905E-02    0.72232E+04
    0.21328E-02    0.73511E+04
    0.21758E-02    0.74808E+04
    0.22198E-02    0.76124E+04
    0.22646E-02    0.77459E+04
    0.23104E-02    0.78813E+04
    0.23571E-02    0.80187E+04
    0.24047E-02    0.81580E+04
    0.24533E-02    0.82993E+04
    0.25028E-02    0.84425E+04
    0.25534E-02    0.85876E+04
    0.26050E-02    0.87348E+04
    0.26576E-02    0.88839E+04
    0.27113E-02    0.90349E+04
    0.27660E-02    0.91880E+04
    0.28219E-02    0.93430E+04
    0.28789E-02    0.95000E+04
    0.29371E-02    0.96590E+04
    0.29964E-02    0.98199E+04
    0.30569E-02    0.99828E+04
    0.31187E-02    0.10148E+05
    0.31817E-02    0.10314E+05
    0.32460E-02    0.10483E+05
    0.33115E-02    0.10654E+05
    0.33784E-02    0.10827E+05
    0.34467E-02    0.11001E+05
    0.35163E-02    0.11177E+05
    0.35874E-02    0.11356E+05
    0.36598E-02    0.11536E+05
    0.37338E-02    0.11718E+05
    0.38092E-02    0.11902E+05
    0.38861E-02    0.12087E+05
    0.39646E-02    0.12275E+05
    0.40447E-02    0.12464E+05
    0.41264E-02    0.12655E+05
    0.42098E-02    0.12847E+05
    0.42948E-02    0.13041E+05
    0.43816E-02    0.13237E+05
    0.44701E-02    0.13434E+05
    0.45604E-02    0.13633E+05
    0.46525E-02    0.13833E+05
    0.47465E-02    0.14035E+05
    0.48424E-02    0.14238E+05
    0.49402E-02    0.14442E+05
    0.50400E-02    0.14648E+05
    0.51419E-02    0.14854E+05
    0.52457E-02    0.15062E+05
    0.53517E-02    0.15271E+05
    0.54598E-02    0.15481E+05
    0.55701E-02    0.15692E+05
    0.56826E-02    0.15904E+05
    0.57974E-02    0.16116E+05
    0.59145E-02    0.16329E+05
    0.60340E-02    0.16543E+05
    0.61559E-02    0.16757E+05
    0.62803E-02    0.16972E+05
    0.64072E-02    0.17187E+05
    0.65366E-02    0.17402E+05
    0.66686E-02    0.17617E+05
    0.68033E-02    0.17832E+05
    0.69408E-02    0.18047E+05
    0.70810E-02    0.18261E+05
    0.72240E-02    0.18475E+05
    0.73700E-02    0.18689E+05
    0.75189E-02    0.18901E+05
    0.76708E-02    0.19113E+05
    0.78257E-02    0.19324E+05
    0.79838E-02    0.19534E+05
    0.81451E-02    0.19742E+05
    0.83096E-02    0.19949E+05
    0.84775E-02    0.20155E+05
    0.86488E-02    0.20358E+05
    0.88235E-02    0.20560E+05
    0.90017E-02    0.20760E+05
    0.91836E-02    0.20957E+05
    0.93691E-02    0.21152E+05
    0.95583E-02    0.21344E+05
    0.97514E-02    0.21533E+05
    0.99484E-02    0.21719E+05
    0.10149E-01    0.21902E+05
    0.10354E-01    0.22081E+05
    0.10564E-01    0.22256E+05
    0.10777E-01    0.22427E+05
    0.10995E-01    0.22594E+05
    0.11217E-01    0.22757E+05
    0.11443E-01    0.22915E+05
    0.11675E-01    0.23068E+05
    0.11910E-01    0.23215E+05
    0.12151E-01    0.23358E+05
    0.12397E-01    0.23494E+05
    0.12647E-01    0.23625E+05
    0.12902E-01    0.23749E+05
    0.13163E-01    0.23867E+05
    0.13429E-01    0.23978E+05
    0.13700E-01    0.24082E+05
    0.13977E-01    0.24179E+05
    0.14259E-01    0.24268E+05
    0.14547E-01    0.24349E+05
    0.14841E-01    0.24422E+05
    0.15141E-01    0.24487E+05
    0.15447E-01    0.24543E+05
    0.15759E-01    0.24591E+05
    0.16077E-01    0.24629E+05
    0.16402E-01    0.24657E+05
    0.16734E-01    0.24676E+05
    0.17072E-01    0.24685E+05
    0.17416E-01    0.24684E+05
    0.17768E-01    0.24673E+05
    0.18127E-01    0.24651E+05
    0.18493E-01    0.24619E+05
    0.18867E-01    0.24575E+05
    0.19248E-01    0.24521E+05
    0.19637E-01    0.24455E+05
    0.20034E-01    0.24378E+05
    0.20438E-01    0.24289E+05
    0.20851E-01    0.24189E+05
    0.21272E-01    0.24077E+05
    0.21702E-01    0.23954E+05
    0.22141E-01    0.23819E+05
    0.22588E-01    0.23673E+05
    0.23044E-01    0.23515E+05
    0.23510E-01    0.23345E+05
    0.23985E-01    0.23165E+05
    0.24469E-01    0.22973E+05
    0.24964E-01    0.22770E+05
    0.25468E-01    0.22557E+05
    0.25982E-01    0.22333E+05
    0.26507E-01    0.22100E+05
    0.27043E-01    0.21857E+05
    0.27589E-01    0.21604E+05
    0.28146E-01    0.21343E+05
    0.28715E-01    0.21074E+05
    0.29295E-01    0.20797E+05
    0.29887E-01    0.20513E+05
    0.30490E-01    0.20223E+05
    0.31106E-01    0.19927E+05
    0.31735E-01    0.19626E+05
    0.32376E-01    0.19320E+05
    0.33030E-01    0.19012E+05
    0.33697E-01    0.18700E+05
    0.34378E-01    0.18387E+05
    0.35072E-01    0.18072E+05
    0.35781E-01    0.17758E+05
    0.36504E-01    0.17444E+05
    0.37241E-01    0.17131E+05
    0.37993E-01    0.16822E+05
    0.38761E-01    0.16515E+05
    0.39544E-01    0.16213E+05
    0.40343E-01    0.15916E+05
    0.41158E-01    0.15625E+05
    0.41989E-01    0.15340E+05
    0.42838E-01    0.15061E+05
    0.43703E-01    0.14788E+05
    0.44586E-01    0.14523E+05
    0.45486E-01    0.14266E+05
    0.46405E-01    0.14018E+05
    0.47343E-01    0.13781E+05
    0.48299E-01    0.13554E+05
    0.49275E-01    0.13337E+05
    0.50270E-01    0.13131E+05
    0.51286E-01    0.12934E+05
    0.52322E-01    0.12744E+05
    0.53379E-01    0.12562E+05
    0.54457E-01    0.12387E+05
    0.55557E-01    0.12217E+05
    0.56680E-01    0.12052E+05
    0.57825E-01    0.11892E+05
    0.58993E-01    0.11734E+05
    0.60184E-01    0.11579E+05
    0.61400E-01    0.11424E+05
    0.62641E-01    0.11268E+05
    0.63906E-01    0.11111E+05
    0.65197E-01    0.10952E+05
    0.66514E-01    0.10789E+05
    0.67858E-01    0.10621E+05
    0.69229E-01    0.10446E+05
    0.70627E-01    0.10262E+05
    0.72054E-01    0.10068E+05
    0.73510E-01    0.98626E+04
    0.74994E-01    0.96461E+04
    0.76509E-01    0.94183E+04
    0.78055E-01    0.91796E+04
    0.79632E-01    0.89309E+04
    0.81241E-01    0.86739E+04
    0.82882E-01    0.84106E+04
    0.84556E-01    0.81429E+04
    0.86264E-01    0.78736E+04
    0.88007E-01    0.76050E+04
    0.89785E-01    0.73395E+04
    0.91598E-01    0.70795E+04
    0.93449E-01    0.68273E+04
    0.95337E-01    0.65850E+04
    0.97263E-01    0.63547E+04
    0.99227E-01    0.61381E+04
    0.10123E+00    0.59367E+04
    0.10328E+00    0.57517E+04
    0.10536E+00    0.55838E+04
    0.10749E+00    0.54329E+04
    0.10966E+00    0.52986E+04
    0.11188E+00    0.51792E+04
    0.11414E+00    0.50727E+04
    0.11644E+00    0.49764E+04
    0.11880E+00    0.48871E+04
    0.12120E+00    0.48013E+04
    0.12365E+00    0.47157E+04
    0.12614E+00    0.46267E+04
    0.12869E+00    0.45315E+04
    0.13129E+00    0.44278E+04
    0.13394E+00    0.43140E+04
    0.13665E+00    0.41897E+04
    0.13941E+00    0.40553E+04
    0.14223E+00    0.39123E+04
    0.14510E+00    0.37631E+04
    0.14803E+00    0.36103E+04
    0.15102E+00    0.34574E+04
    0.15407E+00    0.33076E+04
    0.15718E+00    0.31646E+04
    0.16036E+00    0.30316E+04
    0.16360E+00    0.29115E+04
    0.16690E+00    0.28057E+04
    0.17028E+00    0.27146E+04
    0.17371E+00    0.26367E+04
    0.17722E+00    0.25695E+04
    0.18080E+00    0.25097E+04
    0.18446E+00    0.24538E+04
    0.18818E+00    0.23984E+04
    0.19198E+00    0.23403E+04
    0.19586E+00    0.22766E+04
    0.19982E+00    0.22057E+04
    0.20386E+00    0.21273E+04
    0.20797E+00    0.20431E+04
    0.21218E+00    0.19558E+04
    0.21646E+00    0.18687E+04
    0.22083E+00    0.17850E+04
    0.22530E+00    0.17076E+04
    0.22985E+00    0.16386E+04
    0.23449E+00    0.15786E+04
    0.23923E+00    0.15269E+04
    0.24406E+00    0.14817E+04
    0.24899E+00    0.14404E+04
    0.25402E+00    0.14000E+04
    0.25915E+00    0.13580E+04
    0.26439E+00    0.13125E+04
    0.26973E+00    0.12632E+04
    0.27518E+00    0.12112E+04
    0.28074E+00    0.11587E+04
    0.28641E+00    0.11080E+04
    0.29219E+00    0.10610E+04
    0.29810E+00    0.10187E+04
    0.30412E+00    0.98145E+03
    0.31026E+00    0.94815E+03
    0.31653E+00    0.91704E+03
    0.32292E+00    0.88626E+03
    0.32945E+00    0.85453E+03
    0.33610E+00    0.82143E+03
    0.34289E+00    0.78751E+03
    0.34982E+00    0.75397E+03
    0.35689E+00    0.72214E+03
    0.36409E+00    0.69287E+03
    0.37145E+00    0.66622E+03
    0.37895E+00    0.64160E+03
    0.38661E+00    0.61805E+03
    0.39442E+00    0.59471E+03
    0.40239E+00    0.57117E+03
    0.41052E+00    0.54758E+03
    0.41881E+00    0.52460E+03
    0.42727E+00    0.50286E+03
    0.43590E+00    0.48255E+03
    0.44471E+00    0.46353E+03
    0.45369E+00    0.44540E+03
    0.46286E+00    0.42767E+03
    0.47221E+00    0.41019E+03
    0.48174E+00    0.39309E+03
    0.49148E+00    0.37666E+03
    0.50141E+00    0.36108E+03
    0.51153E+00    0.34634E+03
    0.52187E+00    0.33223E+03
    0.53241E+00    0.31856E+03
    0.54317E+00    0.30527E+03
    0.55414E+00    0.29242E+03
    0.56533E+00    0.28013E+03
    0.57675E+00    0.26841E+03
    0.58840E+00    0.25720E+03
    0.60029E+00    0.24640E+03
    0.61242E+00    0.23597E+03
    0.62479E+00    0.22594E+03
    0.63741E+00    0.21634E+03
    0.65029E+00    0.20714E+03
    0.66342E+00    0.19832E+03
    0.67683E+00    0.18985E+03
    0.69050E+00    0.18172E+03
    0.70445E+00    0.17391E+03
    0.71868E+00    0.16642E+03
    0.73320E+00    0.15923E+03
    0.74801E+00    0.15234E+03
    0.76312E+00    0.14573E+03
    0.77854E+00    0.13939E+03
    0.79426E+00    0.13331E+03
    0.81031E+00    0.12748E+03
    0.82668E+00    0.12190E+03
    0.84338E+00    0.11655E+03
    0.86041E+00    0.11143E+03
    0.87780E+00    0.10652E+03
    0.89553E+00    0.10182E+03
    0.91362E+00    0.97321E+02
    0.93208E+00    0.93010E+02
    0.95091E+00    0.88881E+02
    0.97011E+00    0.84929E+02
    0.98971E+00    0.81144E+02
    0.10097E+01    0.77522E+02
    0.10301E+01    0.74054E+02
    0.10509E+01    0.70735E+02
    0.10721E+01    0.67559E+02
    0.10938E+01    0.64520E+02
    0.11159E+01    0.61613E+02
    0.11384E+01    0.58831E+02
    0.11614E+01    0.56170E+02
    0.11849E+01    0.53625E+02
    0.12088E+01    0.51191E+02
    0.12333E+01    0.48863E+02
    0.12582E+01    0.46638E+02
    0.12836E+01    0.44510E+02
    0.13095E+01    0.42476E+02
    0.13360E+01    0.40531E+02
    0.13630E+01    0.38673E+02
    0.13905E+01    0.36897E+02
    0.14186E+01    0.35200E+02
    0.14472E+01    0.33579E+02
    0.14765E+01    0.32029E+02
    0.15063E+01    0.30550E+02
    0.15367E+01    0.29136E+02
    0.15678E+01    0.27786E+02
    0.15994E+01    0.26497E+02
    0.16318E+01    0.25265E+02
    0.16647E+01    0.24090E+02
    0.16984E+01    0.22967E+02
    0.17327E+01    0.21895E+02
    0.17677E+01    0.20872E+02
    0.18034E+01    0.19895E+02
    0.18398E+01    0.18963E+02
    0.18770E+01    0.18072E+02
    0.19149E+01    0.17222E+02
    0.19536E+01    0.16411E+02
    0.19930E+01    0.15637E+02
    0.20333E+01    0.14898E+02
    0.20744E+01    0.14193E+02
    0.21163E+01    0.13521E+02
    0.21590E+01    0.12879E+02
    0.22026E+01    0.12268E+02
    0.22471E+01    0.11685E+02
    0.22925E+01    0.11129E+02
    0.23388E+01    0.10599E+02
    0.23861E+01    0.10095E+02
    0.24343E+01    0.96140E+01
