    0.10000E-03    0.24836E+03
    0.10202E-03    0.25321E+03
    0.10408E-03    0.25816E+03
    0.10618E-03    0.26321E+03
    0.10833E-03    0.26836E+03
    0.11052E-03    0.27360E+03
    0.11275E-03    0.27895E+03
    0.11503E-03    0.28440E+03
    0.11735E-03    0.28996E+03
    0.11972E-03    0.29563E+03
    0.12214E-03    0.30141E+03
    0.12461E-03    0.30730E+03
    0.12712E-03    0.31331E+03
    0.12969E-03    0.31943E+03
    0.13231E-03    0.32567E+03
    0.13499E-03    0.33204E+03
    0.13771E-03    0.33853E+03
    0.14049E-03    0.34515E+03
    0.14333E-03    0.35189E+03
    0.14623E-03    0.35877E+03
    0.14918E-03    0.36578E+03
    0.15220E-03    0.37293E+03
    0.15527E-03    0.38022E+03
    0.15841E-03    0.38765E+03
    0.16161E-03    0.39522E+03
    0.16487E-03    0.40295E+03
    0.16820E-03    0.41082E+03
    0.17160E-03    0.41885E+03
    0.17507E-03    0.42703E+03
    0.17860E-03    0.43538E+03
    0.18221E-03    0.44388E+03
    0.18589E-03    0.45256E+03
    0.18965E-03    0.46140E+03
    0.19348E-03    0.47041E+03
    0.19739E-03    0.47960E+03
    0.20138E-03    0.48897E+03
    0.20544E-03    0.49852E+03
    0.20959E-03    0.50826E+03
    0.21383E-03    0.51819E+03
    0.21815E-03    0.52831E+03
    0.22255E-03    0.53863E+03
    0.22705E-03    0.54915E+03
    0.23164E-03    0.55987E+03
    0.23632E-03    0.57080E+03
    0.24109E-03    0.58195E+03
    0.24596E-03    0.59331E+03
    0.25093E-03    0.60490E+03
    0.25600E-03    0.61671E+03
    0.26117E-03    0.62875E+03
    0.26645E-03    0.64102E+03
    0.27183E-03    0.65353E+03
    0.27732E-03    0.66629E+03
    0.28292E-03    0.67929E+03
    0.28864E-03    0.69255E+03
    0.29447E-03    0.70606E+03
    0.30042E-03    0.71984E+03
    0.30649E-03    0.73388E+03
    0.31268E-03    0.74820E+03
    0.31899E-03    0.76279E+03
    0.32544E-03    0.77767E+03
    0.33201E-03    0.79284E+03
    0.33872E-03    0.80830E+03
    0.34556E-03    0.82406E+03
    0.35254E-03    0.84013E+03
    0.35966E-03    0.85650E+03
    0.36693E-03    0.87320E+03
    0.37434E-03    0.89022E+03
    0.38190E-03    0.90756E+03
    0.38962E-03    0.92525E+03
    0.39749E-03    0.94327E+03
    0.40552E-03    0.96165E+03
    0.41371E-03    0.98038E+03
    0.42207E-03    0.99947E+03
    0.43060E-03    0.10189E+04
    0.43929E-03    0.10388E+04
    0.44817E-03    0.10590E+04
    0.45722E-03    0.10796E+04
    0.46646E-03    0.11006E+04
    0.47588E-03    0.11220E+04
    0.48550E-03    0.11438E+04
    0.49530E-03    0.11661E+04
    0.50531E-03    0.11887E+04
    0.51552E-03    0.12118E+04
    0.52593E-03    0.12354E+04
    0.53656E-03    0.12594E+04
    0.54739E-03    0.12838E+04
    0.55845E-03    0.13088E+04
    0.56973E-03    0.13342E+04
    0.58124E-03    0.13601E+04
    0.59299E-03    0.13865E+04
    0.60496E-03    0.14133E+04
    0.61719E-03    0.14408E+04
    0.62965E-03    0.14687E+04
    0.64237E-03    0.14971E+04
    0.65535E-03    0.15261E+04
    0.66859E-03    0.15557E+04
    0.68210E-03    0.15858E+04
    0.69588E-03    0.16165E+04
    0.70993E-03    0.16478E+04
    0.72427E-03    0.16796E+04
    0.73891E-03    0.17121E+04
    0.75383E-03    0.17452E+04
    0.76906E-03    0.17789E+04
    0.78460E-03    0.18132E+04
    0.80045E-03    0.18482E+04
    0.81662E-03    0.18839E+04
    0.83311E-03    0.19202E+04
    0.84994E-03    0.19572E+04
    0.86711E-03    0.19949E+04
    0.88463E-03    0.20333E+04
    0.90250E-03    0.20724E+04
    0.92073E-03    0.21122E+04
    0.93933E-03    0.21528E+04
    0.95831E-03    0.21942E+04
    0.97767E-03    0.22363E+04
    0.99742E-03    0.22792E+04
    0.10176E-02    0.23229E+04
    0.10381E-02    0.23674E+04
    0.10591E-02    0.24127E+04
    0.10805E-02    0.24589E+04
    0.11023E-02    0.25059E+04
    0.11246E-02    0.25538E+04
    0.11473E-02    0.26025E+04
    0.11705E-02    0.26522E+04
    0.11941E-02    0.27027E+04
    0.12182E-02    0.27542E+04
    0.12429E-02    0.28066E+04
    0.12680E-02    0.28600E+04
    0.12936E-02    0.29143E+04
    0.13197E-02    0.29696E+04
    0.13464E-02    0.30259E+04
    0.13736E-02    0.30832E+04
    0.14013E-02    0.31415E+04
    0.14296E-02    0.32009E+04
    0.14585E-02    0.32614E+04
    0.14880E-02    0.33229E+04
    0.15180E-02    0.33855E+04
    0.15487E-02    0.34492E+04
    0.15800E-02    0.35140E+04
    0.16119E-02    0.35800E+04
    0.16445E-02    0.36471E+04
    0.16777E-02    0.37154E+04
    0.17116E-02    0.37849E+04
    0.17462E-02    0.38556E+04
    0.17814E-02    0.39275E+04
    0.18174E-02    0.40006E+04
    0.18541E-02    0.40750E+04
    0.18916E-02    0.41507E+04
    0.19298E-02    0.42276E+04
    0.19688E-02    0.43058E+04
    0.20086E-02    0.43854E+04
    0.20491E-02    0.44663E+04
    0.20905E-02    0.45485E+04
    0.21328E-02    0.46321E+04
    0.21758E-02    0.47171E+04
    0.22198E-02    0.48035E+04
    0.22646E-02    0.48912E+04
    0.23104E-02    0.49805E+04
    0.23571E-02    0.50711E+04
    0.24047E-02    0.51632E+04
    0.24533E-02    0.52568E+04
    0.25028E-02    0.53519E+04
    0.25534E-02    0.54484E+04
    0.26050E-02    0.55465E+04
    0.26576E-02    0.56461E+04
    0.27113E-02    0.57472E+04
    0.27660E-02    0.58499E+04
    0.28219E-02    0.59542E+04
    0.28789E-02    0.60600E+04
    0.29371E-02    0.61674E+04
    0.29964E-02    0.62765E+04
    0.30569E-02    0.63871E+04
    0.31187E-02    0.64993E+04
    0.31817E-02    0.66132E+04
    0.32460E-02    0.67287E+04
    0.33115E-02    0.68459E+04
    0.33784E-02    0.69647E+04
    0.34467E-02    0.70851E+04
    0.35163E-02    0.72073E+04
    0.35874E-02    0.73311E+04
    0.36598E-02    0.74566E+04
    0.37338E-02    0.75837E+04
    0.38092E-02    0.77126E+04
    0.38861E-02    0.78431E+04
    0.39646E-02    0.79753E+04
    0.40447E-02    0.81092E+04
    0.41264E-02    0.82448E+04
    0.42098E-02    0.83820E+04
    0.42948E-02    0.85210E+04
    0.43816E-02    0.86616E+04
    0.44701E-02    0.88038E+04
    0.45604E-02    0.89478E+04
    0.46525E-02    0.90934E+04
    0.47465E-02    0.92406E+04
    0.48424E-02    0.93894E+04
    0.49402E-02    0.95399E+04
    0.50400E-02    0.96919E+04
    0.51419E-02    0.98456E+04
    0.52457E-02    0.10001E+05
    0.53517E-02    0.10158E+05
    0.54598E-02    0.10316E+05
    0.55701E-02    0.10476E+05
    0.56826E-02    0.10637E+05
    0.57974E-02    0.10800E+05
    0.59145E-02    0.10964E+05
    0.60340E-02    0.11129E+05
    0.61559E-02    0.11296E+05
    0.62803E-02    0.11464E+05
    0.64072E-02    0.11633E+05
    0.65366E-02    0.11804E+05
    0.66686E-02    0.11976E+05
    0.68033E-02    0.12149E+05
    0.69408E-02    0.12323E+05
    0.70810E-02    0.12498E+05
    0.72240E-02    0.12674E+05
    0.73700E-02    0.12851E+05
    0.75189E-02    0.13029E+05
    0.76708E-02    0.13207E+05
    0.78257E-02    0.13386E+05
    0.79838E-02    0.13566E+05
    0.81451E-02    0.13746E+05
    0.83096E-02    0.13927E+05
    0.84775E-02    0.14108E+05
    0.86488E-02    0.14290E+05
    0.88235E-02    0.14472E+05
    0.90017E-02    0.14653E+05
    0.91836E-02    0.14835E+05
    0.93691E-02    0.15017E+05
    0.95583E-02    0.15198E+05
    0.97514E-02    0.15380E+05
    0.99484E-02    0.15560E+05
    0.10149E-01    0.15741E+05
    0.10354E-01    0.15920E+05
    0.10564E-01    0.16099E+05
    0.10777E-01    0.16277E+05
    0.10995E-01    0.16454E+05
    0.11217E-01    0.16629E+05
    0.11443E-01    0.16804E+05
    0.11675E-01    0.16976E+05
    0.11910E-01    0.17147E+05
    0.12151E-01    0.17317E+05
    0.12397E-01    0.17484E+05
    0.12647E-01    0.17649E+05
    0.12902E-01    0.17812E+05
    0.13163E-01    0.17972E+05
    0.13429E-01    0.18129E+05
    0.13700E-01    0.18284E+05
    0.13977E-01    0.18435E+05
    0.14259E-01    0.18583E+05
    0.14547E-01    0.18728E+05
    0.14841E-01    0.18869E+05
    0.15141E-01    0.19006E+05
    0.15447E-01    0.19139E+05
    0.15759E-01    0.19268E+05
    0.16077E-01    0.19392E+05
    0.16402E-01    0.19512E+05
    0.16734E-01    0.19626E+05
    0.17072E-01    0.19735E+05
    0.17416E-01    0.19839E+05
    0.17768E-01    0.19937E+05
    0.18127E-01    0.20030E+05
    0.18493E-01    0.20116E+05
    0.18867E-01    0.20196E+05
    0.19248E-01    0.20269E+05
    0.19637E-01    0.20336E+05
    0.20034E-01    0.20396E+05
    0.20438E-01    0.20448E+05
    0.20851E-01    0.20493E+05
    0.21272E-01    0.20531E+05
    0.21702E-01    0.20561E+05
    0.22141E-01    0.20583E+05
    0.22588E-01    0.20597E+05
    0.23044E-01    0.20603E+05
    0.23510E-01    0.20601E+05
    0.23985E-01    0.20590E+05
    0.24469E-01    0.20570E+05
    0.24964E-01    0.20542E+05
    0.25468E-01    0.20505E+05
    0.25982E-01    0.20460E+05
    0.26507E-01    0.20406E+05
    0.27043E-01    0.20342E+05
    0.27589E-01    0.20271E+05
    0.28146E-01    0.20190E+05
    0.28715E-01    0.20101E+05
    0.29295E-01    0.20003E+05
    0.29887E-01    0.19897E+05
    0.30490E-01    0.19782E+05
    0.31106E-01    0.19660E+05
    0.31735E-01    0.19530E+05
    0.32376E-01    0.19392E+05
    0.33030E-01    0.19247E+05
    0.33697E-01    0.19095E+05
    0.34378E-01    0.18936E+05
    0.35072E-01    0.18771E+05
    0.35781E-01    0.18601E+05
    0.36504E-01    0.18425E+05
    0.37241E-01    0.18244E+05
    0.37993E-01    0.18059E+05
    0.38761E-01    0.17870E+05
    0.39544E-01    0.17678E+05
    0.40343E-01    0.17483E+05
    0.41158E-01    0.17286E+05
    0.41989E-01    0.17087E+05
    0.42838E-01    0.16886E+05
    0.43703E-01    0.16685E+05
    0.44586E-01    0.16484E+05
    0.45486E-01    0.16284E+05
    0.46405E-01    0.16084E+05
    0.47343E-01    0.15886E+05
    0.48299E-01    0.15689E+05
    0.49275E-01    0.15496E+05
    0.50270E-01    0.15305E+05
    0.51286E-01    0.15118E+05
    0.52322E-01    0.14935E+05
    0.53379E-01    0.14756E+05
    0.54457E-01    0.14581E+05
    0.55557E-01    0.14410E+05
    0.56680E-01    0.14242E+05
    0.57825E-01    0.14079E+05
    0.58993E-01    0.13918E+05
    0.60184E-01    0.13760E+05
    0.61400E-01    0.13603E+05
    0.62641E-01    0.13448E+05
    0.63906E-01    0.13294E+05
    0.65197E-01    0.13140E+05
    0.66514E-01    0.12985E+05
    0.67858E-01    0.12829E+05
    0.69229E-01    0.12671E+05
    0.70627E-01    0.12510E+05
    0.72054E-01    0.12345E+05
    0.73510E-01    0.12176E+05
    0.74994E-01    0.12002E+05
    0.76509E-01    0.11821E+05
    0.78055E-01    0.11634E+05
    0.79632E-01    0.11439E+05
    0.81241E-01    0.11237E+05
    0.82882E-01    0.11027E+05
    0.84556E-01    0.10808E+05
    0.86264E-01    0.10582E+05
    0.88007E-01    0.10348E+05
    0.89785E-01    0.10108E+05
    0.91598E-01    0.98650E+04
    0.93449E-01    0.96193E+04
    0.95337E-01    0.93723E+04
    0.97263E-01    0.91254E+04
    0.99227E-01    0.88804E+04
    0.10123E+00    0.86391E+04
    0.10328E+00    0.84033E+04
    0.10536E+00    0.81744E+04
    0.10749E+00    0.79541E+04
    0.10966E+00    0.77434E+04
    0.11188E+00    0.75436E+04
    0.11414E+00    0.73555E+04
    0.11644E+00    0.71796E+04
    0.11880E+00    0.70159E+04
    0.12120E+00    0.68640E+04
    0.12365E+00    0.67226E+04
    0.12614E+00    0.65902E+04
    0.12869E+00    0.64646E+04
    0.13129E+00    0.63432E+04
    0.13394E+00    0.62233E+04
    0.13665E+00    0.61023E+04
    0.13941E+00    0.59777E+04
    0.14223E+00    0.58477E+04
    0.14510E+00    0.57109E+04
    0.14803E+00    0.55666E+04
    0.15102E+00    0.54149E+04
    0.15407E+00    0.52567E+04
    0.15718E+00    0.50935E+04
    0.16036E+00    0.49275E+04
    0.16360E+00    0.47610E+04
    0.16690E+00    0.45969E+04
    0.17028E+00    0.44375E+04
    0.17371E+00    0.42852E+04
    0.17722E+00    0.41421E+04
    0.18080E+00    0.40096E+04
    0.18446E+00    0.38886E+04
    0.18818E+00    0.37789E+04
    0.19198E+00    0.36794E+04
    0.19586E+00    0.35879E+04
    0.19982E+00    0.35015E+04
    0.20386E+00    0.34171E+04
    0.20797E+00    0.33320E+04
    0.21218E+00    0.32438E+04
    0.21646E+00    0.31512E+04
    0.22083E+00    0.30535E+04
    0.22530E+00    0.29512E+04
    0.22985E+00    0.28459E+04
    0.23449E+00    0.27401E+04
    0.23923E+00    0.26370E+04
    0.24406E+00    0.25390E+04
    0.24899E+00    0.24480E+04
    0.25402E+00    0.23647E+04
    0.25915E+00    0.22889E+04
    0.26439E+00    0.22196E+04
    0.26973E+00    0.21551E+04
    0.27518E+00    0.20929E+04
    0.28074E+00    0.20308E+04
    0.28641E+00    0.19670E+04
    0.29219E+00    0.19008E+04
    0.29810E+00    0.18326E+04
    0.30412E+00    0.17636E+04
    0.31026E+00    0.16959E+04
    0.31653E+00    0.16314E+04
    0.32292E+00    0.15715E+04
    0.32945E+00    0.15163E+04
    0.33610E+00    0.14651E+04
    0.34289E+00    0.14170E+04
    0.34982E+00    0.13703E+04
    0.35689E+00    0.13238E+04
    0.36409E+00    0.12766E+04
    0.37145E+00    0.12290E+04
    0.37895E+00    0.11819E+04
    0.38661E+00    0.11363E+04
    0.39442E+00    0.10931E+04
    0.40239E+00    0.10529E+04
    0.41052E+00    0.10150E+04
    0.41881E+00    0.97874E+03
    0.42727E+00    0.94337E+03
    0.43590E+00    0.90839E+03
    0.44471E+00    0.87373E+03
    0.45369E+00    0.83976E+03
    0.46286E+00    0.80707E+03
    0.47221E+00    0.77606E+03
    0.48174E+00    0.74667E+03
    0.49148E+00    0.71852E+03
    0.50141E+00    0.69122E+03
    0.51153E+00    0.66455E+03
    0.52187E+00    0.63851E+03
    0.53241E+00    0.61330E+03
    0.54317E+00    0.58913E+03
    0.55414E+00    0.56608E+03
    0.56533E+00    0.54395E+03
    0.57675E+00    0.52256E+03
    0.58840E+00    0.50183E+03
    0.60029E+00    0.48176E+03
    0.61242E+00    0.46242E+03
    0.62479E+00    0.44389E+03
    0.63741E+00    0.42609E+03
    0.65029E+00    0.40894E+03
    0.66342E+00    0.39240E+03
    0.67683E+00    0.37644E+03
    0.69050E+00    0.36109E+03
    0.70445E+00    0.34635E+03
    0.71868E+00    0.33218E+03
    0.73320E+00    0.31854E+03
    0.74801E+00    0.30541E+03
    0.76312E+00    0.29278E+03
    0.77854E+00    0.28065E+03
    0.79426E+00    0.26898E+03
    0.81031E+00    0.25777E+03
    0.82668E+00    0.24700E+03
    0.84338E+00    0.23665E+03
    0.86041E+00    0.22671E+03
    0.87780E+00    0.21716E+03
    0.89553E+00    0.20799E+03
    0.91362E+00    0.19918E+03
    0.93208E+00    0.19073E+03
    0.95091E+00    0.18261E+03
    0.97011E+00    0.17482E+03
    0.98971E+00    0.16735E+03
    0.10097E+01    0.16017E+03
    0.10301E+01    0.15329E+03
    0.10509E+01    0.14669E+03
    0.10721E+01    0.14035E+03
    0.10938E+01    0.13428E+03
    0.11159E+01    0.12846E+03
    0.11384E+01    0.12287E+03
    0.11614E+01    0.11752E+03
    0.11849E+01    0.11239E+03
    0.12088E+01    0.10747E+03
    0.12333E+01    0.10275E+03
    0.12582E+01    0.98237E+02
    0.12836E+01    0.93911E+02
    0.13095E+01    0.89766E+02
    0.13360E+01    0.85797E+02
    0.13630E+01    0.81995E+02
    0.13905E+01    0.78356E+02
    0.14186E+01    0.74871E+02
    0.14472E+01    0.71535E+02
    0.14765E+01    0.68341E+02
    0.15063E+01    0.65285E+02
    0.15367E+01    0.62360E+02
    0.15678E+01    0.59561E+02
    0.15994E+01    0.56882E+02
    0.16318E+01    0.54319E+02
    0.16647E+01    0.51867E+02
    0.16984E+01    0.49520E+02
    0.17327E+01    0.47275E+02
    0.17677E+01    0.45128E+02
    0.18034E+01    0.43074E+02
    0.18398E+01    0.41109E+02
    0.18770E+01    0.39230E+02
    0.19149E+01    0.37434E+02
    0.19536E+01    0.35717E+02
    0.19930E+01    0.34077E+02
    0.20333E+01    0.32511E+02
    0.20744E+01    0.31015E+02
    0.21163E+01    0.29586E+02
    0.21590E+01    0.28223E+02
    0.22026E+01    0.26922E+02
    0.22471E+01    0.25680E+02
