    0.10000E-03    0.42259E+03
    0.10202E-03    0.43085E+03
    0.10408E-03    0.43927E+03
    0.10618E-03    0.44786E+03
    0.10833E-03    0.45661E+03
    0.11052E-03    0.46553E+03
    0.11275E-03    0.47463E+03
    0.11503E-03    0.48391E+03
    0.11735E-03    0.49336E+03
    0.11972E-03    0.50300E+03
    0.12214E-03    0.51283E+03
    0.12461E-03    0.52285E+03
    0.12712E-03    0.53307E+03
    0.12969E-03    0.54348E+03
    0.13231E-03    0.55410E+03
    0.13499E-03    0.56492E+03
    0.13771E-03    0.57596E+03
    0.14049E-03    0.58721E+03
    0.14333E-03    0.59868E+03
    0.14623E-03    0.61038E+03
    0.14918E-03    0.62230E+03
    0.15220E-03    0.63445E+03
    0.15527E-03    0.64684E+03
    0.15841E-03    0.65948E+03
    0.16161E-03    0.67236E+03
    0.16487E-03    0.68549E+03
    0.16820E-03    0.69887E+03
    0.17160E-03    0.71252E+03
    0.17507E-03    0.72643E+03
    0.17860E-03    0.74061E+03
    0.18221E-03    0.75507E+03
    0.18589E-03    0.76981E+03
    0.18965E-03    0.78483E+03
    0.19348E-03    0.80015E+03
    0.19739E-03    0.81577E+03
    0.20138E-03    0.83169E+03
    0.20544E-03    0.84792E+03
    0.20959E-03    0.86446E+03
    0.21383E-03    0.88133E+03
    0.21815E-03    0.89852E+03
    0.22255E-03    0.91604E+03
    0.22705E-03    0.93391E+03
    0.23164E-03    0.95212E+03
    0.23632E-03    0.97069E+03
    0.24109E-03    0.98962E+03
    0.24596E-03    0.10089E+04
    0.25093E-03    0.10286E+04
    0.25600E-03    0.10486E+04
    0.26117E-03    0.10691E+04
    0.26645E-03    0.10899E+04
    0.27183E-03    0.11111E+04
    0.27732E-03    0.11328E+04
    0.28292E-03    0.11548E+04
    0.28864E-03    0.11773E+04
    0.29447E-03    0.12003E+04
    0.30042E-03    0.12236E+04
    0.30649E-03    0.12474E+04
    0.31268E-03    0.12717E+04
    0.31899E-03    0.12965E+04
    0.32544E-03    0.13217E+04
    0.33201E-03    0.13474E+04
    0.33872E-03    0.13736E+04
    0.34556E-03    0.14003E+04
    0.35254E-03    0.14275E+04
    0.35966E-03    0.14553E+04
    0.36693E-03    0.14835E+04
    0.37434E-03    0.15123E+04
    0.38190E-03    0.15417E+04
    0.38962E-03    0.15716E+04
    0.39749E-03    0.16021E+04
    0.40552E-03    0.16332E+04
    0.41371E-03    0.16649E+04
    0.42207E-03    0.16972E+04
    0.43060E-03    0.17301E+04
    0.43929E-03    0.17636E+04
    0.44817E-03    0.17978E+04
    0.45722E-03    0.18326E+04
    0.46646E-03    0.18681E+04
    0.47588E-03    0.19042E+04
    0.48550E-03    0.19411E+04
    0.49530E-03    0.19786E+04
    0.50531E-03    0.20168E+04
    0.51552E-03    0.20558E+04
    0.52593E-03    0.20955E+04
    0.53656E-03    0.21360E+04
    0.54739E-03    0.21772E+04
    0.55845E-03    0.22191E+04
    0.56973E-03    0.22619E+04
    0.58124E-03    0.23055E+04
    0.59299E-03    0.23499E+04
    0.60496E-03    0.23951E+04
    0.61719E-03    0.24412E+04
    0.62965E-03    0.24881E+04
    0.64237E-03    0.25359E+04
    0.65535E-03    0.25846E+04
    0.66859E-03    0.26342E+04
    0.68210E-03    0.26847E+04
    0.69588E-03    0.27361E+04
    0.70993E-03    0.27885E+04
    0.72427E-03    0.28419E+04
    0.73891E-03    0.28962E+04
    0.75383E-03    0.29516E+04
    0.76906E-03    0.30079E+04
    0.78460E-03    0.30653E+04
    0.80045E-03    0.31237E+04
    0.81662E-03    0.31832E+04
    0.83311E-03    0.32438E+04
    0.84994E-03    0.33054E+04
    0.86711E-03    0.33682E+04
    0.88463E-03    0.34321E+04
    0.90250E-03    0.34972E+04
    0.92073E-03    0.35634E+04
    0.93933E-03    0.36309E+04
    0.95831E-03    0.36995E+04
    0.97767E-03    0.37693E+04
    0.99742E-03    0.38404E+04
    0.10176E-02    0.39127E+04
    0.10381E-02    0.39863E+04
    0.10591E-02    0.40612E+04
    0.10805E-02    0.41375E+04
    0.11023E-02    0.42150E+04
    0.11246E-02    0.42939E+04
    0.11473E-02    0.43742E+04
    0.11705E-02    0.44558E+04
    0.11941E-02    0.45389E+04
    0.12182E-02    0.46233E+04
    0.12429E-02    0.47092E+04
    0.12680E-02    0.47966E+04
    0.12936E-02    0.48855E+04
    0.13197E-02    0.49758E+04
    0.13464E-02    0.50677E+04
    0.13736E-02    0.51611E+04
    0.14013E-02    0.52560E+04
    0.14296E-02    0.53526E+04
    0.14585E-02    0.54507E+04
    0.14880E-02    0.55504E+04
    0.15180E-02    0.56517E+04
    0.15487E-02    0.57547E+04
    0.15800E-02    0.58593E+04
    0.16119E-02    0.59656E+04
    0.16445E-02    0.60736E+04
    0.16777E-02    0.61833E+04
    0.17116E-02    0.62947E+04
    0.17462E-02    0.64078E+04
    0.17814E-02    0.65227E+04
    0.18174E-02    0.66394E+04
    0.18541E-02    0.67578E+04
    0.18916E-02    0.68781E+04
    0.19298E-02    0.70001E+04
    0.19688E-02    0.71239E+04
    0.20086E-02    0.72496E+04
    0.20491E-02    0.73771E+04
    0.20905E-02    0.75065E+04
    0.21328E-02    0.76377E+04
    0.21758E-02    0.77708E+04
    0.22198E-02    0.79058E+04
    0.22646E-02    0.80426E+04
    0.23104E-02    0.81814E+04
    0.23571E-02    0.83220E+04
    0.24047E-02    0.84645E+04
    0.24533E-02    0.86089E+04
    0.25028E-02    0.87553E+04
    0.25534E-02    0.89035E+04
    0.26050E-02    0.90537E+04
    0.26576E-02    0.92057E+04
    0.27113E-02    0.93597E+04
    0.27660E-02    0.95156E+04
    0.28219E-02    0.96733E+04
    0.28789E-02    0.98330E+04
    0.29371E-02    0.99945E+04
    0.29964E-02    0.10158E+05
    0.30569E-02    0.10323E+05
    0.31187E-02    0.10490E+05
    0.31817E-02    0.10659E+05
    0.32460E-02    0.10830E+05
    0.33115E-02    0.11003E+05
    0.33784E-02    0.11177E+05
    0.34467E-02    0.11353E+05
    0.35163E-02    0.11531E+05
    0.35874E-02    0.11711E+05
    0.36598E-02    0.11892E+05
    0.37338E-02    0.12075E+05
    0.38092E-02    0.12260E+05
    0.38861E-02    0.12446E+05
    0.39646E-02    0.12634E+05
    0.40447E-02    0.12824E+05
    0.41264E-02    0.13014E+05
    0.42098E-02    0.13207E+05
    0.42948E-02    0.13401E+05
    0.43816E-02    0.13596E+05
    0.44701E-02    0.13792E+05
    0.45604E-02    0.13990E+05
    0.46525E-02    0.14189E+05
    0.47465E-02    0.14389E+05
    0.48424E-02    0.14590E+05
    0.49402E-02    0.14792E+05
    0.50400E-02    0.14995E+05
    0.51419E-02    0.15199E+05
    0.52457E-02    0.15404E+05
    0.53517E-02    0.15609E+05
    0.54598E-02    0.15816E+05
    0.55701E-02    0.16023E+05
    0.56826E-02    0.16230E+05
    0.57974E-02    0.16438E+05
    0.59145E-02    0.16646E+05
    0.60340E-02    0.16854E+05
    0.61559E-02    0.17062E+05
    0.62803E-02    0.17270E+05
    0.64072E-02    0.17477E+05
    0.65366E-02    0.17685E+05
    0.66686E-02    0.17892E+05
    0.68033E-02    0.18099E+05
    0.69408E-02    0.18305E+05
    0.70810E-02    0.18510E+05
    0.72240E-02    0.18715E+05
    0.73700E-02    0.18918E+05
    0.75189E-02    0.19120E+05
    0.76708E-02    0.19320E+05
    0.78257E-02    0.19519E+05
    0.79838E-02    0.19716E+05
    0.81451E-02    0.19912E+05
    0.83096E-02    0.20105E+05
    0.84775E-02    0.20297E+05
    0.86488E-02    0.20486E+05
    0.88235E-02    0.20672E+05
    0.90017E-02    0.20856E+05
    0.91836E-02    0.21037E+05
    0.93691E-02    0.21214E+05
    0.95583E-02    0.21389E+05
    0.97514E-02    0.21559E+05
    0.99484E-02    0.21726E+05
    0.10149E-01    0.21889E+05
    0.10354E-01    0.22048E+05
    0.10564E-01    0.22202E+05
    0.10777E-01    0.22352E+05
    0.10995E-01    0.22496E+05
    0.11217E-01    0.22636E+05
    0.11443E-01    0.22770E+05
    0.11675E-01    0.22898E+05
    0.11910E-01    0.23021E+05
    0.12151E-01    0.23137E+05
    0.12397E-01    0.23247E+05
    0.12647E-01    0.23351E+05
    0.12902E-01    0.23447E+05
    0.13163E-01    0.23536E+05
    0.13429E-01    0.23618E+05
    0.13700E-01    0.23692E+05
    0.13977E-01    0.23758E+05
    0.14259E-01    0.23816E+05
    0.14547E-01    0.23866E+05
    0.14841E-01    0.23907E+05
    0.15141E-01    0.23938E+05
    0.15447E-01    0.23961E+05
    0.15759E-01    0.23974E+05
    0.16077E-01    0.23977E+05
    0.16402E-01    0.23971E+05
    0.16734E-01    0.23954E+05
    0.17072E-01    0.23927E+05
    0.17416E-01    0.23890E+05
    0.17768E-01    0.23842E+05
    0.18127E-01    0.23782E+05
    0.18493E-01    0.23712E+05
    0.18867E-01    0.23631E+05
    0.19248E-01    0.23539E+05
    0.19637E-01    0.23435E+05
    0.20034E-01    0.23319E+05
    0.20438E-01    0.23193E+05
    0.20851E-01    0.23055E+05
    0.21272E-01    0.22905E+05
    0.21702E-01    0.22744E+05
    0.22141E-01    0.22571E+05
    0.22588E-01    0.22388E+05
    0.23044E-01    0.22193E+05
    0.23510E-01    0.21988E+05
    0.23985E-01    0.21772E+05
    0.24469E-01    0.21545E+05
    0.24964E-01    0.21309E+05
    0.25468E-01    0.21062E+05
    0.25982E-01    0.20807E+05
    0.26507E-01    0.20542E+05
    0.27043E-01    0.20269E+05
    0.27589E-01    0.19988E+05
    0.28146E-01    0.19700E+05
    0.28715E-01    0.19405E+05
    0.29295E-01    0.19104E+05
    0.29887E-01    0.18798E+05
    0.30490E-01    0.18487E+05
    0.31106E-01    0.18172E+05
    0.31735E-01    0.17854E+05
    0.32376E-01    0.17534E+05
    0.33030E-01    0.17213E+05
    0.33697E-01    0.16890E+05
    0.34378E-01    0.16568E+05
    0.35072E-01    0.16247E+05
    0.35781E-01    0.15928E+05
    0.36504E-01    0.15612E+05
    0.37241E-01    0.15300E+05
    0.37993E-01    0.14992E+05
    0.38761E-01    0.14690E+05
    0.39544E-01    0.14395E+05
    0.40343E-01    0.14106E+05
    0.41158E-01    0.13824E+05
    0.41989E-01    0.13550E+05
    0.42838E-01    0.13284E+05
    0.43703E-01    0.13026E+05
    0.44586E-01    0.12777E+05
    0.45486E-01    0.12539E+05
    0.46405E-01    0.12311E+05
    0.47343E-01    0.12096E+05
    0.48299E-01    0.11891E+05
    0.49275E-01    0.11698E+05
    0.50270E-01    0.11513E+05
    0.51286E-01    0.11338E+05
    0.52322E-01    0.11170E+05
    0.53379E-01    0.11009E+05
    0.54457E-01    0.10854E+05
    0.55557E-01    0.10705E+05
    0.56680E-01    0.10560E+05
    0.57825E-01    0.10418E+05
    0.58993E-01    0.10279E+05
    0.60184E-01    0.10142E+05
    0.61400E-01    0.10005E+05
    0.62641E-01    0.98676E+04
    0.63906E-01    0.97268E+04
    0.65197E-01    0.95816E+04
    0.66514E-01    0.94301E+04
    0.67858E-01    0.92709E+04
    0.69229E-01    0.91023E+04
    0.70627E-01    0.89234E+04
    0.72054E-01    0.87336E+04
    0.73510E-01    0.85324E+04
    0.74994E-01    0.83200E+04
    0.76509E-01    0.80972E+04
    0.78055E-01    0.78649E+04
    0.79632E-01    0.76248E+04
    0.81241E-01    0.73790E+04
    0.82882E-01    0.71293E+04
    0.84556E-01    0.68782E+04
    0.86264E-01    0.66280E+04
    0.88007E-01    0.63808E+04
    0.89785E-01    0.61389E+04
    0.91598E-01    0.59046E+04
    0.93449E-01    0.56800E+04
    0.95337E-01    0.54674E+04
    0.97263E-01    0.52684E+04
    0.99227E-01    0.50848E+04
    0.10123E+00    0.49180E+04
    0.10328E+00    0.47685E+04
    0.10536E+00    0.46361E+04
    0.10749E+00    0.45203E+04
    0.10966E+00    0.44191E+04
    0.11188E+00    0.43305E+04
    0.11414E+00    0.42514E+04
    0.11644E+00    0.41786E+04
    0.11880E+00    0.41088E+04
    0.12120E+00    0.40386E+04
    0.12365E+00    0.39648E+04
    0.12614E+00    0.38848E+04
    0.12869E+00    0.37963E+04
    0.13129E+00    0.36981E+04
    0.13394E+00    0.35895E+04
    0.13665E+00    0.34710E+04
    0.13941E+00    0.33438E+04
    0.14223E+00    0.32099E+04
    0.14510E+00    0.30721E+04
    0.14803E+00    0.29337E+04
    0.15102E+00    0.27981E+04
    0.15407E+00    0.26694E+04
    0.15718E+00    0.25509E+04
    0.16036E+00    0.24451E+04
    0.16360E+00    0.23534E+04
    0.16690E+00    0.22756E+04
    0.17028E+00    0.22100E+04
    0.17371E+00    0.21543E+04
    0.17722E+00    0.21055E+04
    0.18080E+00    0.20607E+04
    0.18446E+00    0.20165E+04
    0.18818E+00    0.19695E+04
    0.19198E+00    0.19167E+04
    0.19586E+00    0.18564E+04
    0.19982E+00    0.17885E+04
    0.20386E+00    0.17149E+04
    0.20797E+00    0.16383E+04
    0.21218E+00    0.15618E+04
    0.21646E+00    0.14885E+04
    0.22083E+00    0.14210E+04
    0.22530E+00    0.13613E+04
    0.22985E+00    0.13102E+04
    0.23449E+00    0.12671E+04
    0.23923E+00    0.12302E+04
    0.24406E+00    0.11968E+04
    0.24899E+00    0.11641E+04
    0.25402E+00    0.11295E+04
    0.25915E+00    0.10913E+04
    0.26439E+00    0.10495E+04
    0.26973E+00    0.10051E+04
    0.27518E+00    0.96003E+03
    0.28074E+00    0.91633E+03
    0.28641E+00    0.87603E+03
    0.29219E+00    0.84038E+03
    0.29810E+00    0.80937E+03
    0.30412E+00    0.78190E+03
    0.31026E+00    0.75638E+03
    0.31653E+00    0.73116E+03
    0.32292E+00    0.70492E+03
    0.32945E+00    0.67716E+03
    0.33610E+00    0.64849E+03
    0.34289E+00    0.62015E+03
    0.34982E+00    0.59333E+03
    0.35689E+00    0.56878E+03
    0.36409E+00    0.54664E+03
    0.37145E+00    0.52638E+03
    0.37895E+00    0.50702E+03
    0.38661E+00    0.48776E+03
    0.39442E+00    0.46821E+03
    0.40239E+00    0.44853E+03
    0.41052E+00    0.42935E+03
    0.41881E+00    0.41123E+03
    0.42727E+00    0.39441E+03
    0.43590E+00    0.37874E+03
    0.44471E+00    0.36382E+03
    0.45369E+00    0.34922E+03
    0.46286E+00    0.33477E+03
    0.47221E+00    0.32062E+03
    0.48174E+00    0.30702E+03
    0.49148E+00    0.29418E+03
    0.50141E+00    0.28205E+03
    0.51153E+00    0.27045E+03
    0.52187E+00    0.25923E+03
    0.53241E+00    0.24828E+03
    0.54317E+00    0.23772E+03
    0.55414E+00    0.22761E+03
    0.56533E+00    0.21799E+03
    0.57675E+00    0.20883E+03
    0.58840E+00    0.19996E+03
    0.60029E+00    0.19141E+03
    0.61242E+00    0.18319E+03
    0.62479E+00    0.17533E+03
    0.63741E+00    0.16781E+03
    0.65029E+00    0.16060E+03
    0.66342E+00    0.15367E+03
    0.67683E+00    0.14703E+03
    0.69050E+00    0.14066E+03
    0.70445E+00    0.13454E+03
    0.71868E+00    0.12868E+03
    0.73320E+00    0.12306E+03
    0.74801E+00    0.11768E+03
    0.76312E+00    0.11252E+03
    0.77854E+00    0.10757E+03
    0.79426E+00    0.10283E+03
    0.81031E+00    0.98294E+02
    0.82668E+00    0.93948E+02
    0.84338E+00    0.89786E+02
    0.86041E+00    0.85801E+02
    0.87780E+00    0.81986E+02
    0.89553E+00    0.78333E+02
    0.91362E+00    0.74837E+02
    0.93208E+00    0.71490E+02
    0.95091E+00    0.68288E+02
    0.97011E+00    0.65223E+02
    0.98971E+00    0.62290E+02
    0.10097E+01    0.59484E+02
    0.10301E+01    0.56799E+02
    0.10509E+01    0.54231E+02
    0.10721E+01    0.51775E+02
    0.10938E+01    0.49426E+02
    0.11159E+01    0.47179E+02
    0.11384E+01    0.45031E+02
    0.11614E+01    0.42977E+02
    0.11849E+01    0.41014E+02
    0.12088E+01    0.39137E+02
    0.12333E+01    0.37344E+02
    0.12582E+01    0.35629E+02
    0.12836E+01    0.33991E+02
    0.13095E+01    0.32425E+02
    0.13360E+01    0.30930E+02
    0.13630E+01    0.29501E+02
    0.13905E+01    0.28136E+02
    0.14186E+01    0.26833E+02
    0.14472E+01    0.25588E+02
    0.14765E+01    0.24399E+02
    0.15063E+01    0.23263E+02
    0.15367E+01    0.22179E+02
    0.15678E+01    0.21145E+02
    0.15994E+01    0.20157E+02
    0.16318E+01    0.19214E+02
    0.16647E+01    0.18314E+02
    0.16984E+01    0.17454E+02
    0.17327E+01    0.16634E+02
    0.17677E+01    0.15852E+02
    0.18034E+01    0.15105E+02
    0.18398E+01    0.14392E+02
    0.18770E+01    0.13712E+02
    0.19149E+01    0.13063E+02
    0.19536E+01    0.12444E+02
    0.19930E+01    0.11853E+02
    0.20333E+01    0.11289E+02
    0.20744E+01    0.10752E+02
    0.21163E+01    0.10239E+02
    0.21590E+01    0.97509E+01
    0.22026E+01    0.92854E+01
    0.22471E+01    0.88418E+01
    0.22925E+01    0.84191E+01
    0.23388E+01    0.80165E+01
    0.23861E+01    0.76331E+01
