    0.10000E-03    0.80281E+03
    0.10202E-03    0.81849E+03
    0.10408E-03    0.83448E+03
    0.10618E-03    0.85078E+03
    0.10833E-03    0.86739E+03
    0.11052E-03    0.88434E+03
    0.11275E-03    0.90161E+03
    0.11503E-03    0.91921E+03
    0.11735E-03    0.93716E+03
    0.11972E-03    0.95546E+03
    0.12214E-03    0.97411E+03
    0.12461E-03    0.99313E+03
    0.12712E-03    0.10125E+04
    0.12969E-03    0.10323E+04
    0.13231E-03    0.10524E+04
    0.13499E-03    0.10730E+04
    0.13771E-03    0.10939E+04
    0.14049E-03    0.11153E+04
    0.14333E-03    0.11370E+04
    0.14623E-03    0.11592E+04
    0.14918E-03    0.11818E+04
    0.15220E-03    0.12049E+04
    0.15527E-03    0.12284E+04
    0.15841E-03    0.12523E+04
    0.16161E-03    0.12768E+04
    0.16487E-03    0.13017E+04
    0.16820E-03    0.13270E+04
    0.17160E-03    0.13529E+04
    0.17507E-03    0.13793E+04
    0.17860E-03    0.14062E+04
    0.18221E-03    0.14336E+04
    0.18589E-03    0.14615E+04
    0.18965E-03    0.14900E+04
    0.19348E-03    0.15190E+04
    0.19739E-03    0.15486E+04
    0.20138E-03    0.15788E+04
    0.20544E-03    0.16095E+04
    0.20959E-03    0.16408E+04
    0.21383E-03    0.16728E+04
    0.21815E-03    0.17053E+04
    0.22255E-03    0.17385E+04
    0.22705E-03    0.17723E+04
    0.23164E-03    0.18068E+04
    0.23632E-03    0.18419E+04
    0.24109E-03    0.18778E+04
    0.24596E-03    0.19143E+04
    0.25093E-03    0.19515E+04
    0.25600E-03    0.19894E+04
    0.26117E-03    0.20280E+04
    0.26645E-03    0.20674E+04
    0.27183E-03    0.21075E+04
    0.27732E-03    0.21484E+04
    0.28292E-03    0.21901E+04
    0.28864E-03    0.22326E+04
    0.29447E-03    0.22759E+04
    0.30042E-03    0.23200E+04
    0.30649E-03    0.23649E+04
    0.31268E-03    0.24107E+04
    0.31899E-03    0.24574E+04
    0.32544E-03    0.25050E+04
    0.33201E-03    0.25534E+04
    0.33872E-03    0.26028E+04
    0.34556E-03    0.26532E+04
    0.35254E-03    0.27044E+04
    0.35966E-03    0.27567E+04
    0.36693E-03    0.28099E+04
    0.37434E-03    0.28641E+04
    0.38190E-03    0.29193E+04
    0.38962E-03    0.29756E+04
    0.39749E-03    0.30330E+04
    0.40552E-03    0.30914E+04
    0.41371E-03    0.31509E+04
    0.42207E-03    0.32115E+04
    0.43060E-03    0.32732E+04
    0.43929E-03    0.33361E+04
    0.44817E-03    0.34001E+04
    0.45722E-03    0.34654E+04
    0.46646E-03    0.35318E+04
    0.47588E-03    0.35995E+04
    0.48550E-03    0.36684E+04
    0.49530E-03    0.37386E+04
    0.50531E-03    0.38101E+04
    0.51552E-03    0.38829E+04
    0.52593E-03    0.39570E+04
    0.53656E-03    0.40324E+04
    0.54739E-03    0.41093E+04
    0.55845E-03    0.41875E+04
    0.56973E-03    0.42672E+04
    0.58124E-03    0.43482E+04
    0.59299E-03    0.44308E+04
    0.60496E-03    0.45148E+04
    0.61719E-03    0.46003E+04
    0.62965E-03    0.46874E+04
    0.64237E-03    0.47760E+04
    0.65535E-03    0.48662E+04
    0.66859E-03    0.49580E+04
    0.68210E-03    0.50514E+04
    0.69588E-03    0.51465E+04
    0.70993E-03    0.52432E+04
    0.72427E-03    0.53416E+04
    0.73891E-03    0.54417E+04
    0.75383E-03    0.55436E+04
    0.76906E-03    0.56472E+04
    0.78460E-03    0.57526E+04
    0.80045E-03    0.58598E+04
    0.81662E-03    0.59689E+04
    0.83311E-03    0.60798E+04
    0.84994E-03    0.61926E+04
    0.86711E-03    0.63073E+04
    0.88463E-03    0.64239E+04
    0.90250E-03    0.65425E+04
    0.92073E-03    0.66630E+04
    0.93933E-03    0.67856E+04
    0.95831E-03    0.69101E+04
    0.97767E-03    0.70367E+04
    0.99742E-03    0.71654E+04
    0.10176E-02    0.72961E+04
    0.10381E-02    0.74290E+04
    0.10591E-02    0.75640E+04
    0.10805E-02    0.77011E+04
    0.11023E-02    0.78404E+04
    0.11246E-02    0.79819E+04
    0.11473E-02    0.81256E+04
    0.11705E-02    0.82716E+04
    0.11941E-02    0.84197E+04
    0.12182E-02    0.85702E+04
    0.12429E-02    0.87229E+04
    0.12680E-02    0.88779E+04
    0.12936E-02    0.90352E+04
    0.13197E-02    0.91949E+04
    0.13464E-02    0.93569E+04
    0.13736E-02    0.95212E+04
    0.14013E-02    0.96879E+04
    0.14296E-02    0.98570E+04
    0.14585E-02    0.10029E+05
    0.14880E-02    0.10202E+05
    0.15180E-02    0.10379E+05
    0.15487E-02    0.10557E+05
    0.15800E-02    0.10738E+05
    0.16119E-02    0.10922E+05
    0.16445E-02    0.11108E+05
    0.16777E-02    0.11296E+05
    0.17116E-02    0.11487E+05
    0.17462E-02    0.11680E+05
    0.17814E-02    0.11876E+05
    0.18174E-02    0.12074E+05
    0.18541E-02    0.12274E+05
    0.18916E-02    0.12477E+05
    0.19298E-02    0.12682E+05
    0.19688E-02    0.12890E+05
    0.20086E-02    0.13100E+05
    0.20491E-02    0.13312E+05
    0.20905E-02    0.13527E+05
    0.21328E-02    0.13744E+05
    0.21758E-02    0.13963E+05
    0.22198E-02    0.14184E+05
    0.22646E-02    0.14408E+05
    0.23104E-02    0.14634E+05
    0.23571E-02    0.14862E+05
    0.24047E-02    0.15092E+05
    0.24533E-02    0.15324E+05
    0.25028E-02    0.15559E+05
    0.25534E-02    0.15795E+05
    0.26050E-02    0.16033E+05
    0.26576E-02    0.16274E+05
    0.27113E-02    0.16516E+05
    0.27660E-02    0.16760E+05
    0.28219E-02    0.17006E+05
    0.28789E-02    0.17253E+05
    0.29371E-02    0.17502E+05
    0.29964E-02    0.17753E+05
    0.30569E-02    0.18005E+05
    0.31187E-02    0.18259E+05
    0.31817E-02    0.18514E+05
    0.32460E-02    0.18770E+05
    0.33115E-02    0.19028E+05
    0.33784E-02    0.19287E+05
    0.34467E-02    0.19546E+05
    0.35163E-02    0.19807E+05
    0.35874E-02    0.20068E+05
    0.36598E-02    0.20331E+05
    0.37338E-02    0.20594E+05
    0.38092E-02    0.20857E+05
    0.38861E-02    0.21121E+05
    0.39646E-02    0.21385E+05
    0.40447E-02    0.21649E+05
    0.41264E-02    0.21914E+05
    0.42098E-02    0.22178E+05
    0.42948E-02    0.22442E+05
    0.43816E-02    0.22706E+05
    0.44701E-02    0.22969E+05
    0.45604E-02    0.23232E+05
    0.46525E-02    0.23493E+05
    0.47465E-02    0.23755E+05
    0.48424E-02    0.24015E+05
    0.49402E-02    0.24274E+05
    0.50400E-02    0.24531E+05
    0.51419E-02    0.24787E+05
    0.52457E-02    0.25041E+05
    0.53517E-02    0.25293E+05
    0.54598E-02    0.25542E+05
    0.55701E-02    0.25789E+05
    0.56826E-02    0.26034E+05
    0.57974E-02    0.26275E+05
    0.59145E-02    0.26514E+05
    0.60340E-02    0.26750E+05
    0.61559E-02    0.26982E+05
    0.62803E-02    0.27210E+05
    0.64072E-02    0.27434E+05
    0.65366E-02    0.27655E+05
    0.66686E-02    0.27870E+05
    0.68033E-02    0.28081E+05
    0.69408E-02    0.28287E+05
    0.70810E-02    0.28489E+05
    0.72240E-02    0.28684E+05
    0.73700E-02    0.28875E+05
    0.75189E-02    0.29059E+05
    0.76708E-02    0.29238E+05
    0.78257E-02    0.29410E+05
    0.79838E-02    0.29575E+05
    0.81451E-02    0.29734E+05
    0.83096E-02    0.29885E+05
    0.84775E-02    0.30029E+05
    0.86488E-02    0.30165E+05
    0.88235E-02    0.30292E+05
    0.90017E-02    0.30412E+05
    0.91836E-02    0.30522E+05
    0.93691E-02    0.30623E+05
    0.95583E-02    0.30715E+05
    0.97514E-02    0.30798E+05
    0.99484E-02    0.30870E+05
    0.10149E-01    0.30932E+05
    0.10354E-01    0.30984E+05
    0.10564E-01    0.31024E+05
    0.10777E-01    0.31054E+05
    0.10995E-01    0.31072E+05
    0.11217E-01    0.31078E+05
    0.11443E-01    0.31072E+05
    0.11675E-01    0.31054E+05
    0.11910E-01    0.31023E+05
    0.12151E-01    0.30979E+05
    0.12397E-01    0.30922E+05
    0.12647E-01    0.30851E+05
    0.12902E-01    0.30766E+05
    0.13163E-01    0.30668E+05
    0.13429E-01    0.30555E+05
    0.13700E-01    0.30428E+05
    0.13977E-01    0.30286E+05
    0.14259E-01    0.30130E+05
    0.14547E-01    0.29958E+05
    0.14841E-01    0.29771E+05
    0.15141E-01    0.29569E+05
    0.15447E-01    0.29352E+05
    0.15759E-01    0.29119E+05
    0.16077E-01    0.28871E+05
    0.16402E-01    0.28607E+05
    0.16734E-01    0.28328E+05
    0.17072E-01    0.28034E+05
    0.17416E-01    0.27725E+05
    0.17768E-01    0.27400E+05
    0.18127E-01    0.27061E+05
    0.18493E-01    0.26707E+05
    0.18867E-01    0.26339E+05
    0.19248E-01    0.25956E+05
    0.19637E-01    0.25561E+05
    0.20034E-01    0.25152E+05
    0.20438E-01    0.24731E+05
    0.20851E-01    0.24297E+05
    0.21272E-01    0.23852E+05
    0.21702E-01    0.23397E+05
    0.22141E-01    0.22932E+05
    0.22588E-01    0.22457E+05
    0.23044E-01    0.21974E+05
    0.23510E-01    0.21484E+05
    0.23985E-01    0.20988E+05
    0.24469E-01    0.20486E+05
    0.24964E-01    0.19980E+05
    0.25468E-01    0.19471E+05
    0.25982E-01    0.18960E+05
    0.26507E-01    0.18449E+05
    0.27043E-01    0.17937E+05
    0.27589E-01    0.17428E+05
    0.28146E-01    0.16921E+05
    0.28715E-01    0.16419E+05
    0.29295E-01    0.15922E+05
    0.29887E-01    0.15433E+05
    0.30490E-01    0.14951E+05
    0.31106E-01    0.14479E+05
    0.31735E-01    0.14017E+05
    0.32376E-01    0.13567E+05
    0.33030E-01    0.13129E+05
    0.33697E-01    0.12705E+05
    0.34378E-01    0.12297E+05
    0.35072E-01    0.11903E+05
    0.35781E-01    0.11526E+05
    0.36504E-01    0.11167E+05
    0.37241E-01    0.10824E+05
    0.37993E-01    0.10500E+05
    0.38761E-01    0.10195E+05
    0.39544E-01    0.99085E+04
    0.40343E-01    0.96412E+04
    0.41158E-01    0.93932E+04
    0.41989E-01    0.91645E+04
    0.42838E-01    0.89553E+04
    0.43703E-01    0.87651E+04
    0.44586E-01    0.85923E+04
    0.45486E-01    0.84351E+04
    0.46405E-01    0.82921E+04
    0.47343E-01    0.81617E+04
    0.48299E-01    0.80429E+04
    0.49275E-01    0.79346E+04
    0.50270E-01    0.78360E+04
    0.51286E-01    0.77460E+04
    0.52322E-01    0.76630E+04
    0.53379E-01    0.75850E+04
    0.54457E-01    0.75102E+04
    0.55557E-01    0.74366E+04
    0.56680E-01    0.73613E+04
    0.57825E-01    0.72816E+04
    0.58993E-01    0.71947E+04
    0.60184E-01    0.70980E+04
    0.61400E-01    0.69889E+04
    0.62641E-01    0.68650E+04
    0.63906E-01    0.67249E+04
    0.65197E-01    0.65679E+04
    0.66514E-01    0.63935E+04
    0.67858E-01    0.62023E+04
    0.69229E-01    0.59960E+04
    0.70627E-01    0.57762E+04
    0.72054E-01    0.55451E+04
    0.73510E-01    0.53049E+04
    0.74994E-01    0.50581E+04
    0.76509E-01    0.48079E+04
    0.78055E-01    0.45573E+04
    0.79632E-01    0.43098E+04
    0.81241E-01    0.40691E+04
    0.82882E-01    0.38385E+04
    0.84556E-01    0.36217E+04
    0.86264E-01    0.34221E+04
    0.88007E-01    0.32422E+04
    0.89785E-01    0.30834E+04
    0.91598E-01    0.29468E+04
    0.93449E-01    0.28326E+04
    0.95337E-01    0.27395E+04
    0.97263E-01    0.26663E+04
    0.99227E-01    0.26107E+04
    0.10123E+00    0.25701E+04
    0.10328E+00    0.25417E+04
    0.10536E+00    0.25217E+04
    0.10749E+00    0.25064E+04
    0.10966E+00    0.24914E+04
    0.11188E+00    0.24723E+04
    0.11414E+00    0.24453E+04
    0.11644E+00    0.24070E+04
    0.11880E+00    0.23550E+04
    0.12120E+00    0.22881E+04
    0.12365E+00    0.22060E+04
    0.12614E+00    0.21098E+04
    0.12869E+00    0.20017E+04
    0.13129E+00    0.18857E+04
    0.13394E+00    0.17667E+04
    0.13665E+00    0.16503E+04
    0.13941E+00    0.15416E+04
    0.14223E+00    0.14446E+04
    0.14510E+00    0.13616E+04
    0.14803E+00    0.12936E+04
    0.15102E+00    0.12406E+04
    0.15407E+00    0.12018E+04
    0.15718E+00    0.11758E+04
    0.16036E+00    0.11594E+04
    0.16360E+00    0.11485E+04
    0.16690E+00    0.11382E+04
    0.17028E+00    0.11242E+04
    0.17371E+00    0.11030E+04
    0.17722E+00    0.10727E+04
    0.18080E+00    0.10328E+04
    0.18446E+00    0.98398E+03
    0.18818E+00    0.92894E+03
    0.19198E+00    0.87143E+03
    0.19586E+00    0.81567E+03
    0.19982E+00    0.76519E+03
    0.20386E+00    0.72254E+03
    0.20797E+00    0.68900E+03
    0.21218E+00    0.66447E+03
    0.21646E+00    0.64719E+03
    0.22083E+00    0.63425E+03
    0.22530E+00    0.62237E+03
    0.22985E+00    0.60866E+03
    0.23449E+00    0.59099E+03
    0.23923E+00    0.56839E+03
    0.24406E+00    0.54133E+03
    0.24899E+00    0.51169E+03
    0.25402E+00    0.48219E+03
    0.25915E+00    0.45532E+03
    0.26439E+00    0.43264E+03
    0.26973E+00    0.41459E+03
    0.27518E+00    0.40059E+03
    0.28074E+00    0.38905E+03
    0.28641E+00    0.37788E+03
    0.29219E+00    0.36546E+03
    0.29810E+00    0.35104E+03
    0.30412E+00    0.33481E+03
    0.31026E+00    0.31781E+03
    0.31653E+00    0.30145E+03
    0.32292E+00    0.28689E+03
    0.32945E+00    0.27461E+03
    0.33610E+00    0.26424E+03
    0.34289E+00    0.25486E+03
    0.34982E+00    0.24552E+03
    0.35689E+00    0.23558E+03
    0.36409E+00    0.22501E+03
    0.37145E+00    0.21429E+03
    0.37895E+00    0.20413E+03
    0.38661E+00    0.19495E+03
    0.39442E+00    0.18682E+03
    0.40239E+00    0.17936E+03
    0.41052E+00    0.17209E+03
    0.41881E+00    0.16474E+03
    0.42727E+00    0.15731E+03
    0.43590E+00    0.15008E+03
    0.44471E+00    0.14330E+03
    0.45369E+00    0.13707E+03
    0.46286E+00    0.13125E+03
    0.47221E+00    0.12563E+03
    0.48174E+00    0.12011E+03
    0.49148E+00    0.11469E+03
    0.50141E+00    0.10952E+03
    0.51153E+00    0.10465E+03
    0.52187E+00    0.10004E+03
    0.53241E+00    0.95639E+02
    0.54317E+00    0.91378E+02
    0.55414E+00    0.87257E+02
    0.56533E+00    0.83325E+02
    0.57675E+00    0.79592E+02
    0.58840E+00    0.76026E+02
    0.60029E+00    0.72611E+02
    0.61242E+00    0.69340E+02
    0.62479E+00    0.66209E+02
    0.63741E+00    0.63212E+02
    0.65029E+00    0.60343E+02
    0.66342E+00    0.57599E+02
    0.67683E+00    0.54975E+02
    0.69050E+00    0.52465E+02
    0.70445E+00    0.50066E+02
    0.71868E+00    0.47774E+02
    0.73320E+00    0.45583E+02
    0.74801E+00    0.43490E+02
    0.76312E+00    0.41490E+02
    0.77854E+00    0.39580E+02
    0.79426E+00    0.37755E+02
    0.81031E+00    0.36012E+02
    0.82668E+00    0.34347E+02
    0.84338E+00    0.32757E+02
    0.86041E+00    0.31238E+02
    0.87780E+00    0.29787E+02
    0.89553E+00    0.28402E+02
    0.91362E+00    0.27079E+02
    0.93208E+00    0.25816E+02
    0.95091E+00    0.24610E+02
    0.97011E+00    0.23459E+02
    0.98971E+00    0.22360E+02
    0.10097E+01    0.21311E+02
    0.10301E+01    0.20310E+02
    0.10509E+01    0.19355E+02
    0.10721E+01    0.18443E+02
    0.10938E+01    0.17573E+02
    0.11159E+01    0.16744E+02
    0.11384E+01    0.15952E+02
    0.11614E+01    0.15197E+02
    0.11849E+01    0.14476E+02
    0.12088E+01    0.13789E+02
    0.12333E+01    0.13134E+02
    0.12582E+01    0.12509E+02
    0.12836E+01    0.11913E+02
    0.13095E+01    0.11345E+02
    0.13360E+01    0.10803E+02
    0.13630E+01    0.10287E+02
    0.13905E+01    0.97948E+01
    0.14186E+01    0.93256E+01
    0.14472E+01    0.88784E+01
    0.14765E+01    0.84522E+01
    0.15063E+01    0.80460E+01
    0.15367E+01    0.76589E+01
    0.15678E+01    0.72899E+01
    0.15994E+01    0.69384E+01
    0.16318E+01    0.66033E+01
    0.16647E+01    0.62841E+01
    0.16984E+01    0.59800E+01
    0.17327E+01    0.56902E+01
    0.17677E+01    0.54141E+01
    0.18034E+01    0.51510E+01
    0.18398E+01    0.49005E+01
    0.18770E+01    0.46619E+01
    0.19149E+01    0.44347E+01
    0.19536E+01    0.42184E+01
    0.19930E+01    0.40125E+01
    0.20333E+01    0.38165E+01
    0.20744E+01    0.36300E+01
    0.21163E+01    0.34526E+01
    0.21590E+01    0.32838E+01
    0.22026E+01    0.31232E+01
