    0.10000E-03    0.10992E+04
    0.10202E-03    0.11207E+04
    0.10408E-03    0.11425E+04
    0.10618E-03    0.11648E+04
    0.10833E-03    0.11876E+04
    0.11052E-03    0.12108E+04
    0.11275E-03    0.12344E+04
    0.11503E-03    0.12585E+04
    0.11735E-03    0.12831E+04
    0.11972E-03    0.13081E+04
    0.12214E-03    0.13336E+04
    0.12461E-03    0.13596E+04
    0.12712E-03    0.13862E+04
    0.12969E-03    0.14132E+04
    0.13231E-03    0.14408E+04
    0.13499E-03    0.14689E+04
    0.13771E-03    0.14975E+04
    0.14049E-03    0.15267E+04
    0.14333E-03    0.15565E+04
    0.14623E-03    0.15868E+04
    0.14918E-03    0.16178E+04
    0.15220E-03    0.16493E+04
    0.15527E-03    0.16814E+04
    0.15841E-03    0.17142E+04
    0.16161E-03    0.17476E+04
    0.16487E-03    0.17816E+04
    0.16820E-03    0.18163E+04
    0.17160E-03    0.18517E+04
    0.17507E-03    0.18878E+04
    0.17860E-03    0.19245E+04
    0.18221E-03    0.19620E+04
    0.18589E-03    0.20001E+04
    0.18965E-03    0.20391E+04
    0.19348E-03    0.20787E+04
    0.19739E-03    0.21192E+04
    0.20138E-03    0.21604E+04
    0.20544E-03    0.22024E+04
    0.20959E-03    0.22452E+04
    0.21383E-03    0.22888E+04
    0.21815E-03    0.23332E+04
    0.22255E-03    0.23786E+04
    0.22705E-03    0.24247E+04
    0.23164E-03    0.24718E+04
    0.23632E-03    0.25198E+04
    0.24109E-03    0.25686E+04
    0.24596E-03    0.26185E+04
    0.25093E-03    0.26692E+04
    0.25600E-03    0.27209E+04
    0.26117E-03    0.27737E+04
    0.26645E-03    0.28274E+04
    0.27183E-03    0.28821E+04
    0.27732E-03    0.29379E+04
    0.28292E-03    0.29947E+04
    0.28864E-03    0.30526E+04
    0.29447E-03    0.31116E+04
    0.30042E-03    0.31717E+04
    0.30649E-03    0.32330E+04
    0.31268E-03    0.32954E+04
    0.31899E-03    0.33589E+04
    0.32544E-03    0.34237E+04
    0.33201E-03    0.34897E+04
    0.33872E-03    0.35569E+04
    0.34556E-03    0.36254E+04
    0.35254E-03    0.36951E+04
    0.35966E-03    0.37662E+04
    0.36693E-03    0.38385E+04
    0.37434E-03    0.39123E+04
    0.38190E-03    0.39873E+04
    0.38962E-03    0.40638E+04
    0.39749E-03    0.41417E+04
    0.40552E-03    0.42210E+04
    0.41371E-03    0.43018E+04
    0.42207E-03    0.43840E+04
    0.43060E-03    0.44678E+04
    0.43929E-03    0.45530E+04
    0.44817E-03    0.46399E+04
    0.45722E-03    0.47283E+04
    0.46646E-03    0.48183E+04
    0.47588E-03    0.49100E+04
    0.48550E-03    0.50033E+04
    0.49530E-03    0.50982E+04
    0.50531E-03    0.51949E+04
    0.51552E-03    0.52933E+04
    0.52593E-03    0.53935E+04
    0.53656E-03    0.54955E+04
    0.54739E-03    0.55992E+04
    0.55845E-03    0.57048E+04
    0.56973E-03    0.58123E+04
    0.58124E-03    0.59216E+04
    0.59299E-03    0.60329E+04
    0.60496E-03    0.61461E+04
    0.61719E-03    0.62612E+04
    0.62965E-03    0.63784E+04
    0.64237E-03    0.64976E+04
    0.65535E-03    0.66188E+04
    0.66859E-03    0.67421E+04
    0.68210E-03    0.68675E+04
    0.69588E-03    0.69951E+04
    0.70993E-03    0.71248E+04
    0.72427E-03    0.72566E+04
    0.73891E-03    0.73907E+04
    0.75383E-03    0.75270E+04
    0.76906E-03    0.76656E+04
    0.78460E-03    0.78065E+04
    0.80045E-03    0.79497E+04
    0.81662E-03    0.80952E+04
    0.83311E-03    0.82431E+04
    0.84994E-03    0.83933E+04
    0.86711E-03    0.85460E+04
    0.88463E-03    0.87011E+04
    0.90250E-03    0.88587E+04
    0.92073E-03    0.90188E+04
    0.93933E-03    0.91813E+04
    0.95831E-03    0.93464E+04
    0.97767E-03    0.95141E+04
    0.99742E-03    0.96842E+04
    0.10176E-02    0.98570E+04
    0.10381E-02    0.10032E+05
    0.10591E-02    0.10210E+05
    0.10805E-02    0.10391E+05
    0.11023E-02    0.10574E+05
    0.11246E-02    0.10760E+05
    0.11473E-02    0.10949E+05
    0.11705E-02    0.11140E+05
    0.11941E-02    0.11334E+05
    0.12182E-02    0.11531E+05
    0.12429E-02    0.11731E+05
    0.12680E-02    0.11933E+05
    0.12936E-02    0.12138E+05
    0.13197E-02    0.12345E+05
    0.13464E-02    0.12556E+05
    0.13736E-02    0.12769E+05
    0.14013E-02    0.12985E+05
    0.14296E-02    0.13204E+05
    0.14585E-02    0.13425E+05
    0.14880E-02    0.13649E+05
    0.15180E-02    0.13876E+05
    0.15487E-02    0.14106E+05
    0.15800E-02    0.14338E+05
    0.16119E-02    0.14573E+05
    0.16445E-02    0.14811E+05
    0.16777E-02    0.15051E+05
    0.17116E-02    0.15294E+05
    0.17462E-02    0.15539E+05
    0.17814E-02    0.15787E+05
    0.18174E-02    0.16038E+05
    0.18541E-02    0.16291E+05
    0.18916E-02    0.16547E+05
    0.19298E-02    0.16805E+05
    0.19688E-02    0.17065E+05
    0.20086E-02    0.17328E+05
    0.20491E-02    0.17594E+05
    0.20905E-02    0.17861E+05
    0.21328E-02    0.18131E+05
    0.21758E-02    0.18403E+05
    0.22198E-02    0.18677E+05
    0.22646E-02    0.18953E+05
    0.23104E-02    0.19231E+05
    0.23571E-02    0.19511E+05
    0.24047E-02    0.19793E+05
    0.24533E-02    0.20076E+05
    0.25028E-02    0.20361E+05
    0.25534E-02    0.20648E+05
    0.26050E-02    0.20937E+05
    0.26576E-02    0.21227E+05
    0.27113E-02    0.21518E+05
    0.27660E-02    0.21810E+05
    0.28219E-02    0.22104E+05
    0.28789E-02    0.22399E+05
    0.29371E-02    0.22694E+05
    0.29964E-02    0.22991E+05
    0.30569E-02    0.23288E+05
    0.31187E-02    0.23586E+05
    0.31817E-02    0.23884E+05
    0.32460E-02    0.24183E+05
    0.33115E-02    0.24482E+05
    0.33784E-02    0.24780E+05
    0.34467E-02    0.25079E+05
    0.35163E-02    0.25378E+05
    0.35874E-02    0.25676E+05
    0.36598E-02    0.25974E+05
    0.37338E-02    0.26271E+05
    0.38092E-02    0.26567E+05
    0.38861E-02    0.26862E+05
    0.39646E-02    0.27156E+05
    0.40447E-02    0.27449E+05
    0.41264E-02    0.27740E+05
    0.42098E-02    0.28029E+05
    0.42948E-02    0.28316E+05
    0.43816E-02    0.28602E+05
    0.44701E-02    0.28884E+05
    0.45604E-02    0.29165E+05
    0.46525E-02    0.29443E+05
    0.47465E-02    0.29718E+05
    0.48424E-02    0.29990E+05
    0.49402E-02    0.30258E+05
    0.50400E-02    0.30523E+05
    0.51419E-02    0.30784E+05
    0.52457E-02    0.31041E+05
    0.53517E-02    0.31293E+05
    0.54598E-02    0.31540E+05
    0.55701E-02    0.31782E+05
    0.56826E-02    0.32019E+05
    0.57974E-02    0.32250E+05
    0.59145E-02    0.32475E+05
    0.60340E-02    0.32695E+05
    0.61559E-02    0.32908E+05
    0.62803E-02    0.33115E+05
    0.64072E-02    0.33315E+05
    0.65366E-02    0.33508E+05
    0.66686E-02    0.33694E+05
    0.68033E-02    0.33873E+05
    0.69408E-02    0.34043E+05
    0.70810E-02    0.34205E+05
    0.72240E-02    0.34359E+05
    0.73700E-02    0.34504E+05
    0.75189E-02    0.34639E+05
    0.76708E-02    0.34765E+05
    0.78257E-02    0.34882E+05
    0.79838E-02    0.34988E+05
    0.81451E-02    0.35083E+05
    0.83096E-02    0.35168E+05
    0.84775E-02    0.35242E+05
    0.86488E-02    0.35304E+05
    0.88235E-02    0.35355E+05
    0.90017E-02    0.35393E+05
    0.91836E-02    0.35419E+05
    0.93691E-02    0.35432E+05
    0.95583E-02    0.35433E+05
    0.97514E-02    0.35420E+05
    0.99484E-02    0.35393E+05
    0.10149E-01    0.35353E+05
    0.10354E-01    0.35298E+05
    0.10564E-01    0.35228E+05
    0.10777E-01    0.35144E+05
    0.10995E-01    0.35045E+05
    0.11217E-01    0.34930E+05
    0.11443E-01    0.34799E+05
    0.11675E-01    0.34653E+05
    0.11910E-01    0.34490E+05
    0.12151E-01    0.34311E+05
    0.12397E-01    0.34116E+05
    0.12647E-01    0.33903E+05
    0.12902E-01    0.33674E+05
    0.13163E-01    0.33428E+05
    0.13429E-01    0.33164E+05
    0.13700E-01    0.32883E+05
    0.13977E-01    0.32585E+05
    0.14259E-01    0.32269E+05
    0.14547E-01    0.31936E+05
    0.14841E-01    0.31586E+05
    0.15141E-01    0.31218E+05
    0.15447E-01    0.30833E+05
    0.15759E-01    0.30431E+05
    0.16077E-01    0.30013E+05
    0.16402E-01    0.29578E+05
    0.16734E-01    0.29126E+05
    0.17072E-01    0.28659E+05
    0.17416E-01    0.28176E+05
    0.17768E-01    0.27679E+05
    0.18127E-01    0.27167E+05
    0.18493E-01    0.26641E+05
    0.18867E-01    0.26103E+05
    0.19248E-01    0.25552E+05
    0.19637E-01    0.24989E+05
    0.20034E-01    0.24416E+05
    0.20438E-01    0.23833E+05
    0.20851E-01    0.23241E+05
    0.21272E-01    0.22641E+05
    0.21702E-01    0.22035E+05
    0.22141E-01    0.21424E+05
    0.22588E-01    0.20809E+05
    0.23044E-01    0.20191E+05
    0.23510E-01    0.19571E+05
    0.23985E-01    0.18952E+05
    0.24469E-01    0.18334E+05
    0.24964E-01    0.17719E+05
    0.25468E-01    0.17108E+05
    0.25982E-01    0.16503E+05
    0.26507E-01    0.15906E+05
    0.27043E-01    0.15317E+05
    0.27589E-01    0.14739E+05
    0.28146E-01    0.14172E+05
    0.28715E-01    0.13618E+05
    0.29295E-01    0.13079E+05
    0.29887E-01    0.12556E+05
    0.30490E-01    0.12049E+05
    0.31106E-01    0.11561E+05
    0.31735E-01    0.11091E+05
    0.32376E-01    0.10641E+05
    0.33030E-01    0.10213E+05
    0.33697E-01    0.98074E+04
    0.34378E-01    0.94241E+04
    0.35072E-01    0.90634E+04
    0.35781E-01    0.87255E+04
    0.36504E-01    0.84102E+04
    0.37241E-01    0.81173E+04
    0.37993E-01    0.78466E+04
    0.38761E-01    0.75982E+04
    0.39544E-01    0.73723E+04
    0.40343E-01    0.71688E+04
    0.41158E-01    0.69880E+04
    0.41989E-01    0.68293E+04
    0.42838E-01    0.66908E+04
    0.43703E-01    0.65706E+04
    0.44586E-01    0.64671E+04
    0.45486E-01    0.63786E+04
    0.46405E-01    0.63040E+04
    0.47343E-01    0.62418E+04
    0.48299E-01    0.61911E+04
    0.49275E-01    0.61506E+04
    0.50270E-01    0.61179E+04
    0.51286E-01    0.60904E+04
    0.52322E-01    0.60654E+04
    0.53379E-01    0.60400E+04
    0.54457E-01    0.60110E+04
    0.55557E-01    0.59754E+04
    0.56680E-01    0.59300E+04
    0.57825E-01    0.58720E+04
    0.58993E-01    0.57987E+04
    0.60184E-01    0.57079E+04
    0.61400E-01    0.55978E+04
    0.62641E-01    0.54678E+04
    0.63906E-01    0.53173E+04
    0.65197E-01    0.51469E+04
    0.66514E-01    0.49580E+04
    0.67858E-01    0.47524E+04
    0.69229E-01    0.45324E+04
    0.70627E-01    0.43012E+04
    0.72054E-01    0.40620E+04
    0.73510E-01    0.38186E+04
    0.74994E-01    0.35749E+04
    0.76509E-01    0.33349E+04
    0.78055E-01    0.31033E+04
    0.79632E-01    0.28840E+04
    0.81241E-01    0.26811E+04
    0.82882E-01    0.24976E+04
    0.84556E-01    0.23359E+04
    0.86264E-01    0.21971E+04
    0.88007E-01    0.20818E+04
    0.89785E-01    0.19899E+04
    0.91598E-01    0.19197E+04
    0.93449E-01    0.18698E+04
    0.95337E-01    0.18381E+04
    0.97263E-01    0.18218E+04
    0.99227E-01    0.18183E+04
    0.10123E+00    0.18237E+04
    0.10328E+00    0.18340E+04
    0.10536E+00    0.18448E+04
    0.10749E+00    0.18512E+04
    0.10966E+00    0.18492E+04
    0.11188E+00    0.18347E+04
    0.11414E+00    0.18048E+04
    0.11644E+00    0.17575E+04
    0.11880E+00    0.16921E+04
    0.12120E+00    0.16096E+04
    0.12365E+00    0.15132E+04
    0.12614E+00    0.14081E+04
    0.12869E+00    0.13002E+04
    0.13129E+00    0.11956E+04
    0.13394E+00    0.10989E+04
    0.13665E+00    0.10136E+04
    0.13941E+00    0.94197E+03
    0.14223E+00    0.88548E+03
    0.14510E+00    0.84473E+03
    0.14803E+00    0.81895E+03
    0.15102E+00    0.80619E+03
    0.15407E+00    0.80287E+03
    0.15718E+00    0.80480E+03
    0.16036E+00    0.80741E+03
    0.16360E+00    0.80644E+03
    0.16690E+00    0.79828E+03
    0.17028E+00    0.78034E+03
    0.17371E+00    0.75151E+03
    0.17722E+00    0.71270E+03
    0.18080E+00    0.66672E+03
    0.18446E+00    0.61772E+03
    0.18818E+00    0.57002E+03
    0.19198E+00    0.52731E+03
    0.19586E+00    0.49240E+03
    0.19982E+00    0.46670E+03
    0.20386E+00    0.44986E+03
    0.20797E+00    0.43997E+03
    0.21218E+00    0.43437E+03
    0.21646E+00    0.43016E+03
    0.22083E+00    0.42429E+03
    0.22530E+00    0.41420E+03
    0.22985E+00    0.39864E+03
    0.23449E+00    0.37815E+03
    0.23923E+00    0.35479E+03
    0.24406E+00    0.33118E+03
    0.24899E+00    0.30972E+03
    0.25402E+00    0.29220E+03
    0.25915E+00    0.27929E+03
    0.26439E+00    0.27028E+03
    0.26973E+00    0.26359E+03
    0.27518E+00    0.25733E+03
    0.28074E+00    0.24986E+03
    0.28641E+00    0.24026E+03
    0.29219E+00    0.22855E+03
    0.29810E+00    0.21579E+03
    0.30412E+00    0.20343E+03
    0.31026E+00    0.19265E+03
    0.31653E+00    0.18397E+03
    0.32292E+00    0.17706E+03
    0.32945E+00    0.17115E+03
    0.33610E+00    0.16524E+03
    0.34289E+00    0.15864E+03
    0.34982E+00    0.15129E+03
    0.35689E+00    0.14362E+03
    0.36409E+00    0.13629E+03
    0.37145E+00    0.12985E+03
    0.37895E+00    0.12431E+03
    0.38661E+00    0.11939E+03
    0.39442E+00    0.11463E+03
    0.40239E+00    0.10970E+03
    0.41052E+00    0.10459E+03
    0.41881E+00    0.99558E+02
    0.42727E+00    0.94875E+02
    0.43590E+00    0.90638E+02
    0.44471E+00    0.86753E+02
    0.45369E+00    0.83019E+02
    0.46286E+00    0.79305E+02
    0.47221E+00    0.75627E+02
    0.48174E+00    0.72111E+02
    0.49148E+00    0.68828E+02
    0.50141E+00    0.65743E+02
    0.51153E+00    0.62807E+02
    0.52187E+00    0.59961E+02
    0.53241E+00    0.57195E+02
    0.54317E+00    0.54557E+02
    0.55414E+00    0.52063E+02
    0.56533E+00    0.49689E+02
    0.57675E+00    0.47416E+02
    0.58840E+00    0.45241E+02
    0.60029E+00    0.43161E+02
    0.61242E+00    0.41171E+02
    0.62479E+00    0.39268E+02
    0.63741E+00    0.37450E+02
    0.65029E+00    0.35712E+02
    0.66342E+00    0.34052E+02
    0.67683E+00    0.32467E+02
    0.69050E+00    0.30954E+02
    0.70445E+00    0.29509E+02
    0.71868E+00    0.28130E+02
    0.73320E+00    0.26815E+02
    0.74801E+00    0.25560E+02
    0.76312E+00    0.24362E+02
    0.77854E+00    0.23218E+02
    0.79426E+00    0.22128E+02
    0.81031E+00    0.21087E+02
    0.82668E+00    0.20094E+02
    0.84338E+00    0.19146E+02
    0.86041E+00    0.18242E+02
    0.87780E+00    0.17380E+02
    0.89553E+00    0.16557E+02
    0.91362E+00    0.15772E+02
    0.93208E+00    0.15023E+02
    0.95091E+00    0.14309E+02
    0.97011E+00    0.13628E+02
    0.98971E+00    0.12979E+02
    0.10097E+01    0.12360E+02
    0.10301E+01    0.11769E+02
    0.10509E+01    0.11207E+02
    0.10721E+01    0.10670E+02
    0.10938E+01    0.10159E+02
    0.11159E+01    0.96712E+01
    0.11384E+01    0.92066E+01
    0.11614E+01    0.87638E+01
    0.11849E+01    0.83419E+01
    0.12088E+01    0.79399E+01
    0.12333E+01    0.75569E+01
    0.12582E+01    0.71919E+01
    0.12836E+01    0.68443E+01
    0.13095E+01    0.65131E+01
    0.13360E+01    0.61976E+01
    0.13630E+01    0.58971E+01
    0.13905E+01    0.56109E+01
    0.14186E+01    0.53383E+01
    0.14472E+01    0.50787E+01
    0.14765E+01    0.48315E+01
    0.15063E+01    0.45960E+01
    0.15367E+01    0.43718E+01
    0.15678E+01    0.41583E+01
    0.15994E+01    0.39551E+01
    0.16318E+01    0.37615E+01
    0.16647E+01    0.35772E+01
    0.16984E+01    0.34018E+01
    0.17327E+01    0.32347E+01
    0.17677E+01    0.30757E+01
    0.18034E+01    0.29244E+01
    0.18398E+01    0.27804E+01
    0.18770E+01    0.26433E+01
    0.19149E+01    0.25130E+01
    0.19536E+01    0.23890E+01
    0.19930E+01    0.22711E+01
    0.20333E+01    0.21589E+01
    0.20744E+01    0.20523E+01
    0.21163E+01    0.19509E+01
