    0.10000E-03    0.11159E+04
    0.10202E-03    0.11377E+04
    0.10408E-03    0.11599E+04
    0.10618E-03    0.11826E+04
    0.10833E-03    0.12057E+04
    0.11052E-03    0.12292E+04
    0.11275E-03    0.12532E+04
    0.11503E-03    0.12777E+04
    0.11735E-03    0.13026E+04
    0.11972E-03    0.13280E+04
    0.12214E-03    0.13540E+04
    0.12461E-03    0.13804E+04
    0.12712E-03    0.14073E+04
    0.12969E-03    0.14348E+04
    0.13231E-03    0.14628E+04
    0.13499E-03    0.14913E+04
    0.13771E-03    0.15204E+04
    0.14049E-03    0.15500E+04
    0.14333E-03    0.15803E+04
    0.14623E-03    0.16111E+04
    0.14918E-03    0.16425E+04
    0.15220E-03    0.16745E+04
    0.15527E-03    0.17071E+04
    0.15841E-03    0.17404E+04
    0.16161E-03    0.17743E+04
    0.16487E-03    0.18089E+04
    0.16820E-03    0.18441E+04
    0.17160E-03    0.18800E+04
    0.17507E-03    0.19167E+04
    0.17860E-03    0.19540E+04
    0.18221E-03    0.19920E+04
    0.18589E-03    0.20308E+04
    0.18965E-03    0.20703E+04
    0.19348E-03    0.21106E+04
    0.19739E-03    0.21516E+04
    0.20138E-03    0.21935E+04
    0.20544E-03    0.22361E+04
    0.20959E-03    0.22796E+04
    0.21383E-03    0.23239E+04
    0.21815E-03    0.23691E+04
    0.22255E-03    0.24151E+04
    0.22705E-03    0.24620E+04
    0.23164E-03    0.25098E+04
    0.23632E-03    0.25585E+04
    0.24109E-03    0.26082E+04
    0.24596E-03    0.26588E+04
    0.25093E-03    0.27104E+04
    0.25600E-03    0.27629E+04
    0.26117E-03    0.28165E+04
    0.26645E-03    0.28710E+04
    0.27183E-03    0.29266E+04
    0.27732E-03    0.29833E+04
    0.28292E-03    0.30410E+04
    0.28864E-03    0.30999E+04
    0.29447E-03    0.31598E+04
    0.30042E-03    0.32209E+04
    0.30649E-03    0.32831E+04
    0.31268E-03    0.33465E+04
    0.31899E-03    0.34111E+04
    0.32544E-03    0.34770E+04
    0.33201E-03    0.35440E+04
    0.33872E-03    0.36123E+04
    0.34556E-03    0.36819E+04
    0.35254E-03    0.37528E+04
    0.35966E-03    0.38250E+04
    0.36693E-03    0.38986E+04
    0.37434E-03    0.39735E+04
    0.38190E-03    0.40498E+04
    0.38962E-03    0.41276E+04
    0.39749E-03    0.42067E+04
    0.40552E-03    0.42874E+04
    0.41371E-03    0.43695E+04
    0.42207E-03    0.44531E+04
    0.43060E-03    0.45383E+04
    0.43929E-03    0.46250E+04
    0.44817E-03    0.47133E+04
    0.45722E-03    0.48033E+04
    0.46646E-03    0.48948E+04
    0.47588E-03    0.49880E+04
    0.48550E-03    0.50830E+04
    0.49530E-03    0.51796E+04
    0.50531E-03    0.52779E+04
    0.51552E-03    0.53781E+04
    0.52593E-03    0.54800E+04
    0.53656E-03    0.55837E+04
    0.54739E-03    0.56893E+04
    0.55845E-03    0.57968E+04
    0.56973E-03    0.59062E+04
    0.58124E-03    0.60175E+04
    0.59299E-03    0.61308E+04
    0.60496E-03    0.62460E+04
    0.61719E-03    0.63633E+04
    0.62965E-03    0.64826E+04
    0.64237E-03    0.66039E+04
    0.65535E-03    0.67274E+04
    0.66859E-03    0.68530E+04
    0.68210E-03    0.69808E+04
    0.69588E-03    0.71107E+04
    0.70993E-03    0.72429E+04
    0.72427E-03    0.73772E+04
    0.73891E-03    0.75139E+04
    0.75383E-03    0.76528E+04
    0.76906E-03    0.77941E+04
    0.78460E-03    0.79377E+04
    0.80045E-03    0.80837E+04
    0.81662E-03    0.82321E+04
    0.83311E-03    0.83829E+04
    0.84994E-03    0.85362E+04
    0.86711E-03    0.86920E+04
    0.88463E-03    0.88503E+04
    0.90250E-03    0.90111E+04
    0.92073E-03    0.91744E+04
    0.93933E-03    0.93404E+04
    0.95831E-03    0.95089E+04
    0.97767E-03    0.96801E+04
    0.99742E-03    0.98539E+04
    0.10176E-02    0.10030E+05
    0.10381E-02    0.10210E+05
    0.10591E-02    0.10391E+05
    0.10805E-02    0.10576E+05
    0.11023E-02    0.10763E+05
    0.11246E-02    0.10954E+05
    0.11473E-02    0.11147E+05
    0.11705E-02    0.11342E+05
    0.11941E-02    0.11541E+05
    0.12182E-02    0.11742E+05
    0.12429E-02    0.11946E+05
    0.12680E-02    0.12153E+05
    0.12936E-02    0.12363E+05
    0.13197E-02    0.12576E+05
    0.13464E-02    0.12791E+05
    0.13736E-02    0.13010E+05
    0.14013E-02    0.13231E+05
    0.14296E-02    0.13455E+05
    0.14585E-02    0.13683E+05
    0.14880E-02    0.13912E+05
    0.15180E-02    0.14145E+05
    0.15487E-02    0.14381E+05
    0.15800E-02    0.14619E+05
    0.16119E-02    0.14861E+05
    0.16445E-02    0.15105E+05
    0.16777E-02    0.15352E+05
    0.17116E-02    0.15601E+05
    0.17462E-02    0.15854E+05
    0.17814E-02    0.16109E+05
    0.18174E-02    0.16367E+05
    0.18541E-02    0.16628E+05
    0.18916E-02    0.16891E+05
    0.19298E-02    0.17157E+05
    0.19688E-02    0.17425E+05
    0.20086E-02    0.17696E+05
    0.20491E-02    0.17970E+05
    0.20905E-02    0.18246E+05
    0.21328E-02    0.18524E+05
    0.21758E-02    0.18805E+05
    0.22198E-02    0.19088E+05
    0.22646E-02    0.19373E+05
    0.23104E-02    0.19661E+05
    0.23571E-02    0.19950E+05
    0.24047E-02    0.20242E+05
    0.24533E-02    0.20536E+05
    0.25028E-02    0.20831E+05
    0.25534E-02    0.21129E+05
    0.26050E-02    0.21428E+05
    0.26576E-02    0.21729E+05
    0.27113E-02    0.22031E+05
    0.27660E-02    0.22335E+05
    0.28219E-02    0.22640E+05
    0.28789E-02    0.22946E+05
    0.29371E-02    0.23254E+05
    0.29964E-02    0.23563E+05
    0.30569E-02    0.23872E+05
    0.31187E-02    0.24183E+05
    0.31817E-02    0.24494E+05
    0.32460E-02    0.24805E+05
    0.33115E-02    0.25117E+05
    0.33784E-02    0.25430E+05
    0.34467E-02    0.25742E+05
    0.35163E-02    0.26055E+05
    0.35874E-02    0.26367E+05
    0.36598E-02    0.26680E+05
    0.37338E-02    0.26991E+05
    0.38092E-02    0.27302E+05
    0.38861E-02    0.27613E+05
    0.39646E-02    0.27922E+05
    0.40447E-02    0.28230E+05
    0.41264E-02    0.28537E+05
    0.42098E-02    0.28842E+05
    0.42948E-02    0.29146E+05
    0.43816E-02    0.29447E+05
    0.44701E-02    0.29747E+05
    0.45604E-02    0.30044E+05
    0.46525E-02    0.30339E+05
    0.47465E-02    0.30631E+05
    0.48424E-02    0.30920E+05
    0.49402E-02    0.31206E+05
    0.50400E-02    0.31489E+05
    0.51419E-02    0.31768E+05
    0.52457E-02    0.32043E+05
    0.53517E-02    0.32313E+05
    0.54598E-02    0.32579E+05
    0.55701E-02    0.32839E+05
    0.56826E-02    0.33095E+05
    0.57974E-02    0.33345E+05
    0.59145E-02    0.33590E+05
    0.60340E-02    0.33828E+05
    0.61559E-02    0.34061E+05
    0.62803E-02    0.34287E+05
    0.64072E-02    0.34506E+05
    0.65366E-02    0.34719E+05
    0.66686E-02    0.34924E+05
    0.68033E-02    0.35122E+05
    0.69408E-02    0.35312E+05
    0.70810E-02    0.35494E+05
    0.72240E-02    0.35667E+05
    0.73700E-02    0.35832E+05
    0.75189E-02    0.35987E+05
    0.76708E-02    0.36132E+05
    0.78257E-02    0.36268E+05
    0.79838E-02    0.36394E+05
    0.81451E-02    0.36509E+05
    0.83096E-02    0.36613E+05
    0.84775E-02    0.36706E+05
    0.86488E-02    0.36787E+05
    0.88235E-02    0.36857E+05
    0.90017E-02    0.36914E+05
    0.91836E-02    0.36958E+05
    0.93691E-02    0.36990E+05
    0.95583E-02    0.37008E+05
    0.97514E-02    0.37013E+05
    0.99484E-02    0.37004E+05
    0.10149E-01    0.36981E+05
    0.10354E-01    0.36943E+05
    0.10564E-01    0.36890E+05
    0.10777E-01    0.36822E+05
    0.10995E-01    0.36738E+05
    0.11217E-01    0.36639E+05
    0.11443E-01    0.36523E+05
    0.11675E-01    0.36391E+05
    0.11910E-01    0.36243E+05
    0.12151E-01    0.36077E+05
    0.12397E-01    0.35894E+05
    0.12647E-01    0.35694E+05
    0.12902E-01    0.35476E+05
    0.13163E-01    0.35241E+05
    0.13429E-01    0.34987E+05
    0.13700E-01    0.34716E+05
    0.13977E-01    0.34426E+05
    0.14259E-01    0.34118E+05
    0.14547E-01    0.33792E+05
    0.14841E-01    0.33448E+05
    0.15141E-01    0.33085E+05
    0.15447E-01    0.32705E+05
    0.15759E-01    0.32306E+05
    0.16077E-01    0.31890E+05
    0.16402E-01    0.31456E+05
    0.16734E-01    0.31005E+05
    0.17072E-01    0.30537E+05
    0.17416E-01    0.30052E+05
    0.17768E-01    0.29552E+05
    0.18127E-01    0.29035E+05
    0.18493E-01    0.28504E+05
    0.18867E-01    0.27959E+05
    0.19248E-01    0.27399E+05
    0.19637E-01    0.26827E+05
    0.20034E-01    0.26243E+05
    0.20438E-01    0.25648E+05
    0.20851E-01    0.25043E+05
    0.21272E-01    0.24429E+05
    0.21702E-01    0.23807E+05
    0.22141E-01    0.23178E+05
    0.22588E-01    0.22544E+05
    0.23044E-01    0.21906E+05
    0.23510E-01    0.21266E+05
    0.23985E-01    0.20623E+05
    0.24469E-01    0.19982E+05
    0.24964E-01    0.19342E+05
    0.25468E-01    0.18705E+05
    0.25982E-01    0.18072E+05
    0.26507E-01    0.17446E+05
    0.27043E-01    0.16829E+05
    0.27589E-01    0.16220E+05
    0.28146E-01    0.15623E+05
    0.28715E-01    0.15037E+05
    0.29295E-01    0.14466E+05
    0.29887E-01    0.13910E+05
    0.30490E-01    0.13370E+05
    0.31106E-01    0.12848E+05
    0.31735E-01    0.12344E+05
    0.32376E-01    0.11861E+05
    0.33030E-01    0.11399E+05
    0.33697E-01    0.10959E+05
    0.34378E-01    0.10543E+05
    0.35072E-01    0.10150E+05
    0.35781E-01    0.97805E+04
    0.36504E-01    0.94347E+04
    0.37241E-01    0.91122E+04
    0.37993E-01    0.88130E+04
    0.38761E-01    0.85369E+04
    0.39544E-01    0.82842E+04
    0.40343E-01    0.80549E+04
    0.41158E-01    0.78490E+04
    0.41989E-01    0.76664E+04
    0.42838E-01    0.75054E+04
    0.43703E-01    0.73641E+04
    0.44586E-01    0.72407E+04
    0.45486E-01    0.71336E+04
    0.46405E-01    0.70413E+04
    0.47343E-01    0.69627E+04
    0.48299E-01    0.68965E+04
    0.49275E-01    0.68416E+04
    0.50270E-01    0.67960E+04
    0.51286E-01    0.67568E+04
    0.52322E-01    0.67211E+04
    0.53379E-01    0.66863E+04
    0.54457E-01    0.66488E+04
    0.55557E-01    0.66055E+04
    0.56680E-01    0.65528E+04
    0.57825E-01    0.64879E+04
    0.58993E-01    0.64079E+04
    0.60184E-01    0.63103E+04
    0.61400E-01    0.61933E+04
    0.62641E-01    0.60559E+04
    0.63906E-01    0.58976E+04
    0.65197E-01    0.57184E+04
    0.66514E-01    0.55197E+04
    0.67858E-01    0.53029E+04
    0.69229E-01    0.50705E+04
    0.70627E-01    0.48253E+04
    0.72054E-01    0.45705E+04
    0.73510E-01    0.43102E+04
    0.74994E-01    0.40483E+04
    0.76509E-01    0.37890E+04
    0.78055E-01    0.35372E+04
    0.79632E-01    0.32970E+04
    0.81241E-01    0.30727E+04
    0.82882E-01    0.28678E+04
    0.84556E-01    0.26850E+04
    0.86264E-01    0.25260E+04
    0.88007E-01    0.23917E+04
    0.89785E-01    0.22824E+04
    0.91598E-01    0.21969E+04
    0.93449E-01    0.21337E+04
    0.95337E-01    0.20908E+04
    0.97263E-01    0.20651E+04
    0.99227E-01    0.20538E+04
    0.10123E+00    0.20531E+04
    0.10328E+00    0.20588E+04
    0.10536E+00    0.20665E+04
    0.10749E+00    0.20712E+04
    0.10966E+00    0.20682E+04
    0.11188E+00    0.20533E+04
    0.11414E+00    0.20229E+04
    0.11644E+00    0.19748E+04
    0.11880E+00    0.19078E+04
    0.12120E+00    0.18227E+04
    0.12365E+00    0.17219E+04
    0.12614E+00    0.16102E+04
    0.12869E+00    0.14934E+04
    0.13129E+00    0.13781E+04
    0.13394E+00    0.12700E+04
    0.13665E+00    0.11732E+04
    0.13941E+00    0.10905E+04
    0.14223E+00    0.10234E+04
    0.14510E+00    0.97297E+03
    0.14803E+00    0.93877E+03
    0.15102E+00    0.91937E+03
    0.15407E+00    0.91134E+03
    0.15718E+00    0.91035E+03
    0.16036E+00    0.91141E+03
    0.16360E+00    0.90993E+03
    0.16690E+00    0.90188E+03
    0.17028E+00    0.88411E+03
    0.17371E+00    0.85499E+03
    0.17722E+00    0.81492E+03
    0.18080E+00    0.76631E+03
    0.18446E+00    0.71315E+03
    0.18818E+00    0.66006E+03
    0.19198E+00    0.61130E+03
    0.19586E+00    0.57016E+03
    0.19982E+00    0.53852E+03
    0.20386E+00    0.51668E+03
    0.20797E+00    0.50312E+03
    0.21218E+00    0.49505E+03
    0.21646E+00    0.48926E+03
    0.22083E+00    0.48266E+03
    0.22530E+00    0.47235E+03
    0.22985E+00    0.45641E+03
    0.23449E+00    0.43490E+03
    0.23923E+00    0.40964E+03
    0.24406E+00    0.38331E+03
    0.24899E+00    0.35864E+03
    0.25402E+00    0.33777E+03
    0.25915E+00    0.32174E+03
    0.26439E+00    0.31030E+03
    0.26973E+00    0.30194E+03
    0.27518E+00    0.29458E+03
    0.28074E+00    0.28641E+03
    0.28641E+00    0.27616E+03
    0.29219E+00    0.26357E+03
    0.29810E+00    0.24948E+03
    0.30412E+00    0.23538E+03
    0.31026E+00    0.22271E+03
    0.31653E+00    0.21223E+03
    0.32292E+00    0.20386E+03
    0.32945E+00    0.19682E+03
    0.33610E+00    0.19012E+03
    0.34289E+00    0.18284E+03
    0.34982E+00    0.17471E+03
    0.35689E+00    0.16610E+03
    0.36409E+00    0.15766E+03
    0.37145E+00    0.15007E+03
    0.37895E+00    0.14351E+03
    0.38661E+00    0.13773E+03
    0.39442E+00    0.13228E+03
    0.40239E+00    0.12673E+03
    0.41052E+00    0.12097E+03
    0.41881E+00    0.11521E+03
    0.42727E+00    0.10977E+03
    0.43590E+00    0.10482E+03
    0.44471E+00    0.10029E+03
    0.45369E+00    0.96007E+02
    0.46286E+00    0.91770E+02
    0.47221E+00    0.87570E+02
    0.48174E+00    0.83504E+02
    0.49148E+00    0.79686E+02
    0.50141E+00    0.76123E+02
    0.51153E+00    0.72730E+02
    0.52187E+00    0.69456E+02
    0.53241E+00    0.66282E+02
    0.54317E+00    0.63227E+02
    0.55414E+00    0.60334E+02
    0.56533E+00    0.57596E+02
    0.57675E+00    0.54982E+02
    0.58840E+00    0.52476E+02
    0.60029E+00    0.50075E+02
    0.61242E+00    0.47776E+02
    0.62479E+00    0.45575E+02
    0.63741E+00    0.43471E+02
    0.65029E+00    0.41458E+02
    0.66342E+00    0.39535E+02
    0.67683E+00    0.37698E+02
    0.69050E+00    0.35943E+02
    0.70445E+00    0.34268E+02
    0.71868E+00    0.32670E+02
    0.73320E+00    0.31145E+02
    0.74801E+00    0.29690E+02
    0.76312E+00    0.28302E+02
    0.77854E+00    0.26978E+02
    0.79426E+00    0.25714E+02
    0.81031E+00    0.24508E+02
    0.82668E+00    0.23357E+02
    0.84338E+00    0.22260E+02
    0.86041E+00    0.21212E+02
    0.87780E+00    0.20212E+02
    0.89553E+00    0.19258E+02
    0.91362E+00    0.18348E+02
    0.93208E+00    0.17479E+02
    0.95091E+00    0.16651E+02
    0.97011E+00    0.15860E+02
    0.98971E+00    0.15107E+02
    0.10097E+01    0.14388E+02
    0.10301E+01    0.13702E+02
    0.10509E+01    0.13048E+02
    0.10721E+01    0.12425E+02
    0.10938E+01    0.11831E+02
    0.11159E+01    0.11265E+02
    0.11384E+01    0.10725E+02
    0.11614E+01    0.10210E+02
    0.11849E+01    0.97199E+01
    0.12088E+01    0.92525E+01
    0.12333E+01    0.88072E+01
    0.12582E+01    0.83828E+01
    0.12836E+01    0.79785E+01
    0.13095E+01    0.75933E+01
    0.13360E+01    0.72263E+01
    0.13630E+01    0.68767E+01
    0.13905E+01    0.65436E+01
    0.14186E+01    0.62264E+01
    0.14472E+01    0.59243E+01
    0.14765E+01    0.56365E+01
    0.15063E+01    0.53624E+01
    0.15367E+01    0.51013E+01
    0.15678E+01    0.48528E+01
    0.15994E+01    0.46160E+01
    0.16318E+01    0.43906E+01
    0.16647E+01    0.41759E+01
    0.16984E+01    0.39715E+01
    0.17327E+01    0.37769E+01
    0.17677E+01    0.35916E+01
    0.18034E+01    0.34152E+01
    0.18398E+01    0.32473E+01
    0.18770E+01    0.30876E+01
    0.19149E+01    0.29356E+01
    0.19536E+01    0.27910E+01
    0.19930E+01    0.26534E+01
    0.20333E+01    0.25226E+01
    0.20744E+01    0.23981E+01
    0.21163E+01    0.22798E+01
    0.21590E+01    0.21673E+01
