    0.10000E-03    0.56796E+03
    0.10202E-03    0.57906E+03
    0.10408E-03    0.59038E+03
    0.10618E-03    0.60191E+03
    0.10833E-03    0.61367E+03
    0.11052E-03    0.62567E+03
    0.11275E-03    0.63789E+03
    0.11503E-03    0.65035E+03
    0.11735E-03    0.66306E+03
    0.11972E-03    0.67601E+03
    0.12214E-03    0.68922E+03
    0.12461E-03    0.70268E+03
    0.12712E-03    0.71640E+03
    0.12969E-03    0.73040E+03
    0.13231E-03    0.74466E+03
    0.13499E-03    0.75921E+03
    0.13771E-03    0.77403E+03
    0.14049E-03    0.78915E+03
    0.14333E-03    0.80456E+03
    0.14623E-03    0.82027E+03
    0.14918E-03    0.83629E+03
    0.15220E-03    0.85261E+03
    0.15527E-03    0.86926E+03
    0.15841E-03    0.88623E+03
    0.16161E-03    0.90353E+03
    0.16487E-03    0.92116E+03
    0.16820E-03    0.93914E+03
    0.17160E-03    0.95747E+03
    0.17507E-03    0.97616E+03
    0.17860E-03    0.99520E+03
    0.18221E-03    0.10146E+04
    0.18589E-03    0.10344E+04
    0.18965E-03    0.10546E+04
    0.19348E-03    0.10752E+04
    0.19739E-03    0.10961E+04
    0.20138E-03    0.11175E+04
    0.20544E-03    0.11393E+04
    0.20959E-03    0.11615E+04
    0.21383E-03    0.11842E+04
    0.21815E-03    0.12072E+04
    0.22255E-03    0.12308E+04
    0.22705E-03    0.12548E+04
    0.23164E-03    0.12792E+04
    0.23632E-03    0.13041E+04
    0.24109E-03    0.13295E+04
    0.24596E-03    0.13554E+04
    0.25093E-03    0.13818E+04
    0.25600E-03    0.14087E+04
    0.26117E-03    0.14362E+04
    0.26645E-03    0.14641E+04
    0.27183E-03    0.14926E+04
    0.27732E-03    0.15216E+04
    0.28292E-03    0.15512E+04
    0.28864E-03    0.15814E+04
    0.29447E-03    0.16122E+04
    0.30042E-03    0.16435E+04
    0.30649E-03    0.16754E+04
    0.31268E-03    0.17080E+04
    0.31899E-03    0.17412E+04
    0.32544E-03    0.17750E+04
    0.33201E-03    0.18095E+04
    0.33872E-03    0.18446E+04
    0.34556E-03    0.18804E+04
    0.35254E-03    0.19169E+04
    0.35966E-03    0.19540E+04
    0.36693E-03    0.19919E+04
    0.37434E-03    0.20305E+04
    0.38190E-03    0.20699E+04
    0.38962E-03    0.21100E+04
    0.39749E-03    0.21508E+04
    0.40552E-03    0.21925E+04
    0.41371E-03    0.22349E+04
    0.42207E-03    0.22781E+04
    0.43060E-03    0.23221E+04
    0.43929E-03    0.23670E+04
    0.44817E-03    0.24127E+04
    0.45722E-03    0.24593E+04
    0.46646E-03    0.25068E+04
    0.47588E-03    0.25551E+04
    0.48550E-03    0.26044E+04
    0.49530E-03    0.26546E+04
    0.50531E-03    0.27057E+04
    0.51552E-03    0.27578E+04
    0.52593E-03    0.28108E+04
    0.53656E-03    0.28649E+04
    0.54739E-03    0.29199E+04
    0.55845E-03    0.29760E+04
    0.56973E-03    0.30331E+04
    0.58124E-03    0.30913E+04
    0.59299E-03    0.31505E+04
    0.60496E-03    0.32109E+04
    0.61719E-03    0.32723E+04
    0.62965E-03    0.33349E+04
    0.64237E-03    0.33986E+04
    0.65535E-03    0.34635E+04
    0.66859E-03    0.35296E+04
    0.68210E-03    0.35969E+04
    0.69588E-03    0.36654E+04
    0.70993E-03    0.37351E+04
    0.72427E-03    0.38062E+04
    0.73891E-03    0.38785E+04
    0.75383E-03    0.39521E+04
    0.76906E-03    0.40270E+04
    0.78460E-03    0.41033E+04
    0.80045E-03    0.41809E+04
    0.81662E-03    0.42599E+04
    0.83311E-03    0.43403E+04
    0.84994E-03    0.44222E+04
    0.86711E-03    0.45055E+04
    0.88463E-03    0.45902E+04
    0.90250E-03    0.46765E+04
    0.92073E-03    0.47642E+04
    0.93933E-03    0.48535E+04
    0.95831E-03    0.49443E+04
    0.97767E-03    0.50368E+04
    0.99742E-03    0.51308E+04
    0.10176E-02    0.52264E+04
    0.10381E-02    0.53236E+04
    0.10591E-02    0.54226E+04
    0.10805E-02    0.55232E+04
    0.11023E-02    0.56255E+04
    0.11246E-02    0.57295E+04
    0.11473E-02    0.58352E+04
    0.11705E-02    0.59428E+04
    0.11941E-02    0.60521E+04
    0.12182E-02    0.61632E+04
    0.12429E-02    0.62761E+04
    0.12680E-02    0.63909E+04
    0.12936E-02    0.65075E+04
    0.13197E-02    0.66260E+04
    0.13464E-02    0.67465E+04
    0.13736E-02    0.68688E+04
    0.14013E-02    0.69931E+04
    0.14296E-02    0.71194E+04
    0.14585E-02    0.72476E+04
    0.14880E-02    0.73778E+04
    0.15180E-02    0.75100E+04
    0.15487E-02    0.76443E+04
    0.15800E-02    0.77805E+04
    0.16119E-02    0.79189E+04
    0.16445E-02    0.80593E+04
    0.16777E-02    0.82018E+04
    0.17116E-02    0.83464E+04
    0.17462E-02    0.84931E+04
    0.17814E-02    0.86419E+04
    0.18174E-02    0.87929E+04
    0.18541E-02    0.89459E+04
    0.18916E-02    0.91012E+04
    0.19298E-02    0.92586E+04
    0.19688E-02    0.94181E+04
    0.20086E-02    0.95799E+04
    0.20491E-02    0.97438E+04
    0.20905E-02    0.99098E+04
    0.21328E-02    0.10078E+05
    0.21758E-02    0.10249E+05
    0.22198E-02    0.10421E+05
    0.22646E-02    0.10596E+05
    0.23104E-02    0.10773E+05
    0.23571E-02    0.10952E+05
    0.24047E-02    0.11133E+05
    0.24533E-02    0.11317E+05
    0.25028E-02    0.11502E+05
    0.25534E-02    0.11690E+05
    0.26050E-02    0.11880E+05
    0.26576E-02    0.12072E+05
    0.27113E-02    0.12266E+05
    0.27660E-02    0.12462E+05
    0.28219E-02    0.12660E+05
    0.28789E-02    0.12861E+05
    0.29371E-02    0.13063E+05
    0.29964E-02    0.13267E+05
    0.30569E-02    0.13473E+05
    0.31187E-02    0.13681E+05
    0.31817E-02    0.13891E+05
    0.32460E-02    0.14103E+05
    0.33115E-02    0.14317E+05
    0.33784E-02    0.14532E+05
    0.34467E-02    0.14749E+05
    0.35163E-02    0.14968E+05
    0.35874E-02    0.15189E+05
    0.36598E-02    0.15411E+05
    0.37338E-02    0.15634E+05
    0.38092E-02    0.15860E+05
    0.38861E-02    0.16086E+05
    0.39646E-02    0.16314E+05
    0.40447E-02    0.16543E+05
    0.41264E-02    0.16773E+05
    0.42098E-02    0.17005E+05
    0.42948E-02    0.17238E+05
    0.43816E-02    0.17471E+05
    0.44701E-02    0.17706E+05
    0.45604E-02    0.17941E+05
    0.46525E-02    0.18177E+05
    0.47465E-02    0.18413E+05
    0.48424E-02    0.18650E+05
    0.49402E-02    0.18888E+05
    0.50400E-02    0.19126E+05
    0.51419E-02    0.19364E+05
    0.52457E-02    0.19602E+05
    0.53517E-02    0.19841E+05
    0.54598E-02    0.20079E+05
    0.55701E-02    0.20317E+05
    0.56826E-02    0.20554E+05
    0.57974E-02    0.20791E+05
    0.59145E-02    0.21027E+05
    0.60340E-02    0.21262E+05
    0.61559E-02    0.21496E+05
    0.62803E-02    0.21728E+05
    0.64072E-02    0.21960E+05
    0.65366E-02    0.22190E+05
    0.66686E-02    0.22418E+05
    0.68033E-02    0.22645E+05
    0.69408E-02    0.22869E+05
    0.70810E-02    0.23091E+05
    0.72240E-02    0.23310E+05
    0.73700E-02    0.23527E+05
    0.75189E-02    0.23741E+05
    0.76708E-02    0.23952E+05
    0.78257E-02    0.24160E+05
    0.79838E-02    0.24365E+05
    0.81451E-02    0.24565E+05
    0.83096E-02    0.24762E+05
    0.84775E-02    0.24955E+05
    0.86488E-02    0.25144E+05
    0.88235E-02    0.25327E+05
    0.90017E-02    0.25506E+05
    0.91836E-02    0.25680E+05
    0.93691E-02    0.25849E+05
    0.95583E-02    0.26011E+05
    0.97514E-02    0.26168E+05
    0.99484E-02    0.26319E+05
    0.10149E-01    0.26463E+05
    0.10354E-01    0.26601E+05
    0.10564E-01    0.26731E+05
    0.10777E-01    0.26854E+05
    0.10995E-01    0.26970E+05
    0.11217E-01    0.27078E+05
    0.11443E-01    0.27177E+05
    0.11675E-01    0.27268E+05
    0.11910E-01    0.27351E+05
    0.12151E-01    0.27424E+05
    0.12397E-01    0.27488E+05
    0.12647E-01    0.27542E+05
    0.12902E-01    0.27587E+05
    0.13163E-01    0.27621E+05
    0.13429E-01    0.27645E+05
    0.13700E-01    0.27658E+05
    0.13977E-01    0.27660E+05
    0.14259E-01    0.27651E+05
    0.14547E-01    0.27630E+05
    0.14841E-01    0.27597E+05
    0.15141E-01    0.27552E+05
    0.15447E-01    0.27495E+05
    0.15759E-01    0.27425E+05
    0.16077E-01    0.27343E+05
    0.16402E-01    0.27248E+05
    0.16734E-01    0.27140E+05
    0.17072E-01    0.27018E+05
    0.17416E-01    0.26883E+05
    0.17768E-01    0.26735E+05
    0.18127E-01    0.26573E+05
    0.18493E-01    0.26398E+05
    0.18867E-01    0.26209E+05
    0.19248E-01    0.26007E+05
    0.19637E-01    0.25791E+05
    0.20034E-01    0.25562E+05
    0.20438E-01    0.25320E+05
    0.20851E-01    0.25064E+05
    0.21272E-01    0.24796E+05
    0.21702E-01    0.24514E+05
    0.22141E-01    0.24221E+05
    0.22588E-01    0.23916E+05
    0.23044E-01    0.23599E+05
    0.23510E-01    0.23271E+05
    0.23985E-01    0.22932E+05
    0.24469E-01    0.22583E+05
    0.24964E-01    0.22225E+05
    0.25468E-01    0.21858E+05
    0.25982E-01    0.21483E+05
    0.26507E-01    0.21101E+05
    0.27043E-01    0.20712E+05
    0.27589E-01    0.20317E+05
    0.28146E-01    0.19918E+05
    0.28715E-01    0.19515E+05
    0.29295E-01    0.19109E+05
    0.29887E-01    0.18701E+05
    0.30490E-01    0.18293E+05
    0.31106E-01    0.17884E+05
    0.31735E-01    0.17477E+05
    0.32376E-01    0.17072E+05
    0.33030E-01    0.16671E+05
    0.33697E-01    0.16274E+05
    0.34378E-01    0.15883E+05
    0.35072E-01    0.15498E+05
    0.35781E-01    0.15121E+05
    0.36504E-01    0.14753E+05
    0.37241E-01    0.14395E+05
    0.37993E-01    0.14046E+05
    0.38761E-01    0.13709E+05
    0.39544E-01    0.13384E+05
    0.40343E-01    0.13070E+05
    0.41158E-01    0.12769E+05
    0.41989E-01    0.12480E+05
    0.42838E-01    0.12205E+05
    0.43703E-01    0.11944E+05
    0.44586E-01    0.11698E+05
    0.45486E-01    0.11468E+05
    0.46405E-01    0.11253E+05
    0.47343E-01    0.11053E+05
    0.48299E-01    0.10864E+05
    0.49275E-01    0.10688E+05
    0.50270E-01    0.10522E+05
    0.51286E-01    0.10366E+05
    0.52322E-01    0.10218E+05
    0.53379E-01    0.10078E+05
    0.54457E-01    0.99444E+04
    0.55557E-01    0.98160E+04
    0.56680E-01    0.96908E+04
    0.57825E-01    0.95670E+04
    0.58993E-01    0.94430E+04
    0.60184E-01    0.93167E+04
    0.61400E-01    0.91863E+04
    0.62641E-01    0.90499E+04
    0.63906E-01    0.89058E+04
    0.65197E-01    0.87520E+04
    0.66514E-01    0.85870E+04
    0.67858E-01    0.84096E+04
    0.69229E-01    0.82193E+04
    0.70627E-01    0.80155E+04
    0.72054E-01    0.77986E+04
    0.73510E-01    0.75693E+04
    0.74994E-01    0.73287E+04
    0.76509E-01    0.70786E+04
    0.78055E-01    0.68211E+04
    0.79632E-01    0.65587E+04
    0.81241E-01    0.62940E+04
    0.82882E-01    0.60297E+04
    0.84556E-01    0.57689E+04
    0.86264E-01    0.55146E+04
    0.88007E-01    0.52697E+04
    0.89785E-01    0.50372E+04
    0.91598E-01    0.48199E+04
    0.93449E-01    0.46199E+04
    0.95337E-01    0.44389E+04
    0.97263E-01    0.42780E+04
    0.99227E-01    0.41374E+04
    0.10123E+00    0.40164E+04
    0.10328E+00    0.39140E+04
    0.10536E+00    0.38278E+04
    0.10749E+00    0.37554E+04
    0.10966E+00    0.36937E+04
    0.11188E+00    0.36393E+04
    0.11414E+00    0.35885E+04
    0.11644E+00    0.35374E+04
    0.11880E+00    0.34822E+04
    0.12120E+00    0.34194E+04
    0.12365E+00    0.33461E+04
    0.12614E+00    0.32607E+04
    0.12869E+00    0.31623E+04
    0.13129E+00    0.30516E+04
    0.13394E+00    0.29299E+04
    0.13665E+00    0.27998E+04
    0.13941E+00    0.26645E+04
    0.14223E+00    0.25280E+04
    0.14510E+00    0.23947E+04
    0.14803E+00    0.22691E+04
    0.15102E+00    0.21552E+04
    0.15407E+00    0.20557E+04
    0.15718E+00    0.19717E+04
    0.16036E+00    0.19029E+04
    0.16360E+00    0.18474E+04
    0.16690E+00    0.18031E+04
    0.17028E+00    0.17668E+04
    0.17371E+00    0.17351E+04
    0.17722E+00    0.17037E+04
    0.18080E+00    0.16685E+04
    0.18446E+00    0.16262E+04
    0.18818E+00    0.15749E+04
    0.19198E+00    0.15149E+04
    0.19586E+00    0.14481E+04
    0.19982E+00    0.13772E+04
    0.20386E+00    0.13057E+04
    0.20797E+00    0.12371E+04
    0.21218E+00    0.11748E+04
    0.21646E+00    0.11210E+04
    0.22083E+00    0.10765E+04
    0.22530E+00    0.10407E+04
    0.22985E+00    0.10116E+04
    0.23449E+00    0.98629E+03
    0.23923E+00    0.96153E+03
    0.24406E+00    0.93439E+03
    0.24899E+00    0.90315E+03
    0.25402E+00    0.86755E+03
    0.25915E+00    0.82863E+03
    0.26439E+00    0.78838E+03
    0.26973E+00    0.74931E+03
    0.27518E+00    0.71372E+03
    0.28074E+00    0.68294E+03
    0.28641E+00    0.65702E+03
    0.29219E+00    0.63491E+03
    0.29810E+00    0.61484E+03
    0.30412E+00    0.59491E+03
    0.31026E+00    0.57365E+03
    0.31653E+00    0.55053E+03
    0.32292E+00    0.52612E+03
    0.32945E+00    0.50176E+03
    0.33610E+00    0.47876E+03
    0.34289E+00    0.45800E+03
    0.34982E+00    0.43971E+03
    0.35689E+00    0.42335E+03
    0.36409E+00    0.40785E+03
    0.37145E+00    0.39230E+03
    0.37895E+00    0.37627E+03
    0.38661E+00    0.35993E+03
    0.39442E+00    0.34388E+03
    0.40239E+00    0.32879E+03
    0.41052E+00    0.31494E+03
    0.41881E+00    0.30223E+03
    0.42727E+00    0.29022E+03
    0.43590E+00    0.27842E+03
    0.44471E+00    0.26666E+03
    0.45369E+00    0.25506E+03
    0.46286E+00    0.24392E+03
    0.47221E+00    0.23344E+03
    0.48174E+00    0.22362E+03
    0.49148E+00    0.21430E+03
    0.50141E+00    0.20525E+03
    0.51153E+00    0.19641E+03
    0.52187E+00    0.18785E+03
    0.53241E+00    0.17968E+03
    0.54317E+00    0.17195E+03
    0.55414E+00    0.16457E+03
    0.56533E+00    0.15747E+03
    0.57675E+00    0.15061E+03
    0.58840E+00    0.14401E+03
    0.60029E+00    0.13771E+03
    0.61242E+00    0.13170E+03
    0.62479E+00    0.12594E+03
    0.63741E+00    0.12042E+03
    0.65029E+00    0.11513E+03
    0.66342E+00    0.11005E+03
    0.67683E+00    0.10519E+03
    0.69050E+00    0.10053E+03
    0.70445E+00    0.96060E+02
    0.71868E+00    0.91783E+02
    0.73320E+00    0.87688E+02
    0.74801E+00    0.83769E+02
    0.76312E+00    0.80017E+02
    0.77854E+00    0.76428E+02
    0.79426E+00    0.72995E+02
    0.81031E+00    0.69710E+02
    0.82668E+00    0.66568E+02
    0.84338E+00    0.63563E+02
    0.86041E+00    0.60689E+02
    0.87780E+00    0.57941E+02
    0.89553E+00    0.55312E+02
    0.91362E+00    0.52799E+02
    0.93208E+00    0.50396E+02
    0.95091E+00    0.48098E+02
    0.97011E+00    0.45901E+02
    0.98971E+00    0.43802E+02
    0.10097E+01    0.41794E+02
    0.10301E+01    0.39876E+02
    0.10509E+01    0.38043E+02
    0.10721E+01    0.36291E+02
    0.10938E+01    0.34617E+02
    0.11159E+01    0.33018E+02
    0.11384E+01    0.31490E+02
    0.11614E+01    0.30031E+02
    0.11849E+01    0.28637E+02
    0.12088E+01    0.27307E+02
    0.12333E+01    0.26036E+02
    0.12582E+01    0.24822E+02
    0.12836E+01    0.23664E+02
    0.13095E+01    0.22558E+02
    0.13360E+01    0.21502E+02
    0.13630E+01    0.20494E+02
    0.13905E+01    0.19532E+02
    0.14186E+01    0.18615E+02
    0.14472E+01    0.17739E+02
    0.14765E+01    0.16903E+02
    0.15063E+01    0.16106E+02
    0.15367E+01    0.15345E+02
    0.15678E+01    0.14620E+02
    0.15994E+01    0.13928E+02
    0.16318E+01    0.13267E+02
    0.16647E+01    0.12638E+02
    0.16984E+01    0.12037E+02
    0.17327E+01    0.11464E+02
    0.17677E+01    0.10918E+02
    0.18034E+01    0.10397E+02
    0.18398E+01    0.98996E+01
    0.18770E+01    0.94258E+01
    0.19149E+01    0.89741E+01
    0.19536E+01    0.85434E+01
    0.19930E+01    0.81329E+01
    0.20333E+01    0.77417E+01
    0.20744E+01    0.73690E+01
    0.21163E+01    0.70139E+01
    0.21590E+01    0.66758E+01
    0.22026E+01    0.63537E+01
    0.22471E+01    0.60471E+01
    0.22925E+01    0.57552E+01
    0.23388E+01    0.54774E+01
