    0.10000E-03    0.51131E+03
    0.10202E-03    0.52130E+03
    0.10408E-03    0.53149E+03
    0.10618E-03    0.54187E+03
    0.10833E-03    0.55246E+03
    0.11052E-03    0.56326E+03
    0.11275E-03    0.57426E+03
    0.11503E-03    0.58548E+03
    0.11735E-03    0.59692E+03
    0.11972E-03    0.60859E+03
    0.12214E-03    0.62048E+03
    0.12461E-03    0.63260E+03
    0.12712E-03    0.64496E+03
    0.12969E-03    0.65755E+03
    0.13231E-03    0.67040E+03
    0.13499E-03    0.68349E+03
    0.13771E-03    0.69685E+03
    0.14049E-03    0.71046E+03
    0.14333E-03    0.72433E+03
    0.14623E-03    0.73848E+03
    0.14918E-03    0.75290E+03
    0.15220E-03    0.76760E+03
    0.15527E-03    0.78259E+03
    0.15841E-03    0.79787E+03
    0.16161E-03    0.81345E+03
    0.16487E-03    0.82933E+03
    0.16820E-03    0.84552E+03
    0.17160E-03    0.86203E+03
    0.17507E-03    0.87885E+03
    0.17860E-03    0.89601E+03
    0.18221E-03    0.91349E+03
    0.18589E-03    0.93132E+03
    0.18965E-03    0.94949E+03
    0.19348E-03    0.96802E+03
    0.19739E-03    0.98690E+03
    0.20138E-03    0.10062E+04
    0.20544E-03    0.10258E+04
    0.20959E-03    0.10458E+04
    0.21383E-03    0.10662E+04
    0.21815E-03    0.10870E+04
    0.22255E-03    0.11082E+04
    0.22705E-03    0.11298E+04
    0.23164E-03    0.11518E+04
    0.23632E-03    0.11743E+04
    0.24109E-03    0.11971E+04
    0.24596E-03    0.12205E+04
    0.25093E-03    0.12442E+04
    0.25600E-03    0.12685E+04
    0.26117E-03    0.12932E+04
    0.26645E-03    0.13184E+04
    0.27183E-03    0.13440E+04
    0.27732E-03    0.13702E+04
    0.28292E-03    0.13969E+04
    0.28864E-03    0.14241E+04
    0.29447E-03    0.14518E+04
    0.30042E-03    0.14800E+04
    0.30649E-03    0.15088E+04
    0.31268E-03    0.15381E+04
    0.31899E-03    0.15681E+04
    0.32544E-03    0.15985E+04
    0.33201E-03    0.16296E+04
    0.33872E-03    0.16613E+04
    0.34556E-03    0.16935E+04
    0.35254E-03    0.17264E+04
    0.35966E-03    0.17599E+04
    0.36693E-03    0.17941E+04
    0.37434E-03    0.18289E+04
    0.38190E-03    0.18644E+04
    0.38962E-03    0.19005E+04
    0.39749E-03    0.19374E+04
    0.40552E-03    0.19749E+04
    0.41371E-03    0.20132E+04
    0.42207E-03    0.20522E+04
    0.43060E-03    0.20919E+04
    0.43929E-03    0.21324E+04
    0.44817E-03    0.21736E+04
    0.45722E-03    0.22156E+04
    0.46646E-03    0.22585E+04
    0.47588E-03    0.23021E+04
    0.48550E-03    0.23466E+04
    0.49530E-03    0.23919E+04
    0.50531E-03    0.24380E+04
    0.51552E-03    0.24850E+04
    0.52593E-03    0.25329E+04
    0.53656E-03    0.25817E+04
    0.54739E-03    0.26314E+04
    0.55845E-03    0.26821E+04
    0.56973E-03    0.27336E+04
    0.58124E-03    0.27862E+04
    0.59299E-03    0.28397E+04
    0.60496E-03    0.28942E+04
    0.61719E-03    0.29497E+04
    0.62965E-03    0.30063E+04
    0.64237E-03    0.30639E+04
    0.65535E-03    0.31226E+04
    0.66859E-03    0.31823E+04
    0.68210E-03    0.32431E+04
    0.69588E-03    0.33051E+04
    0.70993E-03    0.33682E+04
    0.72427E-03    0.34324E+04
    0.73891E-03    0.34978E+04
    0.75383E-03    0.35644E+04
    0.76906E-03    0.36323E+04
    0.78460E-03    0.37013E+04
    0.80045E-03    0.37716E+04
    0.81662E-03    0.38431E+04
    0.83311E-03    0.39160E+04
    0.84994E-03    0.39901E+04
    0.86711E-03    0.40656E+04
    0.88463E-03    0.41424E+04
    0.90250E-03    0.42206E+04
    0.92073E-03    0.43001E+04
    0.93933E-03    0.43811E+04
    0.95831E-03    0.44635E+04
    0.97767E-03    0.45473E+04
    0.99742E-03    0.46326E+04
    0.10176E-02    0.47194E+04
    0.10381E-02    0.48077E+04
    0.10591E-02    0.48975E+04
    0.10805E-02    0.49889E+04
    0.11023E-02    0.50818E+04
    0.11246E-02    0.51764E+04
    0.11473E-02    0.52725E+04
    0.11705E-02    0.53703E+04
    0.11941E-02    0.54697E+04
    0.12182E-02    0.55708E+04
    0.12429E-02    0.56736E+04
    0.12680E-02    0.57781E+04
    0.12936E-02    0.58843E+04
    0.13197E-02    0.59923E+04
    0.13464E-02    0.61021E+04
    0.13736E-02    0.62136E+04
    0.14013E-02    0.63270E+04
    0.14296E-02    0.64422E+04
    0.14585E-02    0.65592E+04
    0.14880E-02    0.66781E+04
    0.15180E-02    0.67989E+04
    0.15487E-02    0.69215E+04
    0.15800E-02    0.70461E+04
    0.16119E-02    0.71727E+04
    0.16445E-02    0.73012E+04
    0.16777E-02    0.74316E+04
    0.17116E-02    0.75640E+04
    0.17462E-02    0.76985E+04
    0.17814E-02    0.78349E+04
    0.18174E-02    0.79733E+04
    0.18541E-02    0.81138E+04
    0.18916E-02    0.82564E+04
    0.19298E-02    0.84010E+04
    0.19688E-02    0.85476E+04
    0.20086E-02    0.86964E+04
    0.20491E-02    0.88472E+04
    0.20905E-02    0.90001E+04
    0.21328E-02    0.91551E+04
    0.21758E-02    0.93122E+04
    0.22198E-02    0.94715E+04
    0.22646E-02    0.96328E+04
    0.23104E-02    0.97962E+04
    0.23571E-02    0.99618E+04
    0.24047E-02    0.10130E+05
    0.24533E-02    0.10299E+05
    0.25028E-02    0.10471E+05
    0.25534E-02    0.10645E+05
    0.26050E-02    0.10821E+05
    0.26576E-02    0.11000E+05
    0.27113E-02    0.11180E+05
    0.27660E-02    0.11362E+05
    0.28219E-02    0.11547E+05
    0.28789E-02    0.11733E+05
    0.29371E-02    0.11922E+05
    0.29964E-02    0.12112E+05
    0.30569E-02    0.12305E+05
    0.31187E-02    0.12499E+05
    0.31817E-02    0.12696E+05
    0.32460E-02    0.12894E+05
    0.33115E-02    0.13094E+05
    0.33784E-02    0.13296E+05
    0.34467E-02    0.13500E+05
    0.35163E-02    0.13706E+05
    0.35874E-02    0.13914E+05
    0.36598E-02    0.14123E+05
    0.37338E-02    0.14334E+05
    0.38092E-02    0.14546E+05
    0.38861E-02    0.14761E+05
    0.39646E-02    0.14976E+05
    0.40447E-02    0.15194E+05
    0.41264E-02    0.15412E+05
    0.42098E-02    0.15632E+05
    0.42948E-02    0.15853E+05
    0.43816E-02    0.16076E+05
    0.44701E-02    0.16300E+05
    0.45604E-02    0.16525E+05
    0.46525E-02    0.16750E+05
    0.47465E-02    0.16977E+05
    0.48424E-02    0.17205E+05
    0.49402E-02    0.17433E+05
    0.50400E-02    0.17662E+05
    0.51419E-02    0.17892E+05
    0.52457E-02    0.18122E+05
    0.53517E-02    0.18353E+05
    0.54598E-02    0.18584E+05
    0.55701E-02    0.18815E+05
    0.56826E-02    0.19046E+05
    0.57974E-02    0.19277E+05
    0.59145E-02    0.19508E+05
    0.60340E-02    0.19739E+05
    0.61559E-02    0.19968E+05
    0.62803E-02    0.20198E+05
    0.64072E-02    0.20426E+05
    0.65366E-02    0.20654E+05
    0.66686E-02    0.20881E+05
    0.68033E-02    0.21106E+05
    0.69408E-02    0.21330E+05
    0.70810E-02    0.21553E+05
    0.72240E-02    0.21773E+05
    0.73700E-02    0.21992E+05
    0.75189E-02    0.22209E+05
    0.76708E-02    0.22423E+05
    0.78257E-02    0.22635E+05
    0.79838E-02    0.22845E+05
    0.81451E-02    0.23051E+05
    0.83096E-02    0.23255E+05
    0.84775E-02    0.23455E+05
    0.86488E-02    0.23652E+05
    0.88235E-02    0.23845E+05
    0.90017E-02    0.24035E+05
    0.91836E-02    0.24220E+05
    0.93691E-02    0.24400E+05
    0.95583E-02    0.24577E+05
    0.97514E-02    0.24748E+05
    0.99484E-02    0.24914E+05
    0.10149E-01    0.25074E+05
    0.10354E-01    0.25229E+05
    0.10564E-01    0.25378E+05
    0.10777E-01    0.25521E+05
    0.10995E-01    0.25657E+05
    0.11217E-01    0.25787E+05
    0.11443E-01    0.25910E+05
    0.11675E-01    0.26025E+05
    0.11910E-01    0.26132E+05
    0.12151E-01    0.26232E+05
    0.12397E-01    0.26324E+05
    0.12647E-01    0.26407E+05
    0.12902E-01    0.26482E+05
    0.13163E-01    0.26547E+05
    0.13429E-01    0.26603E+05
    0.13700E-01    0.26650E+05
    0.13977E-01    0.26686E+05
    0.14259E-01    0.26713E+05
    0.14547E-01    0.26729E+05
    0.14841E-01    0.26735E+05
    0.15141E-01    0.26729E+05
    0.15447E-01    0.26712E+05
    0.15759E-01    0.26684E+05
    0.16077E-01    0.26644E+05
    0.16402E-01    0.26593E+05
    0.16734E-01    0.26529E+05
    0.17072E-01    0.26453E+05
    0.17416E-01    0.26365E+05
    0.17768E-01    0.26264E+05
    0.18127E-01    0.26150E+05
    0.18493E-01    0.26023E+05
    0.18867E-01    0.25884E+05
    0.19248E-01    0.25731E+05
    0.19637E-01    0.25566E+05
    0.20034E-01    0.25388E+05
    0.20438E-01    0.25196E+05
    0.20851E-01    0.24992E+05
    0.21272E-01    0.24775E+05
    0.21702E-01    0.24546E+05
    0.22141E-01    0.24304E+05
    0.22588E-01    0.24050E+05
    0.23044E-01    0.23785E+05
    0.23510E-01    0.23507E+05
    0.23985E-01    0.23219E+05
    0.24469E-01    0.22919E+05
    0.24964E-01    0.22610E+05
    0.25468E-01    0.22291E+05
    0.25982E-01    0.21962E+05
    0.26507E-01    0.21625E+05
    0.27043E-01    0.21280E+05
    0.27589E-01    0.20928E+05
    0.28146E-01    0.20570E+05
    0.28715E-01    0.20205E+05
    0.29295E-01    0.19837E+05
    0.29887E-01    0.19464E+05
    0.30490E-01    0.19088E+05
    0.31106E-01    0.18711E+05
    0.31735E-01    0.18332E+05
    0.32376E-01    0.17953E+05
    0.33030E-01    0.17575E+05
    0.33697E-01    0.17199E+05
    0.34378E-01    0.16826E+05
    0.35072E-01    0.16457E+05
    0.35781E-01    0.16093E+05
    0.36504E-01    0.15735E+05
    0.37241E-01    0.15384E+05
    0.37993E-01    0.15041E+05
    0.38761E-01    0.14707E+05
    0.39544E-01    0.14382E+05
    0.40343E-01    0.14067E+05
    0.41158E-01    0.13762E+05
    0.41989E-01    0.13467E+05
    0.42838E-01    0.13184E+05
    0.43703E-01    0.12912E+05
    0.44586E-01    0.12653E+05
    0.45486E-01    0.12408E+05
    0.46405E-01    0.12177E+05
    0.47343E-01    0.11960E+05
    0.48299E-01    0.11756E+05
    0.49275E-01    0.11563E+05
    0.50270E-01    0.11380E+05
    0.51286E-01    0.11206E+05
    0.52322E-01    0.11041E+05
    0.53379E-01    0.10884E+05
    0.54457E-01    0.10733E+05
    0.55557E-01    0.10589E+05
    0.56680E-01    0.10449E+05
    0.57825E-01    0.10313E+05
    0.58993E-01    0.10178E+05
    0.60184E-01    0.10043E+05
    0.61400E-01    0.99058E+04
    0.62641E-01    0.97646E+04
    0.63906E-01    0.96177E+04
    0.65197E-01    0.94632E+04
    0.66514E-01    0.92993E+04
    0.67858E-01    0.91246E+04
    0.69229E-01    0.89381E+04
    0.70627E-01    0.87391E+04
    0.72054E-01    0.85274E+04
    0.73510E-01    0.83033E+04
    0.74994E-01    0.80677E+04
    0.76509E-01    0.78217E+04
    0.78055E-01    0.75671E+04
    0.79632E-01    0.73061E+04
    0.81241E-01    0.70409E+04
    0.82882E-01    0.67740E+04
    0.84556E-01    0.65078E+04
    0.86264E-01    0.62450E+04
    0.88007E-01    0.59884E+04
    0.89785E-01    0.57405E+04
    0.91598E-01    0.55043E+04
    0.93449E-01    0.52823E+04
    0.95337E-01    0.50767E+04
    0.97263E-01    0.48892E+04
    0.99227E-01    0.47212E+04
    0.10123E+00    0.45730E+04
    0.10328E+00    0.44440E+04
    0.10536E+00    0.43332E+04
    0.10749E+00    0.42381E+04
    0.10966E+00    0.41562E+04
    0.11188E+00    0.40843E+04
    0.11414E+00    0.40189E+04
    0.11644E+00    0.39565E+04
    0.11880E+00    0.38935E+04
    0.12120E+00    0.38264E+04
    0.12365E+00    0.37522E+04
    0.12614E+00    0.36682E+04
    0.12869E+00    0.35728E+04
    0.13129E+00    0.34651E+04
    0.13394E+00    0.33457E+04
    0.13665E+00    0.32161E+04
    0.13941E+00    0.30788E+04
    0.14223E+00    0.29371E+04
    0.14510E+00    0.27950E+04
    0.14803E+00    0.26567E+04
    0.15102E+00    0.25263E+04
    0.15407E+00    0.24076E+04
    0.15718E+00    0.23029E+04
    0.16036E+00    0.22134E+04
    0.16360E+00    0.21389E+04
    0.16690E+00    0.20775E+04
    0.17028E+00    0.20269E+04
    0.17371E+00    0.19841E+04
    0.17722E+00    0.19453E+04
    0.18080E+00    0.19065E+04
    0.18446E+00    0.18638E+04
    0.18818E+00    0.18140E+04
    0.19198E+00    0.17558E+04
    0.19586E+00    0.16893E+04
    0.19982E+00    0.16167E+04
    0.20386E+00    0.15405E+04
    0.20797E+00    0.14642E+04
    0.21218E+00    0.13913E+04
    0.21646E+00    0.13250E+04
    0.22083E+00    0.12675E+04
    0.22530E+00    0.12192E+04
    0.22985E+00    0.11793E+04
    0.23449E+00    0.11458E+04
    0.23923E+00    0.11160E+04
    0.24406E+00    0.10866E+04
    0.24899E+00    0.10547E+04
    0.25402E+00    0.10187E+04
    0.25915E+00    0.97848E+03
    0.26439E+00    0.93548E+03
    0.26973E+00    0.89165E+03
    0.27518E+00    0.84928E+03
    0.28074E+00    0.81058E+03
    0.28641E+00    0.77689E+03
    0.29219E+00    0.74812E+03
    0.29810E+00    0.72297E+03
    0.30412E+00    0.69970E+03
    0.31026E+00    0.67654E+03
    0.31653E+00    0.65207E+03
    0.32292E+00    0.62582E+03
    0.32945E+00    0.59851E+03
    0.33610E+00    0.57154E+03
    0.34289E+00    0.54615E+03
    0.34982E+00    0.52311E+03
    0.35689E+00    0.50260E+03
    0.36409E+00    0.48397E+03
    0.37145E+00    0.46617E+03
    0.37895E+00    0.44832E+03
    0.38661E+00    0.43006E+03
    0.39442E+00    0.41160E+03
    0.40239E+00    0.39361E+03
    0.41052E+00    0.37670E+03
    0.41881E+00    0.36110E+03
    0.42727E+00    0.34666E+03
    0.43590E+00    0.33292E+03
    0.44471E+00    0.31943E+03
    0.45369E+00    0.30602E+03
    0.46286E+00    0.29287E+03
    0.47221E+00    0.28026E+03
    0.48174E+00    0.26839E+03
    0.49148E+00    0.25721E+03
    0.50141E+00    0.24656E+03
    0.51153E+00    0.23621E+03
    0.52187E+00    0.22612E+03
    0.53241E+00    0.21636E+03
    0.54317E+00    0.20706E+03
    0.55414E+00    0.19823E+03
    0.56533E+00    0.18979E+03
    0.57675E+00    0.18166E+03
    0.58840E+00    0.17381E+03
    0.60029E+00    0.16627E+03
    0.61242E+00    0.15906E+03
    0.62479E+00    0.15217E+03
    0.63741E+00    0.14556E+03
    0.65029E+00    0.13923E+03
    0.66342E+00    0.13315E+03
    0.67683E+00    0.12733E+03
    0.69050E+00    0.12174E+03
    0.70445E+00    0.11639E+03
    0.71868E+00    0.11126E+03
    0.73320E+00    0.10634E+03
    0.74801E+00    0.10163E+03
    0.76312E+00    0.97127E+02
    0.77854E+00    0.92811E+02
    0.79426E+00    0.88679E+02
    0.81031E+00    0.84724E+02
    0.82668E+00    0.80938E+02
    0.84338E+00    0.77316E+02
    0.86041E+00    0.73849E+02
    0.87780E+00    0.70532E+02
    0.89553E+00    0.67358E+02
    0.91362E+00    0.64322E+02
    0.93208E+00    0.61418E+02
    0.95091E+00    0.58640E+02
    0.97011E+00    0.55983E+02
    0.98971E+00    0.53441E+02
    0.10097E+01    0.51011E+02
    0.10301E+01    0.48688E+02
    0.10509E+01    0.46466E+02
    0.10721E+01    0.44343E+02
    0.10938E+01    0.42313E+02
    0.11159E+01    0.40373E+02
    0.11384E+01    0.38518E+02
    0.11614E+01    0.36746E+02
    0.11849E+01    0.35053E+02
    0.12088E+01    0.33436E+02
    0.12333E+01    0.31891E+02
    0.12582E+01    0.30414E+02
    0.12836E+01    0.29004E+02
    0.13095E+01    0.27658E+02
    0.13360E+01    0.26372E+02
    0.13630E+01    0.25144E+02
    0.13905E+01    0.23972E+02
    0.14186E+01    0.22853E+02
    0.14472E+01    0.21784E+02
    0.14765E+01    0.20764E+02
    0.15063E+01    0.19791E+02
    0.15367E+01    0.18862E+02
    0.15678E+01    0.17976E+02
    0.15994E+01    0.17130E+02
    0.16318E+01    0.16323E+02
    0.16647E+01    0.15552E+02
    0.16984E+01    0.14818E+02
    0.17327E+01    0.14116E+02
    0.17677E+01    0.13448E+02
    0.18034E+01    0.12809E+02
    0.18398E+01    0.12201E+02
    0.18770E+01    0.11620E+02
    0.19149E+01    0.11066E+02
    0.19536E+01    0.10538E+02
    0.19930E+01    0.10035E+02
    0.20333E+01    0.95544E+01
    0.20744E+01    0.90968E+01
    0.21163E+01    0.86607E+01
    0.21590E+01    0.82452E+01
    0.22026E+01    0.78493E+01
    0.22471E+01    0.74723E+01
    0.22925E+01    0.71132E+01
    0.23388E+01    0.67714E+01
