    0.10000E-03    0.48319E+03
    0.10202E-03    0.49263E+03
    0.10408E-03    0.50226E+03
    0.10618E-03    0.51208E+03
    0.10833E-03    0.52208E+03
    0.11052E-03    0.53229E+03
    0.11275E-03    0.54269E+03
    0.11503E-03    0.55329E+03
    0.11735E-03    0.56410E+03
    0.11972E-03    0.57513E+03
    0.12214E-03    0.58636E+03
    0.12461E-03    0.59782E+03
    0.12712E-03    0.60950E+03
    0.12969E-03    0.62141E+03
    0.13231E-03    0.63355E+03
    0.13499E-03    0.64593E+03
    0.13771E-03    0.65854E+03
    0.14049E-03    0.67141E+03
    0.14333E-03    0.68452E+03
    0.14623E-03    0.69789E+03
    0.14918E-03    0.71153E+03
    0.15220E-03    0.72542E+03
    0.15527E-03    0.73959E+03
    0.15841E-03    0.75403E+03
    0.16161E-03    0.76876E+03
    0.16487E-03    0.78377E+03
    0.16820E-03    0.79907E+03
    0.17160E-03    0.81467E+03
    0.17507E-03    0.83058E+03
    0.17860E-03    0.84679E+03
    0.18221E-03    0.86332E+03
    0.18589E-03    0.88018E+03
    0.18965E-03    0.89736E+03
    0.19348E-03    0.91487E+03
    0.19739E-03    0.93272E+03
    0.20138E-03    0.95092E+03
    0.20544E-03    0.96948E+03
    0.20959E-03    0.98839E+03
    0.21383E-03    0.10077E+04
    0.21815E-03    0.10273E+04
    0.22255E-03    0.10474E+04
    0.22705E-03    0.10678E+04
    0.23164E-03    0.10886E+04
    0.23632E-03    0.11098E+04
    0.24109E-03    0.11315E+04
    0.24596E-03    0.11535E+04
    0.25093E-03    0.11760E+04
    0.25600E-03    0.11989E+04
    0.26117E-03    0.12223E+04
    0.26645E-03    0.12461E+04
    0.27183E-03    0.12704E+04
    0.27732E-03    0.12951E+04
    0.28292E-03    0.13204E+04
    0.28864E-03    0.13461E+04
    0.29447E-03    0.13723E+04
    0.30042E-03    0.13990E+04
    0.30649E-03    0.14262E+04
    0.31268E-03    0.14540E+04
    0.31899E-03    0.14823E+04
    0.32544E-03    0.15111E+04
    0.33201E-03    0.15405E+04
    0.33872E-03    0.15704E+04
    0.34556E-03    0.16010E+04
    0.35254E-03    0.16321E+04
    0.35966E-03    0.16638E+04
    0.36693E-03    0.16961E+04
    0.37434E-03    0.17290E+04
    0.38190E-03    0.17626E+04
    0.38962E-03    0.17968E+04
    0.39749E-03    0.18317E+04
    0.40552E-03    0.18672E+04
    0.41371E-03    0.19034E+04
    0.42207E-03    0.19403E+04
    0.43060E-03    0.19779E+04
    0.43929E-03    0.20163E+04
    0.44817E-03    0.20553E+04
    0.45722E-03    0.20951E+04
    0.46646E-03    0.21356E+04
    0.47588E-03    0.21770E+04
    0.48550E-03    0.22191E+04
    0.49530E-03    0.22619E+04
    0.50531E-03    0.23057E+04
    0.51552E-03    0.23502E+04
    0.52593E-03    0.23956E+04
    0.53656E-03    0.24418E+04
    0.54739E-03    0.24889E+04
    0.55845E-03    0.25368E+04
    0.56973E-03    0.25857E+04
    0.58124E-03    0.26355E+04
    0.59299E-03    0.26862E+04
    0.60496E-03    0.27379E+04
    0.61719E-03    0.27906E+04
    0.62965E-03    0.28442E+04
    0.64237E-03    0.28988E+04
    0.65535E-03    0.29544E+04
    0.66859E-03    0.30111E+04
    0.68210E-03    0.30688E+04
    0.69588E-03    0.31275E+04
    0.70993E-03    0.31874E+04
    0.72427E-03    0.32483E+04
    0.73891E-03    0.33104E+04
    0.75383E-03    0.33736E+04
    0.76906E-03    0.34380E+04
    0.78460E-03    0.35035E+04
    0.80045E-03    0.35703E+04
    0.81662E-03    0.36382E+04
    0.83311E-03    0.37074E+04
    0.84994E-03    0.37778E+04
    0.86711E-03    0.38495E+04
    0.88463E-03    0.39225E+04
    0.90250E-03    0.39968E+04
    0.92073E-03    0.40724E+04
    0.93933E-03    0.41494E+04
    0.95831E-03    0.42278E+04
    0.97767E-03    0.43075E+04
    0.99742E-03    0.43886E+04
    0.10176E-02    0.44712E+04
    0.10381E-02    0.45553E+04
    0.10591E-02    0.46408E+04
    0.10805E-02    0.47278E+04
    0.11023E-02    0.48163E+04
    0.11246E-02    0.49063E+04
    0.11473E-02    0.49979E+04
    0.11705E-02    0.50911E+04
    0.11941E-02    0.51859E+04
    0.12182E-02    0.52823E+04
    0.12429E-02    0.53803E+04
    0.12680E-02    0.54800E+04
    0.12936E-02    0.55814E+04
    0.13197E-02    0.56844E+04
    0.13464E-02    0.57892E+04
    0.13736E-02    0.58958E+04
    0.14013E-02    0.60041E+04
    0.14296E-02    0.61142E+04
    0.14585E-02    0.62260E+04
    0.14880E-02    0.63397E+04
    0.15180E-02    0.64553E+04
    0.15487E-02    0.65727E+04
    0.15800E-02    0.66920E+04
    0.16119E-02    0.68132E+04
    0.16445E-02    0.69362E+04
    0.16777E-02    0.70613E+04
    0.17116E-02    0.71882E+04
    0.17462E-02    0.73172E+04
    0.17814E-02    0.74481E+04
    0.18174E-02    0.75810E+04
    0.18541E-02    0.77159E+04
    0.18916E-02    0.78529E+04
    0.19298E-02    0.79919E+04
    0.19688E-02    0.81329E+04
    0.20086E-02    0.82760E+04
    0.20491E-02    0.84212E+04
    0.20905E-02    0.85685E+04
    0.21328E-02    0.87179E+04
    0.21758E-02    0.88694E+04
    0.22198E-02    0.90230E+04
    0.22646E-02    0.91787E+04
    0.23104E-02    0.93366E+04
    0.23571E-02    0.94965E+04
    0.24047E-02    0.96587E+04
    0.24533E-02    0.98229E+04
    0.25028E-02    0.99894E+04
    0.25534E-02    0.10158E+05
    0.26050E-02    0.10329E+05
    0.26576E-02    0.10501E+05
    0.27113E-02    0.10676E+05
    0.27660E-02    0.10854E+05
    0.28219E-02    0.11033E+05
    0.28789E-02    0.11214E+05
    0.29371E-02    0.11398E+05
    0.29964E-02    0.11583E+05
    0.30569E-02    0.11771E+05
    0.31187E-02    0.11961E+05
    0.31817E-02    0.12152E+05
    0.32460E-02    0.12346E+05
    0.33115E-02    0.12542E+05
    0.33784E-02    0.12740E+05
    0.34467E-02    0.12940E+05
    0.35163E-02    0.13141E+05
    0.35874E-02    0.13345E+05
    0.36598E-02    0.13551E+05
    0.37338E-02    0.13758E+05
    0.38092E-02    0.13967E+05
    0.38861E-02    0.14178E+05
    0.39646E-02    0.14391E+05
    0.40447E-02    0.14605E+05
    0.41264E-02    0.14822E+05
    0.42098E-02    0.15039E+05
    0.42948E-02    0.15258E+05
    0.43816E-02    0.15479E+05
    0.44701E-02    0.15701E+05
    0.45604E-02    0.15925E+05
    0.46525E-02    0.16149E+05
    0.47465E-02    0.16375E+05
    0.48424E-02    0.16603E+05
    0.49402E-02    0.16831E+05
    0.50400E-02    0.17060E+05
    0.51419E-02    0.17290E+05
    0.52457E-02    0.17521E+05
    0.53517E-02    0.17753E+05
    0.54598E-02    0.17985E+05
    0.55701E-02    0.18219E+05
    0.56826E-02    0.18452E+05
    0.57974E-02    0.18686E+05
    0.59145E-02    0.18920E+05
    0.60340E-02    0.19154E+05
    0.61559E-02    0.19388E+05
    0.62803E-02    0.19622E+05
    0.64072E-02    0.19855E+05
    0.65366E-02    0.20088E+05
    0.66686E-02    0.20321E+05
    0.68033E-02    0.20553E+05
    0.69408E-02    0.20784E+05
    0.70810E-02    0.21014E+05
    0.72240E-02    0.21242E+05
    0.73700E-02    0.21470E+05
    0.75189E-02    0.21696E+05
    0.76708E-02    0.21920E+05
    0.78257E-02    0.22142E+05
    0.79838E-02    0.22362E+05
    0.81451E-02    0.22580E+05
    0.83096E-02    0.22796E+05
    0.84775E-02    0.23009E+05
    0.86488E-02    0.23219E+05
    0.88235E-02    0.23427E+05
    0.90017E-02    0.23631E+05
    0.91836E-02    0.23831E+05
    0.93691E-02    0.24028E+05
    0.95583E-02    0.24221E+05
    0.97514E-02    0.24410E+05
    0.99484E-02    0.24594E+05
    0.10149E-01    0.24773E+05
    0.10354E-01    0.24948E+05
    0.10564E-01    0.25117E+05
    0.10777E-01    0.25281E+05
    0.10995E-01    0.25440E+05
    0.11217E-01    0.25592E+05
    0.11443E-01    0.25738E+05
    0.11675E-01    0.25877E+05
    0.11910E-01    0.26010E+05
    0.12151E-01    0.26135E+05
    0.12397E-01    0.26253E+05
    0.12647E-01    0.26364E+05
    0.12902E-01    0.26466E+05
    0.13163E-01    0.26560E+05
    0.13429E-01    0.26646E+05
    0.13700E-01    0.26722E+05
    0.13977E-01    0.26790E+05
    0.14259E-01    0.26848E+05
    0.14547E-01    0.26896E+05
    0.14841E-01    0.26934E+05
    0.15141E-01    0.26962E+05
    0.15447E-01    0.26980E+05
    0.15759E-01    0.26987E+05
    0.16077E-01    0.26982E+05
    0.16402E-01    0.26966E+05
    0.16734E-01    0.26939E+05
    0.17072E-01    0.26900E+05
    0.17416E-01    0.26849E+05
    0.17768E-01    0.26785E+05
    0.18127E-01    0.26710E+05
    0.18493E-01    0.26621E+05
    0.18867E-01    0.26521E+05
    0.19248E-01    0.26407E+05
    0.19637E-01    0.26280E+05
    0.20034E-01    0.26141E+05
    0.20438E-01    0.25989E+05
    0.20851E-01    0.25823E+05
    0.21272E-01    0.25645E+05
    0.21702E-01    0.25454E+05
    0.22141E-01    0.25250E+05
    0.22588E-01    0.25034E+05
    0.23044E-01    0.24806E+05
    0.23510E-01    0.24565E+05
    0.23985E-01    0.24312E+05
    0.24469E-01    0.24048E+05
    0.24964E-01    0.23772E+05
    0.25468E-01    0.23486E+05
    0.25982E-01    0.23190E+05
    0.26507E-01    0.22883E+05
    0.27043E-01    0.22568E+05
    0.27589E-01    0.22244E+05
    0.28146E-01    0.21912E+05
    0.28715E-01    0.21573E+05
    0.29295E-01    0.21227E+05
    0.29887E-01    0.20875E+05
    0.30490E-01    0.20519E+05
    0.31106E-01    0.20159E+05
    0.31735E-01    0.19796E+05
    0.32376E-01    0.19431E+05
    0.33030E-01    0.19065E+05
    0.33697E-01    0.18698E+05
    0.34378E-01    0.18332E+05
    0.35072E-01    0.17968E+05
    0.35781E-01    0.17607E+05
    0.36504E-01    0.17249E+05
    0.37241E-01    0.16897E+05
    0.37993E-01    0.16550E+05
    0.38761E-01    0.16210E+05
    0.39544E-01    0.15877E+05
    0.40343E-01    0.15553E+05
    0.41158E-01    0.15237E+05
    0.41989E-01    0.14930E+05
    0.42838E-01    0.14633E+05
    0.43703E-01    0.14345E+05
    0.44586E-01    0.14068E+05
    0.45486E-01    0.13803E+05
    0.46405E-01    0.13551E+05
    0.47343E-01    0.13312E+05
    0.48299E-01    0.13087E+05
    0.49275E-01    0.12873E+05
    0.50270E-01    0.12670E+05
    0.51286E-01    0.12476E+05
    0.52322E-01    0.12292E+05
    0.53379E-01    0.12115E+05
    0.54457E-01    0.11944E+05
    0.55557E-01    0.11780E+05
    0.56680E-01    0.11621E+05
    0.57825E-01    0.11465E+05
    0.58993E-01    0.11312E+05
    0.60184E-01    0.11162E+05
    0.61400E-01    0.11011E+05
    0.62641E-01    0.10859E+05
    0.63906E-01    0.10703E+05
    0.65197E-01    0.10541E+05
    0.66514E-01    0.10372E+05
    0.67858E-01    0.10193E+05
    0.69229E-01    0.10004E+05
    0.70627E-01    0.98024E+04
    0.72054E-01    0.95886E+04
    0.73510E-01    0.93618E+04
    0.74994E-01    0.91227E+04
    0.76509E-01    0.88720E+04
    0.78055E-01    0.86111E+04
    0.79632E-01    0.83419E+04
    0.81241E-01    0.80667E+04
    0.82882E-01    0.77877E+04
    0.84556E-01    0.75077E+04
    0.86264E-01    0.72290E+04
    0.88007E-01    0.69543E+04
    0.89785E-01    0.66861E+04
    0.91598E-01    0.64269E+04
    0.93449E-01    0.61794E+04
    0.95337E-01    0.59457E+04
    0.97263E-01    0.57281E+04
    0.99227E-01    0.55283E+04
    0.10123E+00    0.53478E+04
    0.10328E+00    0.51869E+04
    0.10536E+00    0.50453E+04
    0.10749E+00    0.49220E+04
    0.10966E+00    0.48147E+04
    0.11188E+00    0.47208E+04
    0.11414E+00    0.46368E+04
    0.11644E+00    0.45589E+04
    0.11880E+00    0.44836E+04
    0.12120E+00    0.44070E+04
    0.12365E+00    0.43257E+04
    0.12614E+00    0.42369E+04
    0.12869E+00    0.41381E+04
    0.13129E+00    0.40281E+04
    0.13394E+00    0.39063E+04
    0.13665E+00    0.37735E+04
    0.13941E+00    0.36311E+04
    0.14223E+00    0.34817E+04
    0.14510E+00    0.33284E+04
    0.14803E+00    0.31753E+04
    0.15102E+00    0.30264E+04
    0.15407E+00    0.28861E+04
    0.15718E+00    0.27580E+04
    0.16036E+00    0.26448E+04
    0.16360E+00    0.25472E+04
    0.16690E+00    0.24649E+04
    0.17028E+00    0.23958E+04
    0.17371E+00    0.23372E+04
    0.17722E+00    0.22858E+04
    0.18080E+00    0.22380E+04
    0.18446E+00    0.21901E+04
    0.18818E+00    0.21382E+04
    0.19198E+00    0.20790E+04
    0.19586E+00    0.20112E+04
    0.19982E+00    0.19351E+04
    0.20386E+00    0.18532E+04
    0.20797E+00    0.17686E+04
    0.21218E+00    0.16848E+04
    0.21646E+00    0.16052E+04
    0.22083E+00    0.15326E+04
    0.22530E+00    0.14690E+04
    0.22985E+00    0.14152E+04
    0.23449E+00    0.13699E+04
    0.23923E+00    0.13309E+04
    0.24406E+00    0.12952E+04
    0.24899E+00    0.12596E+04
    0.25402E+00    0.12213E+04
    0.25915E+00    0.11789E+04
    0.26439E+00    0.11324E+04
    0.26973E+00    0.10834E+04
    0.27518E+00    0.10341E+04
    0.28074E+00    0.98679E+03
    0.28641E+00    0.94368E+03
    0.29219E+00    0.90584E+03
    0.29810E+00    0.87298E+03
    0.30412E+00    0.84376E+03
    0.31026E+00    0.81633E+03
    0.31653E+00    0.78882E+03
    0.32292E+00    0.75991E+03
    0.32945E+00    0.72935E+03
    0.33610E+00    0.69801E+03
    0.34289E+00    0.66728E+03
    0.34982E+00    0.63845E+03
    0.35689E+00    0.61226E+03
    0.36409E+00    0.58868E+03
    0.37145E+00    0.56695E+03
    0.37895E+00    0.54602E+03
    0.38661E+00    0.52505E+03
    0.39442E+00    0.50370E+03
    0.40239E+00    0.48231E+03
    0.41052E+00    0.46162E+03
    0.41881E+00    0.44217E+03
    0.42727E+00    0.42416E+03
    0.43590E+00    0.40736E+03
    0.44471E+00    0.39126E+03
    0.45369E+00    0.37543E+03
    0.46286E+00    0.35978E+03
    0.47221E+00    0.34448E+03
    0.48174E+00    0.32986E+03
    0.49148E+00    0.31607E+03
    0.50141E+00    0.30303E+03
    0.51153E+00    0.29055E+03
    0.52187E+00    0.27842E+03
    0.53241E+00    0.26661E+03
    0.54317E+00    0.25523E+03
    0.55414E+00    0.24436E+03
    0.56533E+00    0.23404E+03
    0.57675E+00    0.22415E+03
    0.58840E+00    0.21461E+03
    0.60029E+00    0.20541E+03
    0.61242E+00    0.19657E+03
    0.62479E+00    0.18811E+03
    0.63741E+00    0.18003E+03
    0.65029E+00    0.17228E+03
    0.66342E+00    0.16484E+03
    0.67683E+00    0.15770E+03
    0.69050E+00    0.15084E+03
    0.70445E+00    0.14427E+03
    0.71868E+00    0.13797E+03
    0.73320E+00    0.13193E+03
    0.74801E+00    0.12614E+03
    0.76312E+00    0.12060E+03
    0.77854E+00    0.11528E+03
    0.79426E+00    0.11019E+03
    0.81031E+00    0.10532E+03
    0.82668E+00    0.10065E+03
    0.84338E+00    0.96182E+02
    0.86041E+00    0.91905E+02
    0.87780E+00    0.87810E+02
    0.89553E+00    0.83890E+02
    0.91362E+00    0.80139E+02
    0.93208E+00    0.76549E+02
    0.95091E+00    0.73113E+02
    0.97011E+00    0.69826E+02
    0.98971E+00    0.66681E+02
    0.10097E+01    0.63672E+02
    0.10301E+01    0.60793E+02
    0.10509E+01    0.58040E+02
    0.10721E+01    0.55406E+02
    0.10938E+01    0.52888E+02
    0.11159E+01    0.50480E+02
    0.11384E+01    0.48178E+02
    0.11614E+01    0.45977E+02
    0.11849E+01    0.43873E+02
    0.12088E+01    0.41862E+02
    0.12333E+01    0.39940E+02
    0.12582E+01    0.38103E+02
    0.12836E+01    0.36349E+02
    0.13095E+01    0.34672E+02
    0.13360E+01    0.33070E+02
    0.13630E+01    0.31540E+02
    0.13905E+01    0.30079E+02
    0.14186E+01    0.28683E+02
    0.14472E+01    0.27350E+02
    0.14765E+01    0.26077E+02
    0.15063E+01    0.24862E+02
    0.15367E+01    0.23702E+02
    0.15678E+01    0.22595E+02
    0.15994E+01    0.21538E+02
    0.16318E+01    0.20529E+02
    0.16647E+01    0.19565E+02
    0.16984E+01    0.18646E+02
    0.17327E+01    0.17769E+02
    0.17677E+01    0.16932E+02
    0.18034E+01    0.16133E+02
    0.18398E+01    0.15371E+02
    0.18770E+01    0.14643E+02
    0.19149E+01    0.13949E+02
    0.19536E+01    0.13287E+02
    0.19930E+01    0.12655E+02
    0.20333E+01    0.12053E+02
    0.20744E+01    0.11479E+02
    0.21163E+01    0.10931E+02
    0.21590E+01    0.10409E+02
    0.22026E+01    0.99112E+01
    0.22471E+01    0.94372E+01
    0.22925E+01    0.89855E+01
    0.23388E+01    0.85553E+01
    0.23861E+01    0.81456E+01
