    0.10000E-03    0.39428E+03
    0.10202E-03    0.40199E+03
    0.10408E-03    0.40985E+03
    0.10618E-03    0.41786E+03
    0.10833E-03    0.42602E+03
    0.11052E-03    0.43435E+03
    0.11275E-03    0.44284E+03
    0.11503E-03    0.45149E+03
    0.11735E-03    0.46032E+03
    0.11972E-03    0.46931E+03
    0.12214E-03    0.47848E+03
    0.12461E-03    0.48783E+03
    0.12712E-03    0.49736E+03
    0.12969E-03    0.50708E+03
    0.13231E-03    0.51699E+03
    0.13499E-03    0.52709E+03
    0.13771E-03    0.53739E+03
    0.14049E-03    0.54789E+03
    0.14333E-03    0.55859E+03
    0.14623E-03    0.56950E+03
    0.14918E-03    0.58063E+03
    0.15220E-03    0.59197E+03
    0.15527E-03    0.60354E+03
    0.15841E-03    0.61532E+03
    0.16161E-03    0.62734E+03
    0.16487E-03    0.63959E+03
    0.16820E-03    0.65209E+03
    0.17160E-03    0.66482E+03
    0.17507E-03    0.67780E+03
    0.17860E-03    0.69104E+03
    0.18221E-03    0.70453E+03
    0.18589E-03    0.71828E+03
    0.18965E-03    0.73231E+03
    0.19348E-03    0.74660E+03
    0.19739E-03    0.76118E+03
    0.20138E-03    0.77604E+03
    0.20544E-03    0.79118E+03
    0.20959E-03    0.80662E+03
    0.21383E-03    0.82236E+03
    0.21815E-03    0.83841E+03
    0.22255E-03    0.85477E+03
    0.22705E-03    0.87144E+03
    0.23164E-03    0.88844E+03
    0.23632E-03    0.90577E+03
    0.24109E-03    0.92344E+03
    0.24596E-03    0.94145E+03
    0.25093E-03    0.95981E+03
    0.25600E-03    0.97852E+03
    0.26117E-03    0.99760E+03
    0.26645E-03    0.10170E+04
    0.27183E-03    0.10369E+04
    0.27732E-03    0.10571E+04
    0.28292E-03    0.10777E+04
    0.28864E-03    0.10987E+04
    0.29447E-03    0.11201E+04
    0.30042E-03    0.11419E+04
    0.30649E-03    0.11641E+04
    0.31268E-03    0.11868E+04
    0.31899E-03    0.12099E+04
    0.32544E-03    0.12334E+04
    0.33201E-03    0.12574E+04
    0.33872E-03    0.12819E+04
    0.34556E-03    0.13069E+04
    0.35254E-03    0.13323E+04
    0.35966E-03    0.13582E+04
    0.36693E-03    0.13846E+04
    0.37434E-03    0.14115E+04
    0.38190E-03    0.14389E+04
    0.38962E-03    0.14669E+04
    0.39749E-03    0.14954E+04
    0.40552E-03    0.15244E+04
    0.41371E-03    0.15540E+04
    0.42207E-03    0.15842E+04
    0.43060E-03    0.16149E+04
    0.43929E-03    0.16462E+04
    0.44817E-03    0.16781E+04
    0.45722E-03    0.17107E+04
    0.46646E-03    0.17438E+04
    0.47588E-03    0.17776E+04
    0.48550E-03    0.18120E+04
    0.49530E-03    0.18471E+04
    0.50531E-03    0.18829E+04
    0.51552E-03    0.19193E+04
    0.52593E-03    0.19564E+04
    0.53656E-03    0.19942E+04
    0.54739E-03    0.20327E+04
    0.55845E-03    0.20720E+04
    0.56973E-03    0.21120E+04
    0.58124E-03    0.21527E+04
    0.59299E-03    0.21942E+04
    0.60496E-03    0.22365E+04
    0.61719E-03    0.22796E+04
    0.62965E-03    0.23235E+04
    0.64237E-03    0.23682E+04
    0.65535E-03    0.24138E+04
    0.66859E-03    0.24602E+04
    0.68210E-03    0.25075E+04
    0.69588E-03    0.25556E+04
    0.70993E-03    0.26046E+04
    0.72427E-03    0.26546E+04
    0.73891E-03    0.27055E+04
    0.75383E-03    0.27573E+04
    0.76906E-03    0.28100E+04
    0.78460E-03    0.28638E+04
    0.80045E-03    0.29185E+04
    0.81662E-03    0.29742E+04
    0.83311E-03    0.30310E+04
    0.84994E-03    0.30887E+04
    0.86711E-03    0.31476E+04
    0.88463E-03    0.32075E+04
    0.90250E-03    0.32685E+04
    0.92073E-03    0.33305E+04
    0.93933E-03    0.33938E+04
    0.95831E-03    0.34581E+04
    0.97767E-03    0.35236E+04
    0.99742E-03    0.35903E+04
    0.10176E-02    0.36581E+04
    0.10381E-02    0.37272E+04
    0.10591E-02    0.37975E+04
    0.10805E-02    0.38691E+04
    0.11023E-02    0.39419E+04
    0.11246E-02    0.40159E+04
    0.11473E-02    0.40913E+04
    0.11705E-02    0.41680E+04
    0.11941E-02    0.42461E+04
    0.12182E-02    0.43255E+04
    0.12429E-02    0.44062E+04
    0.12680E-02    0.44884E+04
    0.12936E-02    0.45720E+04
    0.13197E-02    0.46569E+04
    0.13464E-02    0.47434E+04
    0.13736E-02    0.48313E+04
    0.14013E-02    0.49207E+04
    0.14296E-02    0.50116E+04
    0.14585E-02    0.51040E+04
    0.14880E-02    0.51979E+04
    0.15180E-02    0.52934E+04
    0.15487E-02    0.53905E+04
    0.15800E-02    0.54891E+04
    0.16119E-02    0.55894E+04
    0.16445E-02    0.56913E+04
    0.16777E-02    0.57948E+04
    0.17116E-02    0.59000E+04
    0.17462E-02    0.60068E+04
    0.17814E-02    0.61154E+04
    0.18174E-02    0.62256E+04
    0.18541E-02    0.63376E+04
    0.18916E-02    0.64513E+04
    0.19298E-02    0.65668E+04
    0.19688E-02    0.66840E+04
    0.20086E-02    0.68030E+04
    0.20491E-02    0.69238E+04
    0.20905E-02    0.70464E+04
    0.21328E-02    0.71708E+04
    0.21758E-02    0.72971E+04
    0.22198E-02    0.74251E+04
    0.22646E-02    0.75550E+04
    0.23104E-02    0.76868E+04
    0.23571E-02    0.78204E+04
    0.24047E-02    0.79559E+04
    0.24533E-02    0.80933E+04
    0.25028E-02    0.82326E+04
    0.25534E-02    0.83737E+04
    0.26050E-02    0.85168E+04
    0.26576E-02    0.86617E+04
    0.27113E-02    0.88086E+04
    0.27660E-02    0.89573E+04
    0.28219E-02    0.91080E+04
    0.28789E-02    0.92605E+04
    0.29371E-02    0.94149E+04
    0.29964E-02    0.95712E+04
    0.30569E-02    0.97294E+04
    0.31187E-02    0.98895E+04
    0.31817E-02    0.10051E+05
    0.32460E-02    0.10215E+05
    0.33115E-02    0.10381E+05
    0.33784E-02    0.10548E+05
    0.34467E-02    0.10718E+05
    0.35163E-02    0.10889E+05
    0.35874E-02    0.11062E+05
    0.36598E-02    0.11237E+05
    0.37338E-02    0.11413E+05
    0.38092E-02    0.11591E+05
    0.38861E-02    0.11771E+05
    0.39646E-02    0.11953E+05
    0.40447E-02    0.12136E+05
    0.41264E-02    0.12321E+05
    0.42098E-02    0.12507E+05
    0.42948E-02    0.12695E+05
    0.43816E-02    0.12884E+05
    0.44701E-02    0.13075E+05
    0.45604E-02    0.13268E+05
    0.46525E-02    0.13461E+05
    0.47465E-02    0.13656E+05
    0.48424E-02    0.13853E+05
    0.49402E-02    0.14050E+05
    0.50400E-02    0.14249E+05
    0.51419E-02    0.14449E+05
    0.52457E-02    0.14649E+05
    0.53517E-02    0.14851E+05
    0.54598E-02    0.15054E+05
    0.55701E-02    0.15257E+05
    0.56826E-02    0.15461E+05
    0.57974E-02    0.15666E+05
    0.59145E-02    0.15872E+05
    0.60340E-02    0.16078E+05
    0.61559E-02    0.16284E+05
    0.62803E-02    0.16491E+05
    0.64072E-02    0.16698E+05
    0.65366E-02    0.16905E+05
    0.66686E-02    0.17112E+05
    0.68033E-02    0.17319E+05
    0.69408E-02    0.17525E+05
    0.70810E-02    0.17731E+05
    0.72240E-02    0.17937E+05
    0.73700E-02    0.18141E+05
    0.75189E-02    0.18345E+05
    0.76708E-02    0.18549E+05
    0.78257E-02    0.18751E+05
    0.79838E-02    0.18952E+05
    0.81451E-02    0.19151E+05
    0.83096E-02    0.19349E+05
    0.84775E-02    0.19545E+05
    0.86488E-02    0.19740E+05
    0.88235E-02    0.19933E+05
    0.90017E-02    0.20123E+05
    0.91836E-02    0.20311E+05
    0.93691E-02    0.20497E+05
    0.95583E-02    0.20679E+05
    0.97514E-02    0.20859E+05
    0.99484E-02    0.21036E+05
    0.10149E-01    0.21209E+05
    0.10354E-01    0.21379E+05
    0.10564E-01    0.21545E+05
    0.10777E-01    0.21707E+05
    0.10995E-01    0.21864E+05
    0.11217E-01    0.22017E+05
    0.11443E-01    0.22166E+05
    0.11675E-01    0.22309E+05
    0.11910E-01    0.22448E+05
    0.12151E-01    0.22581E+05
    0.12397E-01    0.22708E+05
    0.12647E-01    0.22830E+05
    0.12902E-01    0.22945E+05
    0.13163E-01    0.23054E+05
    0.13429E-01    0.23156E+05
    0.13700E-01    0.23251E+05
    0.13977E-01    0.23339E+05
    0.14259E-01    0.23420E+05
    0.14547E-01    0.23492E+05
    0.14841E-01    0.23557E+05
    0.15141E-01    0.23614E+05
    0.15447E-01    0.23662E+05
    0.15759E-01    0.23701E+05
    0.16077E-01    0.23732E+05
    0.16402E-01    0.23753E+05
    0.16734E-01    0.23765E+05
    0.17072E-01    0.23767E+05
    0.17416E-01    0.23759E+05
    0.17768E-01    0.23741E+05
    0.18127E-01    0.23713E+05
    0.18493E-01    0.23674E+05
    0.18867E-01    0.23625E+05
    0.19248E-01    0.23565E+05
    0.19637E-01    0.23494E+05
    0.20034E-01    0.23412E+05
    0.20438E-01    0.23319E+05
    0.20851E-01    0.23215E+05
    0.21272E-01    0.23100E+05
    0.21702E-01    0.22973E+05
    0.22141E-01    0.22835E+05
    0.22588E-01    0.22686E+05
    0.23044E-01    0.22526E+05
    0.23510E-01    0.22355E+05
    0.23985E-01    0.22174E+05
    0.24469E-01    0.21981E+05
    0.24964E-01    0.21778E+05
    0.25468E-01    0.21565E+05
    0.25982E-01    0.21343E+05
    0.26507E-01    0.21110E+05
    0.27043E-01    0.20869E+05
    0.27589E-01    0.20619E+05
    0.28146E-01    0.20361E+05
    0.28715E-01    0.20095E+05
    0.29295E-01    0.19822E+05
    0.29887E-01    0.19542E+05
    0.30490E-01    0.19257E+05
    0.31106E-01    0.18966E+05
    0.31735E-01    0.18671E+05
    0.32376E-01    0.18372E+05
    0.33030E-01    0.18070E+05
    0.33697E-01    0.17766E+05
    0.34378E-01    0.17461E+05
    0.35072E-01    0.17155E+05
    0.35781E-01    0.16849E+05
    0.36504E-01    0.16544E+05
    0.37241E-01    0.16241E+05
    0.37993E-01    0.15941E+05
    0.38761E-01    0.15644E+05
    0.39544E-01    0.15353E+05
    0.40343E-01    0.15066E+05
    0.41158E-01    0.14786E+05
    0.41989E-01    0.14511E+05
    0.42838E-01    0.14243E+05
    0.43703E-01    0.13982E+05
    0.44586E-01    0.13727E+05
    0.45486E-01    0.13482E+05
    0.46405E-01    0.13245E+05
    0.47343E-01    0.13019E+05
    0.48299E-01    0.12803E+05
    0.49275E-01    0.12598E+05
    0.50270E-01    0.12402E+05
    0.51286E-01    0.12215E+05
    0.52322E-01    0.12035E+05
    0.53379E-01    0.11863E+05
    0.54457E-01    0.11697E+05
    0.55557E-01    0.11536E+05
    0.56680E-01    0.11381E+05
    0.57825E-01    0.11229E+05
    0.58993E-01    0.11079E+05
    0.60184E-01    0.10932E+05
    0.61400E-01    0.10785E+05
    0.62641E-01    0.10638E+05
    0.63906E-01    0.10489E+05
    0.65197E-01    0.10338E+05
    0.66514E-01    0.10182E+05
    0.67858E-01    0.10021E+05
    0.69229E-01    0.98533E+04
    0.70627E-01    0.96763E+04
    0.72054E-01    0.94892E+04
    0.73510E-01    0.92915E+04
    0.74994E-01    0.90825E+04
    0.76509E-01    0.88626E+04
    0.78055E-01    0.86324E+04
    0.79632E-01    0.83929E+04
    0.81241E-01    0.81458E+04
    0.82882E-01    0.78931E+04
    0.84556E-01    0.76367E+04
    0.86264E-01    0.73793E+04
    0.88007E-01    0.71231E+04
    0.89785E-01    0.68704E+04
    0.91598E-01    0.66234E+04
    0.93449E-01    0.63844E+04
    0.95337E-01    0.61554E+04
    0.97263E-01    0.59383E+04
    0.99227E-01    0.57346E+04
    0.10123E+00    0.55460E+04
    0.10328E+00    0.53736E+04
    0.10536E+00    0.52176E+04
    0.10749E+00    0.50782E+04
    0.10966E+00    0.49546E+04
    0.11188E+00    0.48451E+04
    0.11414E+00    0.47476E+04
    0.11644E+00    0.46593E+04
    0.11880E+00    0.45770E+04
    0.12120E+00    0.44974E+04
    0.12365E+00    0.44171E+04
    0.12614E+00    0.43330E+04
    0.12869E+00    0.42423E+04
    0.13129E+00    0.41429E+04
    0.13394E+00    0.40337E+04
    0.13665E+00    0.39143E+04
    0.13941E+00    0.37854E+04
    0.14223E+00    0.36487E+04
    0.14510E+00    0.35063E+04
    0.14803E+00    0.33611E+04
    0.15102E+00    0.32162E+04
    0.15407E+00    0.30749E+04
    0.15718E+00    0.29408E+04
    0.16036E+00    0.28170E+04
    0.16360E+00    0.27061E+04
    0.16690E+00    0.26092E+04
    0.17028E+00    0.25262E+04
    0.17371E+00    0.24555E+04
    0.17722E+00    0.23944E+04
    0.18080E+00    0.23396E+04
    0.18446E+00    0.22880E+04
    0.18818E+00    0.22362E+04
    0.19198E+00    0.21812E+04
    0.19586E+00    0.21204E+04
    0.19982E+00    0.20524E+04
    0.20386E+00    0.19774E+04
    0.20797E+00    0.18971E+04
    0.21218E+00    0.18144E+04
    0.21646E+00    0.17325E+04
    0.22083E+00    0.16545E+04
    0.22530E+00    0.15830E+04
    0.22985E+00    0.15197E+04
    0.23449E+00    0.14650E+04
    0.23923E+00    0.14181E+04
    0.24406E+00    0.13768E+04
    0.24899E+00    0.13387E+04
    0.25402E+00    0.13010E+04
    0.25915E+00    0.12613E+04
    0.26439E+00    0.12180E+04
    0.26973E+00    0.11710E+04
    0.27518E+00    0.11219E+04
    0.28074E+00    0.10727E+04
    0.28641E+00    0.10256E+04
    0.29219E+00    0.98221E+03
    0.29810E+00    0.94353E+03
    0.30412E+00    0.90954E+03
    0.31026E+00    0.87905E+03
    0.31653E+00    0.85022E+03
    0.32292E+00    0.82138E+03
    0.32945E+00    0.79149E+03
    0.33610E+00    0.76030E+03
    0.34289E+00    0.72846E+03
    0.34982E+00    0.69722E+03
    0.35689E+00    0.66783E+03
    0.36409E+00    0.64095E+03
    0.37145E+00    0.61649E+03
    0.37895E+00    0.59377E+03
    0.38661E+00    0.57190E+03
    0.39442E+00    0.55011E+03
    0.40239E+00    0.52804E+03
    0.41052E+00    0.50604E+03
    0.41881E+00    0.48475E+03
    0.42727E+00    0.46467E+03
    0.43590E+00    0.44596E+03
    0.44471E+00    0.42843E+03
    0.45369E+00    0.41161E+03
    0.46286E+00    0.39511E+03
    0.47221E+00    0.37885E+03
    0.48174E+00    0.36298E+03
    0.49148E+00    0.34778E+03
    0.50141E+00    0.33342E+03
    0.51153E+00    0.31979E+03
    0.52187E+00    0.30673E+03
    0.53241E+00    0.29405E+03
    0.54317E+00    0.28172E+03
    0.55414E+00    0.26984E+03
    0.56533E+00    0.25848E+03
    0.57675E+00    0.24765E+03
    0.58840E+00    0.23730E+03
    0.60029E+00    0.22729E+03
    0.61242E+00    0.21764E+03
    0.62479E+00    0.20836E+03
    0.63741E+00    0.19949E+03
    0.65029E+00    0.19100E+03
    0.66342E+00    0.18285E+03
    0.67683E+00    0.17502E+03
    0.69050E+00    0.16751E+03
    0.70445E+00    0.16030E+03
    0.71868E+00    0.15338E+03
    0.73320E+00    0.14674E+03
    0.74801E+00    0.14037E+03
    0.76312E+00    0.13426E+03
    0.77854E+00    0.12841E+03
    0.79426E+00    0.12280E+03
    0.81031E+00    0.11742E+03
    0.82668E+00    0.11227E+03
    0.84338E+00    0.10733E+03
    0.86041E+00    0.10261E+03
    0.87780E+00    0.98079E+02
    0.89553E+00    0.93742E+02
    0.91362E+00    0.89590E+02
    0.93208E+00    0.85614E+02
    0.95091E+00    0.81807E+02
    0.97011E+00    0.78163E+02
    0.98971E+00    0.74674E+02
    0.10097E+01    0.71334E+02
    0.10301E+01    0.68138E+02
    0.10509E+01    0.65079E+02
    0.10721E+01    0.62152E+02
    0.10938E+01    0.59352E+02
    0.11159E+01    0.56673E+02
    0.11384E+01    0.54110E+02
    0.11614E+01    0.51658E+02
    0.11849E+01    0.49314E+02
    0.12088E+01    0.47072E+02
    0.12333E+01    0.44928E+02
    0.12582E+01    0.42879E+02
    0.12836E+01    0.40919E+02
    0.13095E+01    0.39046E+02
    0.13360E+01    0.37256E+02
    0.13630E+01    0.35546E+02
    0.13905E+01    0.33911E+02
    0.14186E+01    0.32349E+02
    0.14472E+01    0.30857E+02
    0.14765E+01    0.29431E+02
    0.15063E+01    0.28069E+02
    0.15367E+01    0.26769E+02
    0.15678E+01    0.25527E+02
    0.15994E+01    0.24340E+02
    0.16318E+01    0.23208E+02
    0.16647E+01    0.22127E+02
    0.16984E+01    0.21094E+02
    0.17327E+01    0.20108E+02
    0.17677E+01    0.19167E+02
    0.18034E+01    0.18269E+02
    0.18398E+01    0.17412E+02
    0.18770E+01    0.16593E+02
    0.19149E+01    0.15812E+02
    0.19536E+01    0.15066E+02
    0.19930E+01    0.14355E+02
    0.20333E+01    0.13676E+02
    0.20744E+01    0.13028E+02
    0.21163E+01    0.12410E+02
    0.21590E+01    0.11820E+02
    0.22026E+01    0.11259E+02
    0.22471E+01    0.10723E+02
    0.22925E+01    0.10212E+02
    0.23388E+01    0.97256E+01
    0.23861E+01    0.92620E+01
    0.24343E+01    0.88203E+01
    0.24835E+01    0.83997E+01
