    0.10000E-03    0.28135E+03
    0.10202E-03    0.28685E+03
    0.10408E-03    0.29246E+03
    0.10618E-03    0.29817E+03
    0.10833E-03    0.30400E+03
    0.11052E-03    0.30995E+03
    0.11275E-03    0.31600E+03
    0.11503E-03    0.32218E+03
    0.11735E-03    0.32848E+03
    0.11972E-03    0.33490E+03
    0.12214E-03    0.34145E+03
    0.12461E-03    0.34812E+03
    0.12712E-03    0.35492E+03
    0.12969E-03    0.36186E+03
    0.13231E-03    0.36893E+03
    0.13499E-03    0.37614E+03
    0.13771E-03    0.38350E+03
    0.14049E-03    0.39099E+03
    0.14333E-03    0.39863E+03
    0.14623E-03    0.40642E+03
    0.14918E-03    0.41437E+03
    0.15220E-03    0.42246E+03
    0.15527E-03    0.43072E+03
    0.15841E-03    0.43914E+03
    0.16161E-03    0.44772E+03
    0.16487E-03    0.45646E+03
    0.16820E-03    0.46538E+03
    0.17160E-03    0.47448E+03
    0.17507E-03    0.48375E+03
    0.17860E-03    0.49320E+03
    0.18221E-03    0.50283E+03
    0.18589E-03    0.51266E+03
    0.18965E-03    0.52267E+03
    0.19348E-03    0.53288E+03
    0.19739E-03    0.54329E+03
    0.20138E-03    0.55390E+03
    0.20544E-03    0.56472E+03
    0.20959E-03    0.57575E+03
    0.21383E-03    0.58700E+03
    0.21815E-03    0.59846E+03
    0.22255E-03    0.61015E+03
    0.22705E-03    0.62206E+03
    0.23164E-03    0.63421E+03
    0.23632E-03    0.64659E+03
    0.24109E-03    0.65922E+03
    0.24596E-03    0.67209E+03
    0.25093E-03    0.68521E+03
    0.25600E-03    0.69858E+03
    0.26117E-03    0.71222E+03
    0.26645E-03    0.72612E+03
    0.27183E-03    0.74029E+03
    0.27732E-03    0.75473E+03
    0.28292E-03    0.76946E+03
    0.28864E-03    0.78447E+03
    0.29447E-03    0.79978E+03
    0.30042E-03    0.81538E+03
    0.30649E-03    0.83128E+03
    0.31268E-03    0.84750E+03
    0.31899E-03    0.86402E+03
    0.32544E-03    0.88087E+03
    0.33201E-03    0.89805E+03
    0.33872E-03    0.91555E+03
    0.34556E-03    0.93340E+03
    0.35254E-03    0.95159E+03
    0.35966E-03    0.97014E+03
    0.36693E-03    0.98904E+03
    0.37434E-03    0.10083E+04
    0.38190E-03    0.10280E+04
    0.38962E-03    0.10480E+04
    0.39749E-03    0.10684E+04
    0.40552E-03    0.10892E+04
    0.41371E-03    0.11104E+04
    0.42207E-03    0.11320E+04
    0.43060E-03    0.11540E+04
    0.43929E-03    0.11765E+04
    0.44817E-03    0.11994E+04
    0.45722E-03    0.12227E+04
    0.46646E-03    0.12465E+04
    0.47588E-03    0.12707E+04
    0.48550E-03    0.12954E+04
    0.49530E-03    0.13206E+04
    0.50531E-03    0.13462E+04
    0.51552E-03    0.13724E+04
    0.52593E-03    0.13990E+04
    0.53656E-03    0.14262E+04
    0.54739E-03    0.14539E+04
    0.55845E-03    0.14821E+04
    0.56973E-03    0.15108E+04
    0.58124E-03    0.15401E+04
    0.59299E-03    0.15700E+04
    0.60496E-03    0.16004E+04
    0.61719E-03    0.16314E+04
    0.62965E-03    0.16630E+04
    0.64237E-03    0.16952E+04
    0.65535E-03    0.17280E+04
    0.66859E-03    0.17615E+04
    0.68210E-03    0.17955E+04
    0.69588E-03    0.18302E+04
    0.70993E-03    0.18656E+04
    0.72427E-03    0.19016E+04
    0.73891E-03    0.19383E+04
    0.75383E-03    0.19758E+04
    0.76906E-03    0.20139E+04
    0.78460E-03    0.20527E+04
    0.80045E-03    0.20923E+04
    0.81662E-03    0.21326E+04
    0.83311E-03    0.21736E+04
    0.84994E-03    0.22154E+04
    0.86711E-03    0.22580E+04
    0.88463E-03    0.23014E+04
    0.90250E-03    0.23456E+04
    0.92073E-03    0.23907E+04
    0.93933E-03    0.24365E+04
    0.95831E-03    0.24833E+04
    0.97767E-03    0.25308E+04
    0.99742E-03    0.25793E+04
    0.10176E-02    0.26287E+04
    0.10381E-02    0.26789E+04
    0.10591E-02    0.27301E+04
    0.10805E-02    0.27822E+04
    0.11023E-02    0.28353E+04
    0.11246E-02    0.28894E+04
    0.11473E-02    0.29444E+04
    0.11705E-02    0.30004E+04
    0.11941E-02    0.30575E+04
    0.12182E-02    0.31156E+04
    0.12429E-02    0.31747E+04
    0.12680E-02    0.32349E+04
    0.12936E-02    0.32962E+04
    0.13197E-02    0.33585E+04
    0.13464E-02    0.34220E+04
    0.13736E-02    0.34867E+04
    0.14013E-02    0.35524E+04
    0.14296E-02    0.36194E+04
    0.14585E-02    0.36875E+04
    0.14880E-02    0.37568E+04
    0.15180E-02    0.38274E+04
    0.15487E-02    0.38991E+04
    0.15800E-02    0.39722E+04
    0.16119E-02    0.40465E+04
    0.16445E-02    0.41220E+04
    0.16777E-02    0.41989E+04
    0.17116E-02    0.42771E+04
    0.17462E-02    0.43567E+04
    0.17814E-02    0.44376E+04
    0.18174E-02    0.45198E+04
    0.18541E-02    0.46035E+04
    0.18916E-02    0.46886E+04
    0.19298E-02    0.47751E+04
    0.19688E-02    0.48630E+04
    0.20086E-02    0.49524E+04
    0.20491E-02    0.50433E+04
    0.20905E-02    0.51356E+04
    0.21328E-02    0.52295E+04
    0.21758E-02    0.53249E+04
    0.22198E-02    0.54218E+04
    0.22646E-02    0.55203E+04
    0.23104E-02    0.56204E+04
    0.23571E-02    0.57221E+04
    0.24047E-02    0.58253E+04
    0.24533E-02    0.59302E+04
    0.25028E-02    0.60367E+04
    0.25534E-02    0.61449E+04
    0.26050E-02    0.62547E+04
    0.26576E-02    0.63662E+04
    0.27113E-02    0.64794E+04
    0.27660E-02    0.65942E+04
    0.28219E-02    0.67108E+04
    0.28789E-02    0.68291E+04
    0.29371E-02    0.69492E+04
    0.29964E-02    0.70710E+04
    0.30569E-02    0.71945E+04
    0.31187E-02    0.73198E+04
    0.31817E-02    0.74468E+04
    0.32460E-02    0.75757E+04
    0.33115E-02    0.77063E+04
    0.33784E-02    0.78387E+04
    0.34467E-02    0.79729E+04
    0.35163E-02    0.81089E+04
    0.35874E-02    0.82467E+04
    0.36598E-02    0.83863E+04
    0.37338E-02    0.85277E+04
    0.38092E-02    0.86709E+04
    0.38861E-02    0.88158E+04
    0.39646E-02    0.89626E+04
    0.40447E-02    0.91112E+04
    0.41264E-02    0.92616E+04
    0.42098E-02    0.94138E+04
    0.42948E-02    0.95677E+04
    0.43816E-02    0.97234E+04
    0.44701E-02    0.98808E+04
    0.45604E-02    0.10040E+05
    0.46525E-02    0.10201E+05
    0.47465E-02    0.10364E+05
    0.48424E-02    0.10528E+05
    0.49402E-02    0.10694E+05
    0.50400E-02    0.10862E+05
    0.51419E-02    0.11031E+05
    0.52457E-02    0.11202E+05
    0.53517E-02    0.11374E+05
    0.54598E-02    0.11548E+05
    0.55701E-02    0.11724E+05
    0.56826E-02    0.11901E+05
    0.57974E-02    0.12079E+05
    0.59145E-02    0.12259E+05
    0.60340E-02    0.12440E+05
    0.61559E-02    0.12623E+05
    0.62803E-02    0.12807E+05
    0.64072E-02    0.12992E+05
    0.65366E-02    0.13178E+05
    0.66686E-02    0.13365E+05
    0.68033E-02    0.13554E+05
    0.69408E-02    0.13743E+05
    0.70810E-02    0.13933E+05
    0.72240E-02    0.14124E+05
    0.73700E-02    0.14316E+05
    0.75189E-02    0.14509E+05
    0.76708E-02    0.14702E+05
    0.78257E-02    0.14895E+05
    0.79838E-02    0.15090E+05
    0.81451E-02    0.15284E+05
    0.83096E-02    0.15479E+05
    0.84775E-02    0.15673E+05
    0.86488E-02    0.15868E+05
    0.88235E-02    0.16063E+05
    0.90017E-02    0.16258E+05
    0.91836E-02    0.16452E+05
    0.93691E-02    0.16646E+05
    0.95583E-02    0.16839E+05
    0.97514E-02    0.17032E+05
    0.99484E-02    0.17223E+05
    0.10149E-01    0.17414E+05
    0.10354E-01    0.17604E+05
    0.10564E-01    0.17793E+05
    0.10777E-01    0.17980E+05
    0.10995E-01    0.18166E+05
    0.11217E-01    0.18350E+05
    0.11443E-01    0.18532E+05
    0.11675E-01    0.18712E+05
    0.11910E-01    0.18889E+05
    0.12151E-01    0.19065E+05
    0.12397E-01    0.19237E+05
    0.12647E-01    0.19407E+05
    0.12902E-01    0.19574E+05
    0.13163E-01    0.19737E+05
    0.13429E-01    0.19898E+05
    0.13700E-01    0.20054E+05
    0.13977E-01    0.20207E+05
    0.14259E-01    0.20355E+05
    0.14547E-01    0.20500E+05
    0.14841E-01    0.20639E+05
    0.15141E-01    0.20774E+05
    0.15447E-01    0.20904E+05
    0.15759E-01    0.21029E+05
    0.16077E-01    0.21148E+05
    0.16402E-01    0.21262E+05
    0.16734E-01    0.21370E+05
    0.17072E-01    0.21471E+05
    0.17416E-01    0.21566E+05
    0.17768E-01    0.21655E+05
    0.18127E-01    0.21736E+05
    0.18493E-01    0.21810E+05
    0.18867E-01    0.21877E+05
    0.19248E-01    0.21937E+05
    0.19637E-01    0.21988E+05
    0.20034E-01    0.22032E+05
    0.20438E-01    0.22067E+05
    0.20851E-01    0.22094E+05
    0.21272E-01    0.22112E+05
    0.21702E-01    0.22122E+05
    0.22141E-01    0.22122E+05
    0.22588E-01    0.22114E+05
    0.23044E-01    0.22096E+05
    0.23510E-01    0.22069E+05
    0.23985E-01    0.22032E+05
    0.24469E-01    0.21986E+05
    0.24964E-01    0.21930E+05
    0.25468E-01    0.21865E+05
    0.25982E-01    0.21790E+05
    0.26507E-01    0.21705E+05
    0.27043E-01    0.21611E+05
    0.27589E-01    0.21507E+05
    0.28146E-01    0.21394E+05
    0.28715E-01    0.21272E+05
    0.29295E-01    0.21140E+05
    0.29887E-01    0.21000E+05
    0.30490E-01    0.20851E+05
    0.31106E-01    0.20694E+05
    0.31735E-01    0.20529E+05
    0.32376E-01    0.20356E+05
    0.33030E-01    0.20176E+05
    0.33697E-01    0.19989E+05
    0.34378E-01    0.19795E+05
    0.35072E-01    0.19596E+05
    0.35781E-01    0.19391E+05
    0.36504E-01    0.19181E+05
    0.37241E-01    0.18967E+05
    0.37993E-01    0.18749E+05
    0.38761E-01    0.18528E+05
    0.39544E-01    0.18305E+05
    0.40343E-01    0.18080E+05
    0.41158E-01    0.17853E+05
    0.41989E-01    0.17626E+05
    0.42838E-01    0.17398E+05
    0.43703E-01    0.17171E+05
    0.44586E-01    0.16944E+05
    0.45486E-01    0.16720E+05
    0.46405E-01    0.16498E+05
    0.47343E-01    0.16279E+05
    0.48299E-01    0.16063E+05
    0.49275E-01    0.15851E+05
    0.50270E-01    0.15644E+05
    0.51286E-01    0.15442E+05
    0.52322E-01    0.15245E+05
    0.53379E-01    0.15054E+05
    0.54457E-01    0.14867E+05
    0.55557E-01    0.14685E+05
    0.56680E-01    0.14507E+05
    0.57825E-01    0.14334E+05
    0.58993E-01    0.14163E+05
    0.60184E-01    0.13996E+05
    0.61400E-01    0.13830E+05
    0.62641E-01    0.13666E+05
    0.63906E-01    0.13503E+05
    0.65197E-01    0.13339E+05
    0.66514E-01    0.13174E+05
    0.67858E-01    0.13008E+05
    0.69229E-01    0.12839E+05
    0.70627E-01    0.12666E+05
    0.72054E-01    0.12489E+05
    0.73510E-01    0.12306E+05
    0.74994E-01    0.12117E+05
    0.76509E-01    0.11921E+05
    0.78055E-01    0.11717E+05
    0.79632E-01    0.11504E+05
    0.81241E-01    0.11282E+05
    0.82882E-01    0.11052E+05
    0.84556E-01    0.10813E+05
    0.86264E-01    0.10568E+05
    0.88007E-01    0.10316E+05
    0.89785E-01    0.10059E+05
    0.91598E-01    0.97989E+04
    0.93449E-01    0.95365E+04
    0.95337E-01    0.92739E+04
    0.97263E-01    0.90133E+04
    0.99227E-01    0.87566E+04
    0.10123E+00    0.85057E+04
    0.10328E+00    0.82625E+04
    0.10536E+00    0.80288E+04
    0.10749E+00    0.78059E+04
    0.10966E+00    0.75953E+04
    0.11188E+00    0.73979E+04
    0.11414E+00    0.72142E+04
    0.11644E+00    0.70443E+04
    0.11880E+00    0.68877E+04
    0.12120E+00    0.67430E+04
    0.12365E+00    0.66085E+04
    0.12614E+00    0.64817E+04
    0.12869E+00    0.63597E+04
    0.13129E+00    0.62398E+04
    0.13394E+00    0.61188E+04
    0.13665E+00    0.59944E+04
    0.13941E+00    0.58643E+04
    0.14223E+00    0.57270E+04
    0.14510E+00    0.55819E+04
    0.14803E+00    0.54286E+04
    0.15102E+00    0.52682E+04
    0.15407E+00    0.51019E+04
    0.15718E+00    0.49320E+04
    0.16036E+00    0.47608E+04
    0.16360E+00    0.45913E+04
    0.16690E+00    0.44260E+04
    0.17028E+00    0.42679E+04
    0.17371E+00    0.41192E+04
    0.17722E+00    0.39818E+04
    0.18080E+00    0.38570E+04
    0.18446E+00    0.37450E+04
    0.18818E+00    0.36444E+04
    0.19198E+00    0.35530E+04
    0.19586E+00    0.34676E+04
    0.19982E+00    0.33847E+04
    0.20386E+00    0.33012E+04
    0.20797E+00    0.32147E+04
    0.21218E+00    0.31234E+04
    0.21646E+00    0.30266E+04
    0.22083E+00    0.29245E+04
    0.22530E+00    0.28187E+04
    0.22985E+00    0.27118E+04
    0.23449E+00    0.26070E+04
    0.23923E+00    0.25070E+04
    0.24406E+00    0.24139E+04
    0.24899E+00    0.23289E+04
    0.25402E+00    0.22521E+04
    0.25915E+00    0.21828E+04
    0.26439E+00    0.21189E+04
    0.26973E+00    0.20580E+04
    0.27518E+00    0.19974E+04
    0.28074E+00    0.19351E+04
    0.28641E+00    0.18700E+04
    0.29219E+00    0.18025E+04
    0.29810E+00    0.17337E+04
    0.30412E+00    0.16659E+04
    0.31026E+00    0.16011E+04
    0.31653E+00    0.15406E+04
    0.32292E+00    0.14851E+04
    0.32945E+00    0.14341E+04
    0.33610E+00    0.13867E+04
    0.34289E+00    0.13411E+04
    0.34982E+00    0.12956E+04
    0.35689E+00    0.12494E+04
    0.36409E+00    0.12026E+04
    0.37145E+00    0.11559E+04
    0.37895E+00    0.11106E+04
    0.38661E+00    0.10676E+04
    0.39442E+00    0.10275E+04
    0.40239E+00    0.99003E+03
    0.41052E+00    0.95449E+03
    0.41881E+00    0.91994E+03
    0.42727E+00    0.88570E+03
    0.43590E+00    0.85166E+03
    0.44471E+00    0.81823E+03
    0.45369E+00    0.78599E+03
    0.46286E+00    0.75534E+03
    0.47221E+00    0.72637E+03
    0.48174E+00    0.69879E+03
    0.49148E+00    0.67213E+03
    0.50141E+00    0.64605E+03
    0.51153E+00    0.62053E+03
    0.52187E+00    0.59582E+03
    0.53241E+00    0.57209E+03
    0.54317E+00    0.54945E+03
    0.55414E+00    0.52782E+03
    0.56533E+00    0.50696E+03
    0.57675E+00    0.48670E+03
    0.58840E+00    0.46709E+03
    0.60029E+00    0.44820E+03
    0.61242E+00    0.43007E+03
    0.62479E+00    0.41270E+03
    0.63741E+00    0.39599E+03
    0.65029E+00    0.37985E+03
    0.66342E+00    0.36430E+03
    0.67683E+00    0.34934E+03
    0.69050E+00    0.33497E+03
    0.70445E+00    0.32118E+03
    0.71868E+00    0.30792E+03
    0.73320E+00    0.29516E+03
    0.74801E+00    0.28289E+03
    0.76312E+00    0.27110E+03
    0.77854E+00    0.25976E+03
    0.79426E+00    0.24886E+03
    0.81031E+00    0.23840E+03
    0.82668E+00    0.22834E+03
    0.84338E+00    0.21868E+03
    0.86041E+00    0.20941E+03
    0.87780E+00    0.20051E+03
    0.89553E+00    0.19197E+03
    0.91362E+00    0.18377E+03
    0.93208E+00    0.17591E+03
    0.95091E+00    0.16836E+03
    0.97011E+00    0.16112E+03
    0.98971E+00    0.15418E+03
    0.10097E+01    0.14752E+03
    0.10301E+01    0.14113E+03
    0.10509E+01    0.13500E+03
    0.10721E+01    0.12913E+03
    0.10938E+01    0.12350E+03
    0.11159E+01    0.11811E+03
    0.11384E+01    0.11294E+03
    0.11614E+01    0.10798E+03
    0.11849E+01    0.10323E+03
    0.12088E+01    0.98684E+02
    0.12333E+01    0.94326E+02
    0.12582E+01    0.90153E+02
    0.12836E+01    0.86156E+02
    0.13095E+01    0.82329E+02
    0.13360E+01    0.78665E+02
    0.13630E+01    0.75158E+02
    0.13905E+01    0.71801E+02
    0.14186E+01    0.68588E+02
    0.14472E+01    0.65513E+02
    0.14765E+01    0.62571E+02
    0.15063E+01    0.59756E+02
    0.15367E+01    0.57062E+02
    0.15678E+01    0.54484E+02
    0.15994E+01    0.52019E+02
    0.16318E+01    0.49660E+02
    0.16647E+01    0.47403E+02
    0.16984E+01    0.45245E+02
    0.17327E+01    0.43181E+02
    0.17677E+01    0.41206E+02
    0.18034E+01    0.39319E+02
    0.18398E+01    0.37515E+02
    0.18770E+01    0.35792E+02
    0.19149E+01    0.34145E+02
    0.19536E+01    0.32573E+02
    0.19930E+01    0.31072E+02
    0.20333E+01    0.29639E+02
    0.20744E+01    0.28271E+02
    0.21163E+01    0.26966E+02
