    0.10000E-03    0.92232E+03
    0.10202E-03    0.94034E+03
    0.10408E-03    0.95870E+03
    0.10618E-03    0.97743E+03
    0.10833E-03    0.99652E+03
    0.11052E-03    0.10160E+04
    0.11275E-03    0.10358E+04
    0.11503E-03    0.10560E+04
    0.11735E-03    0.10767E+04
    0.11972E-03    0.10977E+04
    0.12214E-03    0.11191E+04
    0.12461E-03    0.11410E+04
    0.12712E-03    0.11632E+04
    0.12969E-03    0.11859E+04
    0.13231E-03    0.12091E+04
    0.13499E-03    0.12327E+04
    0.13771E-03    0.12567E+04
    0.14049E-03    0.12813E+04
    0.14333E-03    0.13063E+04
    0.14623E-03    0.13317E+04
    0.14918E-03    0.13577E+04
    0.15220E-03    0.13842E+04
    0.15527E-03    0.14112E+04
    0.15841E-03    0.14387E+04
    0.16161E-03    0.14668E+04
    0.16487E-03    0.14954E+04
    0.16820E-03    0.15245E+04
    0.17160E-03    0.15543E+04
    0.17507E-03    0.15846E+04
    0.17860E-03    0.16154E+04
    0.18221E-03    0.16469E+04
    0.18589E-03    0.16790E+04
    0.18965E-03    0.17117E+04
    0.19348E-03    0.17450E+04
    0.19739E-03    0.17790E+04
    0.20138E-03    0.18137E+04
    0.20544E-03    0.18490E+04
    0.20959E-03    0.18850E+04
    0.21383E-03    0.19216E+04
    0.21815E-03    0.19590E+04
    0.22255E-03    0.19971E+04
    0.22705E-03    0.20360E+04
    0.23164E-03    0.20756E+04
    0.23632E-03    0.21159E+04
    0.24109E-03    0.21571E+04
    0.24596E-03    0.21990E+04
    0.25093E-03    0.22417E+04
    0.25600E-03    0.22852E+04
    0.26117E-03    0.23296E+04
    0.26645E-03    0.23748E+04
    0.27183E-03    0.24209E+04
    0.27732E-03    0.24679E+04
    0.28292E-03    0.25157E+04
    0.28864E-03    0.25645E+04
    0.29447E-03    0.26142E+04
    0.30042E-03    0.26649E+04
    0.30649E-03    0.27165E+04
    0.31268E-03    0.27691E+04
    0.31899E-03    0.28227E+04
    0.32544E-03    0.28773E+04
    0.33201E-03    0.29329E+04
    0.33872E-03    0.29896E+04
    0.34556E-03    0.30474E+04
    0.35254E-03    0.31063E+04
    0.35966E-03    0.31662E+04
    0.36693E-03    0.32273E+04
    0.37434E-03    0.32896E+04
    0.38190E-03    0.33530E+04
    0.38962E-03    0.34176E+04
    0.39749E-03    0.34834E+04
    0.40552E-03    0.35504E+04
    0.41371E-03    0.36187E+04
    0.42207E-03    0.36883E+04
    0.43060E-03    0.37591E+04
    0.43929E-03    0.38313E+04
    0.44817E-03    0.39048E+04
    0.45722E-03    0.39797E+04
    0.46646E-03    0.40559E+04
    0.47588E-03    0.41336E+04
    0.48550E-03    0.42126E+04
    0.49530E-03    0.42932E+04
    0.50531E-03    0.43752E+04
    0.51552E-03    0.44586E+04
    0.52593E-03    0.45437E+04
    0.53656E-03    0.46302E+04
    0.54739E-03    0.47184E+04
    0.55845E-03    0.48081E+04
    0.56973E-03    0.48994E+04
    0.58124E-03    0.49924E+04
    0.59299E-03    0.50871E+04
    0.60496E-03    0.51835E+04
    0.61719E-03    0.52815E+04
    0.62965E-03    0.53814E+04
    0.64237E-03    0.54829E+04
    0.65535E-03    0.55863E+04
    0.66859E-03    0.56916E+04
    0.68210E-03    0.57986E+04
    0.69588E-03    0.59076E+04
    0.70993E-03    0.60184E+04
    0.72427E-03    0.61312E+04
    0.73891E-03    0.62459E+04
    0.75383E-03    0.63626E+04
    0.76906E-03    0.64814E+04
    0.78460E-03    0.66021E+04
    0.80045E-03    0.67249E+04
    0.81662E-03    0.68499E+04
    0.83311E-03    0.69769E+04
    0.84994E-03    0.71061E+04
    0.86711E-03    0.72374E+04
    0.88463E-03    0.73709E+04
    0.90250E-03    0.75067E+04
    0.92073E-03    0.76447E+04
    0.93933E-03    0.77849E+04
    0.95831E-03    0.79275E+04
    0.97767E-03    0.80724E+04
    0.99742E-03    0.82196E+04
    0.10176E-02    0.83692E+04
    0.10381E-02    0.85212E+04
    0.10591E-02    0.86756E+04
    0.10805E-02    0.88324E+04
    0.11023E-02    0.89917E+04
    0.11246E-02    0.91535E+04
    0.11473E-02    0.93178E+04
    0.11705E-02    0.94846E+04
    0.11941E-02    0.96539E+04
    0.12182E-02    0.98259E+04
    0.12429E-02    0.10000E+05
    0.12680E-02    0.10177E+05
    0.12936E-02    0.10357E+05
    0.13197E-02    0.10539E+05
    0.13464E-02    0.10724E+05
    0.13736E-02    0.10912E+05
    0.14013E-02    0.11102E+05
    0.14296E-02    0.11295E+05
    0.14585E-02    0.11491E+05
    0.14880E-02    0.11689E+05
    0.15180E-02    0.11890E+05
    0.15487E-02    0.12094E+05
    0.15800E-02    0.12301E+05
    0.16119E-02    0.12510E+05
    0.16445E-02    0.12722E+05
    0.16777E-02    0.12936E+05
    0.17116E-02    0.13153E+05
    0.17462E-02    0.13374E+05
    0.17814E-02    0.13596E+05
    0.18174E-02    0.13822E+05
    0.18541E-02    0.14050E+05
    0.18916E-02    0.14280E+05
    0.19298E-02    0.14514E+05
    0.19688E-02    0.14750E+05
    0.20086E-02    0.14989E+05
    0.20491E-02    0.15230E+05
    0.20905E-02    0.15474E+05
    0.21328E-02    0.15720E+05
    0.21758E-02    0.15969E+05
    0.22198E-02    0.16220E+05
    0.22646E-02    0.16474E+05
    0.23104E-02    0.16730E+05
    0.23571E-02    0.16989E+05
    0.24047E-02    0.17250E+05
    0.24533E-02    0.17513E+05
    0.25028E-02    0.17779E+05
    0.25534E-02    0.18047E+05
    0.26050E-02    0.18316E+05
    0.26576E-02    0.18588E+05
    0.27113E-02    0.18862E+05
    0.27660E-02    0.19138E+05
    0.28219E-02    0.19416E+05
    0.28789E-02    0.19696E+05
    0.29371E-02    0.19977E+05
    0.29964E-02    0.20260E+05
    0.30569E-02    0.20545E+05
    0.31187E-02    0.20831E+05
    0.31817E-02    0.21119E+05
    0.32460E-02    0.21408E+05
    0.33115E-02    0.21698E+05
    0.33784E-02    0.21989E+05
    0.34467E-02    0.22282E+05
    0.35163E-02    0.22575E+05
    0.35874E-02    0.22869E+05
    0.36598E-02    0.23164E+05
    0.37338E-02    0.23459E+05
    0.38092E-02    0.23754E+05
    0.38861E-02    0.24050E+05
    0.39646E-02    0.24347E+05
    0.40447E-02    0.24643E+05
    0.41264E-02    0.24939E+05
    0.42098E-02    0.25235E+05
    0.42948E-02    0.25530E+05
    0.43816E-02    0.25825E+05
    0.44701E-02    0.26119E+05
    0.45604E-02    0.26412E+05
    0.46525E-02    0.26704E+05
    0.47465E-02    0.26995E+05
    0.48424E-02    0.27284E+05
    0.49402E-02    0.27572E+05
    0.50400E-02    0.27858E+05
    0.51419E-02    0.28142E+05
    0.52457E-02    0.28424E+05
    0.53517E-02    0.28703E+05
    0.54598E-02    0.28979E+05
    0.55701E-02    0.29252E+05
    0.56826E-02    0.29522E+05
    0.57974E-02    0.29789E+05
    0.59145E-02    0.30051E+05
    0.60340E-02    0.30311E+05
    0.61559E-02    0.30565E+05
    0.62803E-02    0.30816E+05
    0.64072E-02    0.31061E+05
    0.65366E-02    0.31302E+05
    0.66686E-02    0.31537E+05
    0.68033E-02    0.31767E+05
    0.69408E-02    0.31991E+05
    0.70810E-02    0.32209E+05
    0.72240E-02    0.32421E+05
    0.73700E-02    0.32626E+05
    0.75189E-02    0.32825E+05
    0.76708E-02    0.33016E+05
    0.78257E-02    0.33200E+05
    0.79838E-02    0.33376E+05
    0.81451E-02    0.33544E+05
    0.83096E-02    0.33704E+05
    0.84775E-02    0.33854E+05
    0.86488E-02    0.33996E+05
    0.88235E-02    0.34128E+05
    0.90017E-02    0.34250E+05
    0.91836E-02    0.34362E+05
    0.93691E-02    0.34463E+05
    0.95583E-02    0.34554E+05
    0.97514E-02    0.34633E+05
    0.99484E-02    0.34701E+05
    0.10149E-01    0.34757E+05
    0.10354E-01    0.34801E+05
    0.10564E-01    0.34833E+05
    0.10777E-01    0.34851E+05
    0.10995E-01    0.34857E+05
    0.11217E-01    0.34849E+05
    0.11443E-01    0.34827E+05
    0.11675E-01    0.34791E+05
    0.11910E-01    0.34740E+05
    0.12151E-01    0.34674E+05
    0.12397E-01    0.34594E+05
    0.12647E-01    0.34498E+05
    0.12902E-01    0.34386E+05
    0.13163E-01    0.34259E+05
    0.13429E-01    0.34115E+05
    0.13700E-01    0.33955E+05
    0.13977E-01    0.33778E+05
    0.14259E-01    0.33584E+05
    0.14547E-01    0.33374E+05
    0.14841E-01    0.33147E+05
    0.15141E-01    0.32902E+05
    0.15447E-01    0.32640E+05
    0.15759E-01    0.32361E+05
    0.16077E-01    0.32064E+05
    0.16402E-01    0.31750E+05
    0.16734E-01    0.31419E+05
    0.17072E-01    0.31071E+05
    0.17416E-01    0.30706E+05
    0.17768E-01    0.30325E+05
    0.18127E-01    0.29927E+05
    0.18493E-01    0.29512E+05
    0.18867E-01    0.29083E+05
    0.19248E-01    0.28637E+05
    0.19637E-01    0.28177E+05
    0.20034E-01    0.27703E+05
    0.20438E-01    0.27215E+05
    0.20851E-01    0.26714E+05
    0.21272E-01    0.26201E+05
    0.21702E-01    0.25677E+05
    0.22141E-01    0.25142E+05
    0.22588E-01    0.24598E+05
    0.23044E-01    0.24045E+05
    0.23510E-01    0.23485E+05
    0.23985E-01    0.22918E+05
    0.24469E-01    0.22346E+05
    0.24964E-01    0.21771E+05
    0.25468E-01    0.21193E+05
    0.25982E-01    0.20614E+05
    0.26507E-01    0.20035E+05
    0.27043E-01    0.19457E+05
    0.27589E-01    0.18883E+05
    0.28146E-01    0.18313E+05
    0.28715E-01    0.17749E+05
    0.29295E-01    0.17192E+05
    0.29887E-01    0.16644E+05
    0.30490E-01    0.16106E+05
    0.31106E-01    0.15580E+05
    0.31735E-01    0.15067E+05
    0.32376E-01    0.14567E+05
    0.33030E-01    0.14083E+05
    0.33697E-01    0.13615E+05
    0.34378E-01    0.13165E+05
    0.35072E-01    0.12733E+05
    0.35781E-01    0.12320E+05
    0.36504E-01    0.11926E+05
    0.37241E-01    0.11553E+05
    0.37993E-01    0.11201E+05
    0.38761E-01    0.10871E+05
    0.39544E-01    0.10563E+05
    0.40343E-01    0.10276E+05
    0.41158E-01    0.10011E+05
    0.41989E-01    0.97680E+04
    0.42838E-01    0.95466E+04
    0.43703E-01    0.93460E+04
    0.44586E-01    0.91642E+04
    0.45486E-01    0.89995E+04
    0.46405E-01    0.88502E+04
    0.47343E-01    0.87148E+04
    0.48299E-01    0.85924E+04
    0.49275E-01    0.84816E+04
    0.50270E-01    0.83816E+04
    0.51286E-01    0.82912E+04
    0.52322E-01    0.82081E+04
    0.53379E-01    0.81302E+04
    0.54457E-01    0.80552E+04
    0.55557E-01    0.79806E+04
    0.56680E-01    0.79031E+04
    0.57825E-01    0.78194E+04
    0.58993E-01    0.77265E+04
    0.60184E-01    0.76213E+04
    0.61400E-01    0.75012E+04
    0.62641E-01    0.73637E+04
    0.63906E-01    0.72076E+04
    0.65197E-01    0.70322E+04
    0.66514E-01    0.68376E+04
    0.67858E-01    0.66246E+04
    0.69229E-01    0.63950E+04
    0.70627E-01    0.61506E+04
    0.72054E-01    0.58941E+04
    0.73510E-01    0.56281E+04
    0.74994E-01    0.53556E+04
    0.76509E-01    0.50802E+04
    0.78055E-01    0.48051E+04
    0.79632E-01    0.45344E+04
    0.81241E-01    0.42725E+04
    0.82882E-01    0.40232E+04
    0.84556E-01    0.37909E+04
    0.86264E-01    0.35788E+04
    0.88007E-01    0.33892E+04
    0.89785E-01    0.32236E+04
    0.91598E-01    0.30828E+04
    0.93449E-01    0.29665E+04
    0.95337E-01    0.28731E+04
    0.97263E-01    0.28013E+04
    0.99227E-01    0.27483E+04
    0.10123E+00    0.27113E+04
    0.10328E+00    0.26868E+04
    0.10536E+00    0.26705E+04
    0.10749E+00    0.26582E+04
    0.10966E+00    0.26447E+04
    0.11188E+00    0.26253E+04
    0.11414E+00    0.25960E+04
    0.11644E+00    0.25532E+04
    0.11880E+00    0.24947E+04
    0.12120E+00    0.24192E+04
    0.12365E+00    0.23267E+04
    0.12614E+00    0.22185E+04
    0.12869E+00    0.20981E+04
    0.13129E+00    0.19701E+04
    0.13394E+00    0.18406E+04
    0.13665E+00    0.17158E+04
    0.13941E+00    0.16009E+04
    0.14223E+00    0.14997E+04
    0.14510E+00    0.14142E+04
    0.14803E+00    0.13454E+04
    0.15102E+00    0.12932E+04
    0.15407E+00    0.12566E+04
    0.15718E+00    0.12333E+04
    0.16036E+00    0.12195E+04
    0.16360E+00    0.12102E+04
    0.16690E+00    0.12002E+04
    0.17028E+00    0.11849E+04
    0.17371E+00    0.11609E+04
    0.17722E+00    0.11264E+04
    0.18080E+00    0.10811E+04
    0.18446E+00    0.10266E+04
    0.18818E+00    0.96605E+03
    0.19198E+00    0.90399E+03
    0.19586E+00    0.84489E+03
    0.19982E+00    0.79251E+03
    0.20386E+00    0.74936E+03
    0.20797E+00    0.71640E+03
    0.21218E+00    0.69296E+03
    0.21646E+00    0.67674E+03
    0.22083E+00    0.66437E+03
    0.22530E+00    0.65222E+03
    0.22985E+00    0.63728E+03
    0.23449E+00    0.61754E+03
    0.23923E+00    0.59226E+03
    0.24406E+00    0.56235E+03
    0.24899E+00    0.53032E+03
    0.25402E+00    0.49926E+03
    0.25915E+00    0.47162E+03
    0.26439E+00    0.44877E+03
    0.26973E+00    0.43102E+03
    0.27518E+00    0.41735E+03
    0.28074E+00    0.40572E+03
    0.28641E+00    0.39396E+03
    0.29219E+00    0.38048E+03
    0.29810E+00    0.36470E+03
    0.30412E+00    0.34715E+03
    0.31026E+00    0.32908E+03
    0.31653E+00    0.31209E+03
    0.32292E+00    0.29732E+03
    0.32945E+00    0.28499E+03
    0.33610E+00    0.27452E+03
    0.34289E+00    0.26484E+03
    0.34982E+00    0.25495E+03
    0.35689E+00    0.24431E+03
    0.36409E+00    0.23303E+03
    0.37145E+00    0.22180E+03
    0.37895E+00    0.21129E+03
    0.38661E+00    0.20194E+03
    0.39442E+00    0.19364E+03
    0.40239E+00    0.18592E+03
    0.41052E+00    0.17831E+03
    0.41881E+00    0.17055E+03
    0.42727E+00    0.16275E+03
    0.43590E+00    0.15523E+03
    0.44471E+00    0.14826E+03
    0.45369E+00    0.14185E+03
    0.46286E+00    0.13583E+03
    0.47221E+00    0.12997E+03
    0.48174E+00    0.12419E+03
    0.49148E+00    0.11855E+03
    0.50141E+00    0.11320E+03
    0.51153E+00    0.10818E+03
    0.52187E+00    0.10341E+03
    0.53241E+00    0.98833E+02
    0.54317E+00    0.94404E+02
    0.55414E+00    0.90129E+02
    0.56533E+00    0.86058E+02
    0.57675E+00    0.82196E+02
    0.58840E+00    0.78509E+02
    0.60029E+00    0.74975E+02
    0.61242E+00    0.71590E+02
    0.62479E+00    0.68348E+02
    0.63741E+00    0.65245E+02
    0.65029E+00    0.62275E+02
    0.66342E+00    0.59433E+02
    0.67683E+00    0.56716E+02
    0.69050E+00    0.54117E+02
    0.70445E+00    0.51634E+02
    0.71868E+00    0.49262E+02
    0.73320E+00    0.46995E+02
    0.74801E+00    0.44830E+02
    0.76312E+00    0.42763E+02
    0.77854E+00    0.40789E+02
    0.79426E+00    0.38903E+02
    0.81031E+00    0.37102E+02
    0.82668E+00    0.35383E+02
    0.84338E+00    0.33741E+02
    0.86041E+00    0.32173E+02
    0.87780E+00    0.30675E+02
    0.89553E+00    0.29246E+02
    0.91362E+00    0.27881E+02
    0.93208E+00    0.26577E+02
    0.95091E+00    0.25333E+02
    0.97011E+00    0.24145E+02
    0.98971E+00    0.23012E+02
    0.10097E+01    0.21930E+02
    0.10301E+01    0.20897E+02
    0.10509E+01    0.19912E+02
    0.10721E+01    0.18972E+02
    0.10938E+01    0.18075E+02
    0.11159E+01    0.17220E+02
    0.11384E+01    0.16404E+02
    0.11614E+01    0.15625E+02
    0.11849E+01    0.14883E+02
    0.12088E+01    0.14175E+02
    0.12333E+01    0.13500E+02
    0.12582E+01    0.12857E+02
    0.12836E+01    0.12243E+02
    0.13095E+01    0.11658E+02
    0.13360E+01    0.11100E+02
    0.13630E+01    0.10569E+02
    0.13905E+01    0.10062E+02
    0.14186E+01    0.95792E+01
    0.14472E+01    0.91190E+01
    0.14765E+01    0.86804E+01
    0.15063E+01    0.82624E+01
    0.15367E+01    0.78642E+01
    0.15678E+01    0.74846E+01
    0.15994E+01    0.71230E+01
    0.16318E+01    0.67785E+01
    0.16647E+01    0.64502E+01
    0.16984E+01    0.61375E+01
    0.17327E+01    0.58395E+01
    0.17677E+01    0.55557E+01
    0.18034E+01    0.52853E+01
    0.18398E+01    0.50278E+01
    0.18770E+01    0.47826E+01
    0.19149E+01    0.45491E+01
    0.19536E+01    0.43269E+01
    0.19930E+01    0.41153E+01
    0.20333E+01    0.39140E+01
    0.20744E+01    0.37225E+01
    0.21163E+01    0.35402E+01
    0.21590E+01    0.33669E+01
    0.22026E+01    0.32020E+01
