    0.10000E-03    0.36965E+03
    0.10202E-03    0.37687E+03
    0.10408E-03    0.38424E+03
    0.10618E-03    0.39175E+03
    0.10833E-03    0.39941E+03
    0.11052E-03    0.40721E+03
    0.11275E-03    0.41517E+03
    0.11503E-03    0.42329E+03
    0.11735E-03    0.43156E+03
    0.11972E-03    0.43999E+03
    0.12214E-03    0.44859E+03
    0.12461E-03    0.45736E+03
    0.12712E-03    0.46630E+03
    0.12969E-03    0.47541E+03
    0.13231E-03    0.48470E+03
    0.13499E-03    0.49417E+03
    0.13771E-03    0.50382E+03
    0.14049E-03    0.51367E+03
    0.14333E-03    0.52370E+03
    0.14623E-03    0.53394E+03
    0.14918E-03    0.54437E+03
    0.15220E-03    0.55500E+03
    0.15527E-03    0.56584E+03
    0.15841E-03    0.57690E+03
    0.16161E-03    0.58817E+03
    0.16487E-03    0.59966E+03
    0.16820E-03    0.61137E+03
    0.17160E-03    0.62331E+03
    0.17507E-03    0.63548E+03
    0.17860E-03    0.64789E+03
    0.18221E-03    0.66054E+03
    0.18589E-03    0.67344E+03
    0.18965E-03    0.68659E+03
    0.19348E-03    0.70000E+03
    0.19739E-03    0.71367E+03
    0.20138E-03    0.72760E+03
    0.20544E-03    0.74180E+03
    0.20959E-03    0.75628E+03
    0.21383E-03    0.77104E+03
    0.21815E-03    0.78609E+03
    0.22255E-03    0.80143E+03
    0.22705E-03    0.81707E+03
    0.23164E-03    0.83301E+03
    0.23632E-03    0.84927E+03
    0.24109E-03    0.86584E+03
    0.24596E-03    0.88273E+03
    0.25093E-03    0.89994E+03
    0.25600E-03    0.91750E+03
    0.26117E-03    0.93539E+03
    0.26645E-03    0.95363E+03
    0.27183E-03    0.97222E+03
    0.27732E-03    0.99117E+03
    0.28292E-03    0.10105E+04
    0.28864E-03    0.10302E+04
    0.29447E-03    0.10503E+04
    0.30042E-03    0.10707E+04
    0.30649E-03    0.10916E+04
    0.31268E-03    0.11129E+04
    0.31899E-03    0.11345E+04
    0.32544E-03    0.11566E+04
    0.33201E-03    0.11791E+04
    0.33872E-03    0.12021E+04
    0.34556E-03    0.12255E+04
    0.35254E-03    0.12493E+04
    0.35966E-03    0.12736E+04
    0.36693E-03    0.12984E+04
    0.37434E-03    0.13237E+04
    0.38190E-03    0.13494E+04
    0.38962E-03    0.13756E+04
    0.39749E-03    0.14024E+04
    0.40552E-03    0.14296E+04
    0.41371E-03    0.14574E+04
    0.42207E-03    0.14857E+04
    0.43060E-03    0.15146E+04
    0.43929E-03    0.15440E+04
    0.44817E-03    0.15739E+04
    0.45722E-03    0.16045E+04
    0.46646E-03    0.16356E+04
    0.47588E-03    0.16673E+04
    0.48550E-03    0.16996E+04
    0.49530E-03    0.17326E+04
    0.50531E-03    0.17661E+04
    0.51552E-03    0.18003E+04
    0.52593E-03    0.18352E+04
    0.53656E-03    0.18707E+04
    0.54739E-03    0.19069E+04
    0.55845E-03    0.19437E+04
    0.56973E-03    0.19813E+04
    0.58124E-03    0.20196E+04
    0.59299E-03    0.20586E+04
    0.60496E-03    0.20983E+04
    0.61719E-03    0.21388E+04
    0.62965E-03    0.21800E+04
    0.64237E-03    0.22220E+04
    0.65535E-03    0.22649E+04
    0.66859E-03    0.23085E+04
    0.68210E-03    0.23529E+04
    0.69588E-03    0.23981E+04
    0.70993E-03    0.24442E+04
    0.72427E-03    0.24912E+04
    0.73891E-03    0.25390E+04
    0.75383E-03    0.25877E+04
    0.76906E-03    0.26374E+04
    0.78460E-03    0.26879E+04
    0.80045E-03    0.27394E+04
    0.81662E-03    0.27918E+04
    0.83311E-03    0.28452E+04
    0.84994E-03    0.28995E+04
    0.86711E-03    0.29549E+04
    0.88463E-03    0.30113E+04
    0.90250E-03    0.30687E+04
    0.92073E-03    0.31271E+04
    0.93933E-03    0.31866E+04
    0.95831E-03    0.32472E+04
    0.97767E-03    0.33089E+04
    0.99742E-03    0.33717E+04
    0.10176E-02    0.34356E+04
    0.10381E-02    0.35007E+04
    0.10591E-02    0.35669E+04
    0.10805E-02    0.36344E+04
    0.11023E-02    0.37030E+04
    0.11246E-02    0.37728E+04
    0.11473E-02    0.38439E+04
    0.11705E-02    0.39162E+04
    0.11941E-02    0.39899E+04
    0.12182E-02    0.40647E+04
    0.12429E-02    0.41410E+04
    0.12680E-02    0.42185E+04
    0.12936E-02    0.42974E+04
    0.13197E-02    0.43776E+04
    0.13464E-02    0.44592E+04
    0.13736E-02    0.45423E+04
    0.14013E-02    0.46267E+04
    0.14296E-02    0.47126E+04
    0.14585E-02    0.47999E+04
    0.14880E-02    0.48887E+04
    0.15180E-02    0.49790E+04
    0.15487E-02    0.50709E+04
    0.15800E-02    0.51642E+04
    0.16119E-02    0.52591E+04
    0.16445E-02    0.53555E+04
    0.16777E-02    0.54536E+04
    0.17116E-02    0.55532E+04
    0.17462E-02    0.56544E+04
    0.17814E-02    0.57573E+04
    0.18174E-02    0.58618E+04
    0.18541E-02    0.59680E+04
    0.18916E-02    0.60759E+04
    0.19298E-02    0.61854E+04
    0.19688E-02    0.62967E+04
    0.20086E-02    0.64097E+04
    0.20491E-02    0.65244E+04
    0.20905E-02    0.66409E+04
    0.21328E-02    0.67592E+04
    0.21758E-02    0.68792E+04
    0.22198E-02    0.70011E+04
    0.22646E-02    0.71247E+04
    0.23104E-02    0.72501E+04
    0.23571E-02    0.73774E+04
    0.24047E-02    0.75065E+04
    0.24533E-02    0.76375E+04
    0.25028E-02    0.77703E+04
    0.25534E-02    0.79050E+04
    0.26050E-02    0.80416E+04
    0.26576E-02    0.81800E+04
    0.27113E-02    0.83203E+04
    0.27660E-02    0.84625E+04
    0.28219E-02    0.86066E+04
    0.28789E-02    0.87525E+04
    0.29371E-02    0.89004E+04
    0.29964E-02    0.90501E+04
    0.30569E-02    0.92018E+04
    0.31187E-02    0.93553E+04
    0.31817E-02    0.95107E+04
    0.32460E-02    0.96680E+04
    0.33115E-02    0.98272E+04
    0.33784E-02    0.99882E+04
    0.34467E-02    0.10151E+05
    0.35163E-02    0.10316E+05
    0.35874E-02    0.10482E+05
    0.36598E-02    0.10651E+05
    0.37338E-02    0.10821E+05
    0.38092E-02    0.10993E+05
    0.38861E-02    0.11167E+05
    0.39646E-02    0.11342E+05
    0.40447E-02    0.11520E+05
    0.41264E-02    0.11698E+05
    0.42098E-02    0.11879E+05
    0.42948E-02    0.12061E+05
    0.43816E-02    0.12245E+05
    0.44701E-02    0.12431E+05
    0.45604E-02    0.12618E+05
    0.46525E-02    0.12806E+05
    0.47465E-02    0.12996E+05
    0.48424E-02    0.13187E+05
    0.49402E-02    0.13380E+05
    0.50400E-02    0.13574E+05
    0.51419E-02    0.13769E+05
    0.52457E-02    0.13966E+05
    0.53517E-02    0.14164E+05
    0.54598E-02    0.14363E+05
    0.55701E-02    0.14562E+05
    0.56826E-02    0.14763E+05
    0.57974E-02    0.14965E+05
    0.59145E-02    0.15167E+05
    0.60340E-02    0.15370E+05
    0.61559E-02    0.15574E+05
    0.62803E-02    0.15779E+05
    0.64072E-02    0.15984E+05
    0.65366E-02    0.16189E+05
    0.66686E-02    0.16395E+05
    0.68033E-02    0.16601E+05
    0.69408E-02    0.16807E+05
    0.70810E-02    0.17013E+05
    0.72240E-02    0.17218E+05
    0.73700E-02    0.17424E+05
    0.75189E-02    0.17629E+05
    0.76708E-02    0.17833E+05
    0.78257E-02    0.18037E+05
    0.79838E-02    0.18240E+05
    0.81451E-02    0.18442E+05
    0.83096E-02    0.18643E+05
    0.84775E-02    0.18843E+05
    0.86488E-02    0.19041E+05
    0.88235E-02    0.19238E+05
    0.90017E-02    0.19433E+05
    0.91836E-02    0.19627E+05
    0.93691E-02    0.19818E+05
    0.95583E-02    0.20007E+05
    0.97514E-02    0.20194E+05
    0.99484E-02    0.20378E+05
    0.10149E-01    0.20559E+05
    0.10354E-01    0.20738E+05
    0.10564E-01    0.20913E+05
    0.10777E-01    0.21085E+05
    0.10995E-01    0.21253E+05
    0.11217E-01    0.21417E+05
    0.11443E-01    0.21577E+05
    0.11675E-01    0.21733E+05
    0.11910E-01    0.21885E+05
    0.12151E-01    0.22031E+05
    0.12397E-01    0.22173E+05
    0.12647E-01    0.22310E+05
    0.12902E-01    0.22441E+05
    0.13163E-01    0.22566E+05
    0.13429E-01    0.22685E+05
    0.13700E-01    0.22798E+05
    0.13977E-01    0.22905E+05
    0.14259E-01    0.23005E+05
    0.14547E-01    0.23097E+05
    0.14841E-01    0.23183E+05
    0.15141E-01    0.23261E+05
    0.15447E-01    0.23331E+05
    0.15759E-01    0.23393E+05
    0.16077E-01    0.23447E+05
    0.16402E-01    0.23493E+05
    0.16734E-01    0.23529E+05
    0.17072E-01    0.23557E+05
    0.17416E-01    0.23575E+05
    0.17768E-01    0.23584E+05
    0.18127E-01    0.23583E+05
    0.18493E-01    0.23573E+05
    0.18867E-01    0.23552E+05
    0.19248E-01    0.23521E+05
    0.19637E-01    0.23480E+05
    0.20034E-01    0.23428E+05
    0.20438E-01    0.23365E+05
    0.20851E-01    0.23292E+05
    0.21272E-01    0.23208E+05
    0.21702E-01    0.23113E+05
    0.22141E-01    0.23006E+05
    0.22588E-01    0.22889E+05
    0.23044E-01    0.22761E+05
    0.23510E-01    0.22622E+05
    0.23985E-01    0.22473E+05
    0.24469E-01    0.22312E+05
    0.24964E-01    0.22141E+05
    0.25468E-01    0.21960E+05
    0.25982E-01    0.21768E+05
    0.26507E-01    0.21567E+05
    0.27043E-01    0.21356E+05
    0.27589E-01    0.21136E+05
    0.28146E-01    0.20907E+05
    0.28715E-01    0.20670E+05
    0.29295E-01    0.20424E+05
    0.29887E-01    0.20172E+05
    0.30490E-01    0.19912E+05
    0.31106E-01    0.19646E+05
    0.31735E-01    0.19375E+05
    0.32376E-01    0.19098E+05
    0.33030E-01    0.18817E+05
    0.33697E-01    0.18533E+05
    0.34378E-01    0.18246E+05
    0.35072E-01    0.17957E+05
    0.35781E-01    0.17666E+05
    0.36504E-01    0.17375E+05
    0.37241E-01    0.17084E+05
    0.37993E-01    0.16795E+05
    0.38761E-01    0.16507E+05
    0.39544E-01    0.16222E+05
    0.40343E-01    0.15942E+05
    0.41158E-01    0.15665E+05
    0.41989E-01    0.15393E+05
    0.42838E-01    0.15126E+05
    0.43703E-01    0.14865E+05
    0.44586E-01    0.14610E+05
    0.45486E-01    0.14361E+05
    0.46405E-01    0.14119E+05
    0.47343E-01    0.13886E+05
    0.48299E-01    0.13662E+05
    0.49275E-01    0.13448E+05
    0.50270E-01    0.13243E+05
    0.51286E-01    0.13047E+05
    0.52322E-01    0.12858E+05
    0.53379E-01    0.12677E+05
    0.54457E-01    0.12501E+05
    0.55557E-01    0.12332E+05
    0.56680E-01    0.12167E+05
    0.57825E-01    0.12006E+05
    0.58993E-01    0.11848E+05
    0.60184E-01    0.11693E+05
    0.61400E-01    0.11539E+05
    0.62641E-01    0.11385E+05
    0.63906E-01    0.11229E+05
    0.65197E-01    0.11072E+05
    0.66514E-01    0.10911E+05
    0.67858E-01    0.10747E+05
    0.69229E-01    0.10576E+05
    0.70627E-01    0.10398E+05
    0.72054E-01    0.10213E+05
    0.73510E-01    0.10018E+05
    0.74994E-01    0.98135E+04
    0.76509E-01    0.95978E+04
    0.78055E-01    0.93716E+04
    0.79632E-01    0.91353E+04
    0.81241E-01    0.88899E+04
    0.82882E-01    0.86372E+04
    0.84556E-01    0.83788E+04
    0.86264E-01    0.81171E+04
    0.88007E-01    0.78544E+04
    0.89785E-01    0.75931E+04
    0.91598E-01    0.73356E+04
    0.93449E-01    0.70842E+04
    0.95337E-01    0.68410E+04
    0.97263E-01    0.66081E+04
    0.99227E-01    0.63872E+04
    0.10123E+00    0.61798E+04
    0.10328E+00    0.59873E+04
    0.10536E+00    0.58107E+04
    0.10749E+00    0.56499E+04
    0.10966E+00    0.55050E+04
    0.11188E+00    0.53751E+04
    0.11414E+00    0.52584E+04
    0.11644E+00    0.51529E+04
    0.11880E+00    0.50559E+04
    0.12120E+00    0.49642E+04
    0.12365E+00    0.48748E+04
    0.12614E+00    0.47843E+04
    0.12869E+00    0.46898E+04
    0.13129E+00    0.45887E+04
    0.13394E+00    0.44789E+04
    0.13665E+00    0.43595E+04
    0.13941E+00    0.42300E+04
    0.14223E+00    0.40914E+04
    0.14510E+00    0.39455E+04
    0.14803E+00    0.37947E+04
    0.15102E+00    0.36421E+04
    0.15407E+00    0.34909E+04
    0.15718E+00    0.33444E+04
    0.16036E+00    0.32058E+04
    0.16360E+00    0.30778E+04
    0.16690E+00    0.29628E+04
    0.17028E+00    0.28616E+04
    0.17371E+00    0.27739E+04
    0.17722E+00    0.26981E+04
    0.18080E+00    0.26315E+04
    0.18446E+00    0.25707E+04
    0.18818E+00    0.25125E+04
    0.19198E+00    0.24535E+04
    0.19586E+00    0.23907E+04
    0.19982E+00    0.23219E+04
    0.20386E+00    0.22459E+04
    0.20797E+00    0.21635E+04
    0.21218E+00    0.20765E+04
    0.21646E+00    0.19882E+04
    0.22083E+00    0.19015E+04
    0.22530E+00    0.18194E+04
    0.22985E+00    0.17441E+04
    0.23449E+00    0.16773E+04
    0.23923E+00    0.16192E+04
    0.24406E+00    0.15687E+04
    0.24899E+00    0.15234E+04
    0.25402E+00    0.14807E+04
    0.25915E+00    0.14378E+04
    0.26439E+00    0.13926E+04
    0.26973E+00    0.13440E+04
    0.27518E+00    0.12921E+04
    0.28074E+00    0.12385E+04
    0.28641E+00    0.11854E+04
    0.29219E+00    0.11348E+04
    0.29810E+00    0.10885E+04
    0.30412E+00    0.10472E+04
    0.31026E+00    0.10104E+04
    0.31653E+00    0.97669E+03
    0.32292E+00    0.94442E+03
    0.32945E+00    0.91200E+03
    0.33610E+00    0.87848E+03
    0.34289E+00    0.84378E+03
    0.34982E+00    0.80875E+03
    0.35689E+00    0.77478E+03
    0.36409E+00    0.74299E+03
    0.37145E+00    0.71378E+03
    0.37895E+00    0.68696E+03
    0.38661E+00    0.66184E+03
    0.39442E+00    0.63744E+03
    0.40239E+00    0.61300E+03
    0.41052E+00    0.58843E+03
    0.41881E+00    0.56416E+03
    0.42727E+00    0.54078E+03
    0.43590E+00    0.51876E+03
    0.44471E+00    0.49820E+03
    0.45369E+00    0.47879E+03
    0.46286E+00    0.46002E+03
    0.47221E+00    0.44163E+03
    0.48174E+00    0.42354E+03
    0.49148E+00    0.40595E+03
    0.50141E+00    0.38918E+03
    0.51153E+00    0.37329E+03
    0.52187E+00    0.35815E+03
    0.53241E+00    0.34360E+03
    0.54317E+00    0.32946E+03
    0.55414E+00    0.31573E+03
    0.56533E+00    0.30253E+03
    0.57675E+00    0.28991E+03
    0.58840E+00    0.27787E+03
    0.60029E+00    0.26631E+03
    0.61242E+00    0.25514E+03
    0.62479E+00    0.24438E+03
    0.63741E+00    0.23405E+03
    0.65029E+00    0.22415E+03
    0.66342E+00    0.21467E+03
    0.67683E+00    0.20557E+03
    0.69050E+00    0.19682E+03
    0.70445E+00    0.18842E+03
    0.71868E+00    0.18036E+03
    0.73320E+00    0.17262E+03
    0.74801E+00    0.16519E+03
    0.76312E+00    0.15807E+03
    0.77854E+00    0.15123E+03
    0.79426E+00    0.14468E+03
    0.81031E+00    0.13840E+03
    0.82668E+00    0.13237E+03
    0.84338E+00    0.12660E+03
    0.86041E+00    0.12107E+03
    0.87780E+00    0.11576E+03
    0.89553E+00    0.11068E+03
    0.91362E+00    0.10582E+03
    0.93208E+00    0.10116E+03
    0.95091E+00    0.96689E+02
    0.97011E+00    0.92412E+02
    0.98971E+00    0.88316E+02
    0.10097E+01    0.84393E+02
    0.10301E+01    0.80637E+02
    0.10509E+01    0.77042E+02
    0.10721E+01    0.73599E+02
    0.10938E+01    0.70304E+02
    0.11159E+01    0.67151E+02
    0.11384E+01    0.64134E+02
    0.11614E+01    0.61247E+02
    0.11849E+01    0.58485E+02
    0.12088E+01    0.55843E+02
    0.12333E+01    0.53316E+02
    0.12582E+01    0.50899E+02
    0.12836E+01    0.48588E+02
    0.13095E+01    0.46378E+02
    0.13360E+01    0.44266E+02
    0.13630E+01    0.42246E+02
    0.13905E+01    0.40315E+02
    0.14186E+01    0.38470E+02
    0.14472E+01    0.36706E+02
    0.14765E+01    0.35020E+02
    0.15063E+01    0.33408E+02
    0.15367E+01    0.31868E+02
    0.15678E+01    0.30396E+02
    0.15994E+01    0.28990E+02
    0.16318E+01    0.27646E+02
    0.16647E+01    0.26362E+02
    0.16984E+01    0.25136E+02
    0.17327E+01    0.23966E+02
    0.17677E+01    0.22848E+02
    0.18034E+01    0.21781E+02
    0.18398E+01    0.20764E+02
    0.18770E+01    0.19793E+02
    0.19149E+01    0.18867E+02
    0.19536E+01    0.17983E+02
    0.19930E+01    0.17141E+02
