    0.10000E-03    0.51382E+03
    0.10202E-03    0.52386E+03
    0.10408E-03    0.53410E+03
    0.10618E-03    0.54454E+03
    0.10833E-03    0.55518E+03
    0.11052E-03    0.56603E+03
    0.11275E-03    0.57709E+03
    0.11503E-03    0.58836E+03
    0.11735E-03    0.59986E+03
    0.11972E-03    0.61158E+03
    0.12214E-03    0.62353E+03
    0.12461E-03    0.63571E+03
    0.12712E-03    0.64813E+03
    0.12969E-03    0.66079E+03
    0.13231E-03    0.67370E+03
    0.13499E-03    0.68686E+03
    0.13771E-03    0.70028E+03
    0.14049E-03    0.71396E+03
    0.14333E-03    0.72790E+03
    0.14623E-03    0.74212E+03
    0.14918E-03    0.75661E+03
    0.15220E-03    0.77139E+03
    0.15527E-03    0.78645E+03
    0.15841E-03    0.80181E+03
    0.16161E-03    0.81747E+03
    0.16487E-03    0.83343E+03
    0.16820E-03    0.84970E+03
    0.17160E-03    0.86629E+03
    0.17507E-03    0.88320E+03
    0.17860E-03    0.90044E+03
    0.18221E-03    0.91802E+03
    0.18589E-03    0.93593E+03
    0.18965E-03    0.95420E+03
    0.19348E-03    0.97282E+03
    0.19739E-03    0.99180E+03
    0.20138E-03    0.10112E+04
    0.20544E-03    0.10309E+04
    0.20959E-03    0.10510E+04
    0.21383E-03    0.10715E+04
    0.21815E-03    0.10924E+04
    0.22255E-03    0.11137E+04
    0.22705E-03    0.11354E+04
    0.23164E-03    0.11575E+04
    0.23632E-03    0.11801E+04
    0.24109E-03    0.12031E+04
    0.24596E-03    0.12266E+04
    0.25093E-03    0.12505E+04
    0.25600E-03    0.12748E+04
    0.26117E-03    0.12997E+04
    0.26645E-03    0.13250E+04
    0.27183E-03    0.13508E+04
    0.27732E-03    0.13771E+04
    0.28292E-03    0.14039E+04
    0.28864E-03    0.14312E+04
    0.29447E-03    0.14591E+04
    0.30042E-03    0.14875E+04
    0.30649E-03    0.15164E+04
    0.31268E-03    0.15459E+04
    0.31899E-03    0.15760E+04
    0.32544E-03    0.16066E+04
    0.33201E-03    0.16379E+04
    0.33872E-03    0.16697E+04
    0.34556E-03    0.17022E+04
    0.35254E-03    0.17352E+04
    0.35966E-03    0.17689E+04
    0.36693E-03    0.18033E+04
    0.37434E-03    0.18383E+04
    0.38190E-03    0.18740E+04
    0.38962E-03    0.19103E+04
    0.39749E-03    0.19474E+04
    0.40552E-03    0.19851E+04
    0.41371E-03    0.20236E+04
    0.42207E-03    0.20628E+04
    0.43060E-03    0.21028E+04
    0.43929E-03    0.21435E+04
    0.44817E-03    0.21850E+04
    0.45722E-03    0.22272E+04
    0.46646E-03    0.22703E+04
    0.47588E-03    0.23142E+04
    0.48550E-03    0.23589E+04
    0.49530E-03    0.24045E+04
    0.50531E-03    0.24509E+04
    0.51552E-03    0.24982E+04
    0.52593E-03    0.25464E+04
    0.53656E-03    0.25955E+04
    0.54739E-03    0.26455E+04
    0.55845E-03    0.26965E+04
    0.56973E-03    0.27484E+04
    0.58124E-03    0.28013E+04
    0.59299E-03    0.28551E+04
    0.60496E-03    0.29100E+04
    0.61719E-03    0.29659E+04
    0.62965E-03    0.30228E+04
    0.64237E-03    0.30808E+04
    0.65535E-03    0.31399E+04
    0.66859E-03    0.32000E+04
    0.68210E-03    0.32613E+04
    0.69588E-03    0.33237E+04
    0.70993E-03    0.33872E+04
    0.72427E-03    0.34519E+04
    0.73891E-03    0.35178E+04
    0.75383E-03    0.35848E+04
    0.76906E-03    0.36531E+04
    0.78460E-03    0.37227E+04
    0.80045E-03    0.37935E+04
    0.81662E-03    0.38656E+04
    0.83311E-03    0.39390E+04
    0.84994E-03    0.40137E+04
    0.86711E-03    0.40897E+04
    0.88463E-03    0.41671E+04
    0.90250E-03    0.42459E+04
    0.92073E-03    0.43261E+04
    0.93933E-03    0.44077E+04
    0.95831E-03    0.44908E+04
    0.97767E-03    0.45753E+04
    0.99742E-03    0.46613E+04
    0.10176E-02    0.47489E+04
    0.10381E-02    0.48379E+04
    0.10591E-02    0.49285E+04
    0.10805E-02    0.50207E+04
    0.11023E-02    0.51145E+04
    0.11246E-02    0.52099E+04
    0.11473E-02    0.53069E+04
    0.11705E-02    0.54056E+04
    0.11941E-02    0.55060E+04
    0.12182E-02    0.56080E+04
    0.12429E-02    0.57118E+04
    0.12680E-02    0.58174E+04
    0.12936E-02    0.59247E+04
    0.13197E-02    0.60337E+04
    0.13464E-02    0.61446E+04
    0.13736E-02    0.62574E+04
    0.14013E-02    0.63719E+04
    0.14296E-02    0.64883E+04
    0.14585E-02    0.66067E+04
    0.14880E-02    0.67269E+04
    0.15180E-02    0.68490E+04
    0.15487E-02    0.69731E+04
    0.15800E-02    0.70992E+04
    0.16119E-02    0.72272E+04
    0.16445E-02    0.73573E+04
    0.16777E-02    0.74893E+04
    0.17116E-02    0.76234E+04
    0.17462E-02    0.77595E+04
    0.17814E-02    0.78977E+04
    0.18174E-02    0.80380E+04
    0.18541E-02    0.81804E+04
    0.18916E-02    0.83249E+04
    0.19298E-02    0.84715E+04
    0.19688E-02    0.86202E+04
    0.20086E-02    0.87711E+04
    0.20491E-02    0.89241E+04
    0.20905E-02    0.90793E+04
    0.21328E-02    0.92367E+04
    0.21758E-02    0.93962E+04
    0.22198E-02    0.95579E+04
    0.22646E-02    0.97219E+04
    0.23104E-02    0.98880E+04
    0.23571E-02    0.10056E+05
    0.24047E-02    0.10227E+05
    0.24533E-02    0.10400E+05
    0.25028E-02    0.10575E+05
    0.25534E-02    0.10752E+05
    0.26050E-02    0.10931E+05
    0.26576E-02    0.11112E+05
    0.27113E-02    0.11296E+05
    0.27660E-02    0.11482E+05
    0.28219E-02    0.11670E+05
    0.28789E-02    0.11860E+05
    0.29371E-02    0.12053E+05
    0.29964E-02    0.12247E+05
    0.30569E-02    0.12444E+05
    0.31187E-02    0.12643E+05
    0.31817E-02    0.12843E+05
    0.32460E-02    0.13046E+05
    0.33115E-02    0.13251E+05
    0.33784E-02    0.13458E+05
    0.34467E-02    0.13667E+05
    0.35163E-02    0.13878E+05
    0.35874E-02    0.14090E+05
    0.36598E-02    0.14305E+05
    0.37338E-02    0.14521E+05
    0.38092E-02    0.14739E+05
    0.38861E-02    0.14959E+05
    0.39646E-02    0.15181E+05
    0.40447E-02    0.15404E+05
    0.41264E-02    0.15629E+05
    0.42098E-02    0.15855E+05
    0.42948E-02    0.16083E+05
    0.43816E-02    0.16313E+05
    0.44701E-02    0.16543E+05
    0.45604E-02    0.16775E+05
    0.46525E-02    0.17008E+05
    0.47465E-02    0.17243E+05
    0.48424E-02    0.17478E+05
    0.49402E-02    0.17714E+05
    0.50400E-02    0.17951E+05
    0.51419E-02    0.18189E+05
    0.52457E-02    0.18428E+05
    0.53517E-02    0.18667E+05
    0.54598E-02    0.18907E+05
    0.55701E-02    0.19148E+05
    0.56826E-02    0.19388E+05
    0.57974E-02    0.19629E+05
    0.59145E-02    0.19869E+05
    0.60340E-02    0.20110E+05
    0.61559E-02    0.20350E+05
    0.62803E-02    0.20589E+05
    0.64072E-02    0.20829E+05
    0.65366E-02    0.21067E+05
    0.66686E-02    0.21305E+05
    0.68033E-02    0.21542E+05
    0.69408E-02    0.21777E+05
    0.70810E-02    0.22012E+05
    0.72240E-02    0.22244E+05
    0.73700E-02    0.22475E+05
    0.75189E-02    0.22704E+05
    0.76708E-02    0.22932E+05
    0.78257E-02    0.23156E+05
    0.79838E-02    0.23379E+05
    0.81451E-02    0.23599E+05
    0.83096E-02    0.23816E+05
    0.84775E-02    0.24030E+05
    0.86488E-02    0.24241E+05
    0.88235E-02    0.24449E+05
    0.90017E-02    0.24653E+05
    0.91836E-02    0.24852E+05
    0.93691E-02    0.25048E+05
    0.95583E-02    0.25239E+05
    0.97514E-02    0.25426E+05
    0.99484E-02    0.25607E+05
    0.10149E-01    0.25784E+05
    0.10354E-01    0.25955E+05
    0.10564E-01    0.26120E+05
    0.10777E-01    0.26279E+05
    0.10995E-01    0.26432E+05
    0.11217E-01    0.26578E+05
    0.11443E-01    0.26717E+05
    0.11675E-01    0.26849E+05
    0.11910E-01    0.26974E+05
    0.12151E-01    0.27091E+05
    0.12397E-01    0.27200E+05
    0.12647E-01    0.27300E+05
    0.12902E-01    0.27392E+05
    0.13163E-01    0.27475E+05
    0.13429E-01    0.27549E+05
    0.13700E-01    0.27613E+05
    0.13977E-01    0.27668E+05
    0.14259E-01    0.27712E+05
    0.14547E-01    0.27746E+05
    0.14841E-01    0.27769E+05
    0.15141E-01    0.27781E+05
    0.15447E-01    0.27782E+05
    0.15759E-01    0.27771E+05
    0.16077E-01    0.27749E+05
    0.16402E-01    0.27714E+05
    0.16734E-01    0.27668E+05
    0.17072E-01    0.27609E+05
    0.17416E-01    0.27537E+05
    0.17768E-01    0.27452E+05
    0.18127E-01    0.27355E+05
    0.18493E-01    0.27244E+05
    0.18867E-01    0.27120E+05
    0.19248E-01    0.26983E+05
    0.19637E-01    0.26832E+05
    0.20034E-01    0.26668E+05
    0.20438E-01    0.26491E+05
    0.20851E-01    0.26300E+05
    0.21272E-01    0.26096E+05
    0.21702E-01    0.25879E+05
    0.22141E-01    0.25648E+05
    0.22588E-01    0.25405E+05
    0.23044E-01    0.25150E+05
    0.23510E-01    0.24882E+05
    0.23985E-01    0.24602E+05
    0.24469E-01    0.24310E+05
    0.24964E-01    0.24008E+05
    0.25468E-01    0.23695E+05
    0.25982E-01    0.23371E+05
    0.26507E-01    0.23038E+05
    0.27043E-01    0.22697E+05
    0.27589E-01    0.22347E+05
    0.28146E-01    0.21990E+05
    0.28715E-01    0.21625E+05
    0.29295E-01    0.21255E+05
    0.29887E-01    0.20881E+05
    0.30490E-01    0.20502E+05
    0.31106E-01    0.20120E+05
    0.31735E-01    0.19736E+05
    0.32376E-01    0.19350E+05
    0.33030E-01    0.18965E+05
    0.33697E-01    0.18580E+05
    0.34378E-01    0.18198E+05
    0.35072E-01    0.17818E+05
    0.35781E-01    0.17442E+05
    0.36504E-01    0.17071E+05
    0.37241E-01    0.16707E+05
    0.37993E-01    0.16349E+05
    0.38761E-01    0.16000E+05
    0.39544E-01    0.15659E+05
    0.40343E-01    0.15328E+05
    0.41158E-01    0.15006E+05
    0.41989E-01    0.14694E+05
    0.42838E-01    0.14393E+05
    0.43703E-01    0.14103E+05
    0.44586E-01    0.13825E+05
    0.45486E-01    0.13560E+05
    0.46405E-01    0.13310E+05
    0.47343E-01    0.13074E+05
    0.48299E-01    0.12851E+05
    0.49275E-01    0.12640E+05
    0.50270E-01    0.12440E+05
    0.51286E-01    0.12250E+05
    0.52322E-01    0.12069E+05
    0.53379E-01    0.11896E+05
    0.54457E-01    0.11729E+05
    0.55557E-01    0.11569E+05
    0.56680E-01    0.11414E+05
    0.57825E-01    0.11263E+05
    0.58993E-01    0.11114E+05
    0.60184E-01    0.10967E+05
    0.61400E-01    0.10818E+05
    0.62641E-01    0.10667E+05
    0.63906E-01    0.10510E+05
    0.65197E-01    0.10347E+05
    0.66514E-01    0.10175E+05
    0.67858E-01    0.99918E+04
    0.69229E-01    0.97972E+04
    0.70627E-01    0.95900E+04
    0.72054E-01    0.93696E+04
    0.73510E-01    0.91361E+04
    0.74994E-01    0.88903E+04
    0.76509E-01    0.86331E+04
    0.78055E-01    0.83662E+04
    0.79632E-01    0.80917E+04
    0.81241E-01    0.78120E+04
    0.82882E-01    0.75295E+04
    0.84556E-01    0.72468E+04
    0.86264E-01    0.69665E+04
    0.88007E-01    0.66914E+04
    0.89785E-01    0.64240E+04
    0.91598E-01    0.61672E+04
    0.93449E-01    0.59237E+04
    0.95337E-01    0.56959E+04
    0.97263E-01    0.54858E+04
    0.99227E-01    0.52951E+04
    0.10123E+00    0.51250E+04
    0.10328E+00    0.49750E+04
    0.10536E+00    0.48446E+04
    0.10749E+00    0.47321E+04
    0.10966E+00    0.46346E+04
    0.11188E+00    0.45493E+04
    0.11414E+00    0.44724E+04
    0.11644E+00    0.44001E+04
    0.11880E+00    0.43287E+04
    0.12120E+00    0.42546E+04
    0.12365E+00    0.41744E+04
    0.12614E+00    0.40852E+04
    0.12869E+00    0.39850E+04
    0.13129E+00    0.38727E+04
    0.13394E+00    0.37482E+04
    0.13665E+00    0.36124E+04
    0.13941E+00    0.34675E+04
    0.14223E+00    0.33166E+04
    0.14510E+00    0.31633E+04
    0.14803E+00    0.30120E+04
    0.15102E+00    0.28671E+04
    0.15407E+00    0.27329E+04
    0.15718E+00    0.26124E+04
    0.16036E+00    0.25077E+04
    0.16360E+00    0.24188E+04
    0.16690E+00    0.23447E+04
    0.17028E+00    0.22830E+04
    0.17371E+00    0.22307E+04
    0.17722E+00    0.21845E+04
    0.18080E+00    0.21404E+04
    0.18446E+00    0.20940E+04
    0.18818E+00    0.20418E+04
    0.19198E+00    0.19811E+04
    0.19586E+00    0.19114E+04
    0.19982E+00    0.18343E+04
    0.20386E+00    0.17524E+04
    0.20797E+00    0.16690E+04
    0.21218E+00    0.15877E+04
    0.21646E+00    0.15119E+04
    0.22083E+00    0.14445E+04
    0.22530E+00    0.13868E+04
    0.22985E+00    0.13386E+04
    0.23449E+00    0.12981E+04
    0.23923E+00    0.12628E+04
    0.24406E+00    0.12294E+04
    0.24899E+00    0.11949E+04
    0.25402E+00    0.11567E+04
    0.25915E+00    0.11139E+04
    0.26439E+00    0.10674E+04
    0.26973E+00    0.10192E+04
    0.27518E+00    0.97169E+03
    0.28074E+00    0.92715E+03
    0.28641E+00    0.88739E+03
    0.29219E+00    0.85302E+03
    0.29810E+00    0.82326E+03
    0.30412E+00    0.79640E+03
    0.31026E+00    0.77041E+03
    0.31653E+00    0.74363E+03
    0.32292E+00    0.71515E+03
    0.32945E+00    0.68519E+03
    0.33610E+00    0.65490E+03
    0.34289E+00    0.62580E+03
    0.34982E+00    0.59903E+03
    0.35689E+00    0.57495E+03
    0.36409E+00    0.55322E+03
    0.37145E+00    0.53294E+03
    0.37895E+00    0.51301E+03
    0.38661E+00    0.49272E+03
    0.39442E+00    0.47212E+03
    0.40239E+00    0.45176E+03
    0.41052E+00    0.43228E+03
    0.41881E+00    0.41420E+03
    0.42727E+00    0.39751E+03
    0.43590E+00    0.38177E+03
    0.44471E+00    0.36654E+03
    0.45369E+00    0.35146E+03
    0.46286E+00    0.33654E+03
    0.47221E+00    0.32213E+03
    0.48174E+00    0.30845E+03
    0.49148E+00    0.29559E+03
    0.50141E+00    0.28339E+03
    0.51153E+00    0.27162E+03
    0.52187E+00    0.26015E+03
    0.53241E+00    0.24901E+03
    0.54317E+00    0.23833E+03
    0.55414E+00    0.22817E+03
    0.56533E+00    0.21851E+03
    0.57675E+00    0.20922E+03
    0.58840E+00    0.20024E+03
    0.60029E+00    0.19160E+03
    0.61242E+00    0.18332E+03
    0.62479E+00    0.17541E+03
    0.63741E+00    0.16784E+03
    0.65029E+00    0.16057E+03
    0.66342E+00    0.15360E+03
    0.67683E+00    0.14691E+03
    0.69050E+00    0.14050E+03
    0.70445E+00    0.13435E+03
    0.71868E+00    0.12845E+03
    0.73320E+00    0.12281E+03
    0.74801E+00    0.11739E+03
    0.76312E+00    0.11221E+03
    0.77854E+00    0.10725E+03
    0.79426E+00    0.10249E+03
    0.81031E+00    0.97939E+02
    0.82668E+00    0.93582E+02
    0.84338E+00    0.89411E+02
    0.86041E+00    0.85419E+02
    0.87780E+00    0.81597E+02
    0.89553E+00    0.77941E+02
    0.91362E+00    0.74442E+02
    0.93208E+00    0.71093E+02
    0.95091E+00    0.67890E+02
    0.97011E+00    0.64826E+02
    0.98971E+00    0.61894E+02
    0.10097E+01    0.59091E+02
    0.10301E+01    0.56409E+02
    0.10509E+01    0.53845E+02
    0.10721E+01    0.51393E+02
    0.10938E+01    0.49049E+02
    0.11159E+01    0.46808E+02
    0.11384E+01    0.44665E+02
    0.11614E+01    0.42618E+02
    0.11849E+01    0.40661E+02
    0.12088E+01    0.38791E+02
    0.12333E+01    0.37004E+02
    0.12582E+01    0.35297E+02
    0.12836E+01    0.33666E+02
    0.13095E+01    0.32108E+02
    0.13360E+01    0.30620E+02
    0.13630E+01    0.29199E+02
    0.13905E+01    0.27842E+02
    0.14186E+01    0.26546E+02
    0.14472E+01    0.25309E+02
    0.14765E+01    0.24128E+02
    0.15063E+01    0.23000E+02
    0.15367E+01    0.21924E+02
    0.15678E+01    0.20896E+02
    0.15994E+01    0.19916E+02
    0.16318E+01    0.18980E+02
    0.16647E+01    0.18087E+02
    0.16984E+01    0.17235E+02
    0.17327E+01    0.16422E+02
    0.17677E+01    0.15646E+02
    0.18034E+01    0.14906E+02
    0.18398E+01    0.14200E+02
    0.18770E+01    0.13526E+02
    0.19149E+01    0.12883E+02
    0.19536E+01    0.12270E+02
    0.19930E+01    0.11685E+02
    0.20333E+01    0.11127E+02
    0.20744E+01    0.10596E+02
    0.21163E+01    0.10089E+02
    0.21590E+01    0.96059E+01
    0.22026E+01    0.91457E+01
    0.22471E+01    0.87074E+01
    0.22925E+01    0.82899E+01
    0.23388E+01    0.78922E+01
    0.23861E+01    0.75136E+01
