    0.10000E-03    0.34961E+03
    0.10202E-03    0.35645E+03
    0.10408E-03    0.36342E+03
    0.10618E-03    0.37052E+03
    0.10833E-03    0.37776E+03
    0.11052E-03    0.38514E+03
    0.11275E-03    0.39267E+03
    0.11503E-03    0.40035E+03
    0.11735E-03    0.40817E+03
    0.11972E-03    0.41615E+03
    0.12214E-03    0.42428E+03
    0.12461E-03    0.43257E+03
    0.12712E-03    0.44103E+03
    0.12969E-03    0.44965E+03
    0.13231E-03    0.45843E+03
    0.13499E-03    0.46739E+03
    0.13771E-03    0.47652E+03
    0.14049E-03    0.48584E+03
    0.14333E-03    0.49533E+03
    0.14623E-03    0.50501E+03
    0.14918E-03    0.51487E+03
    0.15220E-03    0.52493E+03
    0.15527E-03    0.53519E+03
    0.15841E-03    0.54565E+03
    0.16161E-03    0.55631E+03
    0.16487E-03    0.56717E+03
    0.16820E-03    0.57825E+03
    0.17160E-03    0.58955E+03
    0.17507E-03    0.60106E+03
    0.17860E-03    0.61280E+03
    0.18221E-03    0.62477E+03
    0.18589E-03    0.63697E+03
    0.18965E-03    0.64941E+03
    0.19348E-03    0.66209E+03
    0.19739E-03    0.67502E+03
    0.20138E-03    0.68820E+03
    0.20544E-03    0.70164E+03
    0.20959E-03    0.71534E+03
    0.21383E-03    0.72930E+03
    0.21815E-03    0.74354E+03
    0.22255E-03    0.75805E+03
    0.22705E-03    0.77285E+03
    0.23164E-03    0.78793E+03
    0.23632E-03    0.80331E+03
    0.24109E-03    0.81898E+03
    0.24596E-03    0.83496E+03
    0.25093E-03    0.85125E+03
    0.25600E-03    0.86786E+03
    0.26117E-03    0.88479E+03
    0.26645E-03    0.90205E+03
    0.27183E-03    0.91964E+03
    0.27732E-03    0.93757E+03
    0.28292E-03    0.95585E+03
    0.28864E-03    0.97449E+03
    0.29447E-03    0.99348E+03
    0.30042E-03    0.10128E+04
    0.30649E-03    0.10326E+04
    0.31268E-03    0.10527E+04
    0.31899E-03    0.10732E+04
    0.32544E-03    0.10941E+04
    0.33201E-03    0.11154E+04
    0.33872E-03    0.11372E+04
    0.34556E-03    0.11593E+04
    0.35254E-03    0.11819E+04
    0.35966E-03    0.12049E+04
    0.36693E-03    0.12283E+04
    0.37434E-03    0.12522E+04
    0.38190E-03    0.12766E+04
    0.38962E-03    0.13014E+04
    0.39749E-03    0.13267E+04
    0.40552E-03    0.13525E+04
    0.41371E-03    0.13788E+04
    0.42207E-03    0.14056E+04
    0.43060E-03    0.14329E+04
    0.43929E-03    0.14608E+04
    0.44817E-03    0.14891E+04
    0.45722E-03    0.15180E+04
    0.46646E-03    0.15475E+04
    0.47588E-03    0.15775E+04
    0.48550E-03    0.16081E+04
    0.49530E-03    0.16393E+04
    0.50531E-03    0.16711E+04
    0.51552E-03    0.17035E+04
    0.52593E-03    0.17365E+04
    0.53656E-03    0.17701E+04
    0.54739E-03    0.18044E+04
    0.55845E-03    0.18393E+04
    0.56973E-03    0.18749E+04
    0.58124E-03    0.19112E+04
    0.59299E-03    0.19481E+04
    0.60496E-03    0.19858E+04
    0.61719E-03    0.20241E+04
    0.62965E-03    0.20632E+04
    0.64237E-03    0.21030E+04
    0.65535E-03    0.21436E+04
    0.66859E-03    0.21849E+04
    0.68210E-03    0.22271E+04
    0.69588E-03    0.22699E+04
    0.70993E-03    0.23136E+04
    0.72427E-03    0.23582E+04
    0.73891E-03    0.24035E+04
    0.75383E-03    0.24497E+04
    0.76906E-03    0.24968E+04
    0.78460E-03    0.25447E+04
    0.80045E-03    0.25935E+04
    0.81662E-03    0.26432E+04
    0.83311E-03    0.26939E+04
    0.84994E-03    0.27455E+04
    0.86711E-03    0.27980E+04
    0.88463E-03    0.28515E+04
    0.90250E-03    0.29059E+04
    0.92073E-03    0.29614E+04
    0.93933E-03    0.30179E+04
    0.95831E-03    0.30754E+04
    0.97767E-03    0.31340E+04
    0.99742E-03    0.31936E+04
    0.10176E-02    0.32543E+04
    0.10381E-02    0.33162E+04
    0.10591E-02    0.33791E+04
    0.10805E-02    0.34431E+04
    0.11023E-02    0.35083E+04
    0.11246E-02    0.35747E+04
    0.11473E-02    0.36423E+04
    0.11705E-02    0.37110E+04
    0.11941E-02    0.37810E+04
    0.12182E-02    0.38522E+04
    0.12429E-02    0.39247E+04
    0.12680E-02    0.39985E+04
    0.12936E-02    0.40735E+04
    0.13197E-02    0.41499E+04
    0.13464E-02    0.42276E+04
    0.13736E-02    0.43066E+04
    0.14013E-02    0.43870E+04
    0.14296E-02    0.44688E+04
    0.14585E-02    0.45520E+04
    0.14880E-02    0.46366E+04
    0.15180E-02    0.47226E+04
    0.15487E-02    0.48101E+04
    0.15800E-02    0.48991E+04
    0.16119E-02    0.49896E+04
    0.16445E-02    0.50816E+04
    0.16777E-02    0.51751E+04
    0.17116E-02    0.52702E+04
    0.17462E-02    0.53668E+04
    0.17814E-02    0.54650E+04
    0.18174E-02    0.55648E+04
    0.18541E-02    0.56662E+04
    0.18916E-02    0.57693E+04
    0.19298E-02    0.58740E+04
    0.19688E-02    0.59804E+04
    0.20086E-02    0.60885E+04
    0.20491E-02    0.61982E+04
    0.20905E-02    0.63097E+04
    0.21328E-02    0.64229E+04
    0.21758E-02    0.65379E+04
    0.22198E-02    0.66546E+04
    0.22646E-02    0.67730E+04
    0.23104E-02    0.68933E+04
    0.23571E-02    0.70153E+04
    0.24047E-02    0.71392E+04
    0.24533E-02    0.72649E+04
    0.25028E-02    0.73924E+04
    0.25534E-02    0.75217E+04
    0.26050E-02    0.76529E+04
    0.26576E-02    0.77860E+04
    0.27113E-02    0.79209E+04
    0.27660E-02    0.80577E+04
    0.28219E-02    0.81964E+04
    0.28789E-02    0.83369E+04
    0.29371E-02    0.84794E+04
    0.29964E-02    0.86237E+04
    0.30569E-02    0.87699E+04
    0.31187E-02    0.89180E+04
    0.31817E-02    0.90680E+04
    0.32460E-02    0.92200E+04
    0.33115E-02    0.93737E+04
    0.33784E-02    0.95294E+04
    0.34467E-02    0.96870E+04
    0.35163E-02    0.98465E+04
    0.35874E-02    0.10008E+05
    0.36598E-02    0.10171E+05
    0.37338E-02    0.10336E+05
    0.38092E-02    0.10503E+05
    0.38861E-02    0.10672E+05
    0.39646E-02    0.10842E+05
    0.40447E-02    0.11014E+05
    0.41264E-02    0.11188E+05
    0.42098E-02    0.11364E+05
    0.42948E-02    0.11542E+05
    0.43816E-02    0.11721E+05
    0.44701E-02    0.11902E+05
    0.45604E-02    0.12084E+05
    0.46525E-02    0.12269E+05
    0.47465E-02    0.12454E+05
    0.48424E-02    0.12642E+05
    0.49402E-02    0.12830E+05
    0.50400E-02    0.13021E+05
    0.51419E-02    0.13212E+05
    0.52457E-02    0.13405E+05
    0.53517E-02    0.13600E+05
    0.54598E-02    0.13795E+05
    0.55701E-02    0.13992E+05
    0.56826E-02    0.14190E+05
    0.57974E-02    0.14389E+05
    0.59145E-02    0.14589E+05
    0.60340E-02    0.14790E+05
    0.61559E-02    0.14992E+05
    0.62803E-02    0.15195E+05
    0.64072E-02    0.15399E+05
    0.65366E-02    0.15603E+05
    0.66686E-02    0.15808E+05
    0.68033E-02    0.16013E+05
    0.69408E-02    0.16218E+05
    0.70810E-02    0.16424E+05
    0.72240E-02    0.16630E+05
    0.73700E-02    0.16836E+05
    0.75189E-02    0.17042E+05
    0.76708E-02    0.17247E+05
    0.78257E-02    0.17452E+05
    0.79838E-02    0.17657E+05
    0.81451E-02    0.17862E+05
    0.83096E-02    0.18065E+05
    0.84775E-02    0.18268E+05
    0.86488E-02    0.18470E+05
    0.88235E-02    0.18671E+05
    0.90017E-02    0.18870E+05
    0.91836E-02    0.19068E+05
    0.93691E-02    0.19265E+05
    0.95583E-02    0.19460E+05
    0.97514E-02    0.19652E+05
    0.99484E-02    0.19843E+05
    0.10149E-01    0.20032E+05
    0.10354E-01    0.20218E+05
    0.10564E-01    0.20401E+05
    0.10777E-01    0.20581E+05
    0.10995E-01    0.20759E+05
    0.11217E-01    0.20933E+05
    0.11443E-01    0.21103E+05
    0.11675E-01    0.21270E+05
    0.11910E-01    0.21433E+05
    0.12151E-01    0.21592E+05
    0.12397E-01    0.21746E+05
    0.12647E-01    0.21896E+05
    0.12902E-01    0.22040E+05
    0.13163E-01    0.22180E+05
    0.13429E-01    0.22315E+05
    0.13700E-01    0.22443E+05
    0.13977E-01    0.22566E+05
    0.14259E-01    0.22683E+05
    0.14547E-01    0.22793E+05
    0.14841E-01    0.22897E+05
    0.15141E-01    0.22994E+05
    0.15447E-01    0.23084E+05
    0.15759E-01    0.23166E+05
    0.16077E-01    0.23241E+05
    0.16402E-01    0.23308E+05
    0.16734E-01    0.23366E+05
    0.17072E-01    0.23417E+05
    0.17416E-01    0.23458E+05
    0.17768E-01    0.23491E+05
    0.18127E-01    0.23515E+05
    0.18493E-01    0.23529E+05
    0.18867E-01    0.23534E+05
    0.19248E-01    0.23529E+05
    0.19637E-01    0.23514E+05
    0.20034E-01    0.23489E+05
    0.20438E-01    0.23453E+05
    0.20851E-01    0.23408E+05
    0.21272E-01    0.23352E+05
    0.21702E-01    0.23285E+05
    0.22141E-01    0.23207E+05
    0.22588E-01    0.23119E+05
    0.23044E-01    0.23020E+05
    0.23510E-01    0.22910E+05
    0.23985E-01    0.22790E+05
    0.24469E-01    0.22659E+05
    0.24964E-01    0.22517E+05
    0.25468E-01    0.22364E+05
    0.25982E-01    0.22202E+05
    0.26507E-01    0.22029E+05
    0.27043E-01    0.21846E+05
    0.27589E-01    0.21654E+05
    0.28146E-01    0.21452E+05
    0.28715E-01    0.21242E+05
    0.29295E-01    0.21023E+05
    0.29887E-01    0.20795E+05
    0.30490E-01    0.20560E+05
    0.31106E-01    0.20318E+05
    0.31735E-01    0.20069E+05
    0.32376E-01    0.19815E+05
    0.33030E-01    0.19555E+05
    0.33697E-01    0.19290E+05
    0.34378E-01    0.19021E+05
    0.35072E-01    0.18748E+05
    0.35781E-01    0.18474E+05
    0.36504E-01    0.18197E+05
    0.37241E-01    0.17920E+05
    0.37993E-01    0.17642E+05
    0.38761E-01    0.17365E+05
    0.39544E-01    0.17088E+05
    0.40343E-01    0.16813E+05
    0.41158E-01    0.16540E+05
    0.41989E-01    0.16270E+05
    0.42838E-01    0.16004E+05
    0.43703E-01    0.15743E+05
    0.44586E-01    0.15487E+05
    0.45486E-01    0.15238E+05
    0.46405E-01    0.14995E+05
    0.47343E-01    0.14760E+05
    0.48299E-01    0.14533E+05
    0.49275E-01    0.14313E+05
    0.50270E-01    0.14101E+05
    0.51286E-01    0.13897E+05
    0.52322E-01    0.13700E+05
    0.53379E-01    0.13511E+05
    0.54457E-01    0.13327E+05
    0.55557E-01    0.13149E+05
    0.56680E-01    0.12976E+05
    0.57825E-01    0.12808E+05
    0.58993E-01    0.12643E+05
    0.60184E-01    0.12480E+05
    0.61400E-01    0.12319E+05
    0.62641E-01    0.12158E+05
    0.63906E-01    0.11997E+05
    0.65197E-01    0.11835E+05
    0.66514E-01    0.11670E+05
    0.67858E-01    0.11501E+05
    0.69229E-01    0.11327E+05
    0.70627E-01    0.11147E+05
    0.72054E-01    0.10960E+05
    0.73510E-01    0.10765E+05
    0.74994E-01    0.10562E+05
    0.76509E-01    0.10349E+05
    0.78055E-01    0.10126E+05
    0.79632E-01    0.98930E+04
    0.81241E-01    0.96503E+04
    0.82882E-01    0.93989E+04
    0.84556E-01    0.91404E+04
    0.86264E-01    0.88765E+04
    0.88007E-01    0.86095E+04
    0.89785E-01    0.83416E+04
    0.91598E-01    0.80752E+04
    0.93449E-01    0.78128E+04
    0.95337E-01    0.75566E+04
    0.97263E-01    0.73088E+04
    0.99227E-01    0.70715E+04
    0.10123E+00    0.68464E+04
    0.10328E+00    0.66350E+04
    0.10536E+00    0.64384E+04
    0.10749E+00    0.62575E+04
    0.10966E+00    0.60922E+04
    0.11188E+00    0.59423E+04
    0.11414E+00    0.58067E+04
    0.11644E+00    0.56835E+04
    0.11880E+00    0.55706E+04
    0.12120E+00    0.54651E+04
    0.12365E+00    0.53641E+04
    0.12614E+00    0.52646E+04
    0.12869E+00    0.51634E+04
    0.13129E+00    0.50580E+04
    0.13394E+00    0.49458E+04
    0.13665E+00    0.48251E+04
    0.13941E+00    0.46950E+04
    0.14223E+00    0.45554E+04
    0.14510E+00    0.44072E+04
    0.14803E+00    0.42523E+04
    0.15102E+00    0.40932E+04
    0.15407E+00    0.39330E+04
    0.15718E+00    0.37752E+04
    0.16036E+00    0.36230E+04
    0.16360E+00    0.34795E+04
    0.16690E+00    0.33474E+04
    0.17028E+00    0.32284E+04
    0.17371E+00    0.31233E+04
    0.17722E+00    0.30314E+04
    0.18080E+00    0.29507E+04
    0.18446E+00    0.28783E+04
    0.18818E+00    0.28110E+04
    0.19198E+00    0.27456E+04
    0.19586E+00    0.26788E+04
    0.19982E+00    0.26081E+04
    0.20386E+00    0.25311E+04
    0.20797E+00    0.24472E+04
    0.21218E+00    0.23571E+04
    0.21646E+00    0.22632E+04
    0.22083E+00    0.21688E+04
    0.22530E+00    0.20771E+04
    0.22985E+00    0.19910E+04
    0.23449E+00    0.19124E+04
    0.23923E+00    0.18422E+04
    0.24406E+00    0.17806E+04
    0.24899E+00    0.17261E+04
    0.25402E+00    0.16765E+04
    0.25915E+00    0.16290E+04
    0.26439E+00    0.15808E+04
    0.26973E+00    0.15299E+04
    0.27518E+00    0.14755E+04
    0.28074E+00    0.14183E+04
    0.28641E+00    0.13602E+04
    0.29219E+00    0.13032E+04
    0.29810E+00    0.12494E+04
    0.30412E+00    0.12002E+04
    0.31026E+00    0.11559E+04
    0.31653E+00    0.11161E+04
    0.32292E+00    0.10792E+04
    0.32945E+00    0.10433E+04
    0.33610E+00    0.10070E+04
    0.34289E+00    0.96956E+03
    0.34982E+00    0.93130E+03
    0.35689E+00    0.89311E+03
    0.36409E+00    0.85630E+03
    0.37145E+00    0.82197E+03
    0.37895E+00    0.79044E+03
    0.38661E+00    0.76122E+03
    0.39442E+00    0.73347E+03
    0.40239E+00    0.70630E+03
    0.41052E+00    0.67917E+03
    0.41881E+00    0.65202E+03
    0.42727E+00    0.62534E+03
    0.43590E+00    0.59983E+03
    0.44471E+00    0.57585E+03
    0.45369E+00    0.55331E+03
    0.46286E+00    0.53187E+03
    0.47221E+00    0.51110E+03
    0.48174E+00    0.49069E+03
    0.49148E+00    0.47067E+03
    0.50141E+00    0.45134E+03
    0.51153E+00    0.43291E+03
    0.52187E+00    0.41540E+03
    0.53241E+00    0.39870E+03
    0.54317E+00    0.38256E+03
    0.55414E+00    0.36687E+03
    0.56533E+00    0.35170E+03
    0.57675E+00    0.33711E+03
    0.58840E+00    0.32318E+03
    0.60029E+00    0.30985E+03
    0.61242E+00    0.29702E+03
    0.62479E+00    0.28464E+03
    0.63741E+00    0.27272E+03
    0.65029E+00    0.26126E+03
    0.66342E+00    0.25029E+03
    0.67683E+00    0.23977E+03
    0.69050E+00    0.22966E+03
    0.70445E+00    0.21995E+03
    0.71868E+00    0.21062E+03
    0.73320E+00    0.20166E+03
    0.74801E+00    0.19306E+03
    0.76312E+00    0.18480E+03
    0.77854E+00    0.17687E+03
    0.79426E+00    0.16927E+03
    0.81031E+00    0.16197E+03
    0.82668E+00    0.15497E+03
    0.84338E+00    0.14826E+03
    0.86041E+00    0.14183E+03
    0.87780E+00    0.13566E+03
    0.89553E+00    0.12975E+03
    0.91362E+00    0.12409E+03
    0.93208E+00    0.11866E+03
    0.95091E+00    0.11346E+03
    0.97011E+00    0.10847E+03
    0.98971E+00    0.10370E+03
    0.10097E+01    0.99123E+02
    0.10301E+01    0.94742E+02
    0.10509E+01    0.90546E+02
    0.10721E+01    0.86527E+02
    0.10938E+01    0.82679E+02
    0.11159E+01    0.78994E+02
    0.11384E+01    0.75467E+02
    0.11614E+01    0.72091E+02
    0.11849E+01    0.68860E+02
    0.12088E+01    0.65768E+02
    0.12333E+01    0.62809E+02
    0.12582E+01    0.59979E+02
    0.12836E+01    0.57271E+02
    0.13095E+01    0.54682E+02
    0.13360E+01    0.52205E+02
    0.13630E+01    0.49837E+02
    0.13905E+01    0.47572E+02
    0.14186E+01    0.45406E+02
    0.14472E+01    0.43336E+02
    0.14765E+01    0.41356E+02
    0.15063E+01    0.39464E+02
    0.15367E+01    0.37655E+02
    0.15678E+01    0.35925E+02
    0.15994E+01    0.34273E+02
    0.16318E+01    0.32693E+02
    0.16647E+01    0.31183E+02
    0.16984E+01    0.29740E+02
    0.17327E+01    0.28362E+02
    0.17677E+01    0.27045E+02
    0.18034E+01    0.25788E+02
    0.18398E+01    0.24588E+02
    0.18770E+01    0.23443E+02
    0.19149E+01    0.22350E+02
    0.19536E+01    0.21308E+02
    0.19930E+01    0.20313E+02
    0.20333E+01    0.19365E+02
