    0.10000E-03    0.33526E+03
    0.10202E-03    0.34181E+03
    0.10408E-03    0.34849E+03
    0.10618E-03    0.35531E+03
    0.10833E-03    0.36225E+03
    0.11052E-03    0.36933E+03
    0.11275E-03    0.37655E+03
    0.11503E-03    0.38391E+03
    0.11735E-03    0.39141E+03
    0.11972E-03    0.39906E+03
    0.12214E-03    0.40686E+03
    0.12461E-03    0.41481E+03
    0.12712E-03    0.42292E+03
    0.12969E-03    0.43118E+03
    0.13231E-03    0.43961E+03
    0.13499E-03    0.44820E+03
    0.13771E-03    0.45696E+03
    0.14049E-03    0.46589E+03
    0.14333E-03    0.47499E+03
    0.14623E-03    0.48427E+03
    0.14918E-03    0.49373E+03
    0.15220E-03    0.50338E+03
    0.15527E-03    0.51321E+03
    0.15841E-03    0.52324E+03
    0.16161E-03    0.53346E+03
    0.16487E-03    0.54388E+03
    0.16820E-03    0.55450E+03
    0.17160E-03    0.56533E+03
    0.17507E-03    0.57637E+03
    0.17860E-03    0.58763E+03
    0.18221E-03    0.59911E+03
    0.18589E-03    0.61081E+03
    0.18965E-03    0.62273E+03
    0.19348E-03    0.63489E+03
    0.19739E-03    0.64729E+03
    0.20138E-03    0.65993E+03
    0.20544E-03    0.67281E+03
    0.20959E-03    0.68595E+03
    0.21383E-03    0.69934E+03
    0.21815E-03    0.71299E+03
    0.22255E-03    0.72690E+03
    0.22705E-03    0.74109E+03
    0.23164E-03    0.75555E+03
    0.23632E-03    0.77029E+03
    0.24109E-03    0.78532E+03
    0.24596E-03    0.80064E+03
    0.25093E-03    0.81626E+03
    0.25600E-03    0.83219E+03
    0.26117E-03    0.84842E+03
    0.26645E-03    0.86496E+03
    0.27183E-03    0.88183E+03
    0.27732E-03    0.89902E+03
    0.28292E-03    0.91655E+03
    0.28864E-03    0.93442E+03
    0.29447E-03    0.95263E+03
    0.30042E-03    0.97119E+03
    0.30649E-03    0.99012E+03
    0.31268E-03    0.10094E+04
    0.31899E-03    0.10291E+04
    0.32544E-03    0.10491E+04
    0.33201E-03    0.10695E+04
    0.33872E-03    0.10904E+04
    0.34556E-03    0.11116E+04
    0.35254E-03    0.11332E+04
    0.35966E-03    0.11553E+04
    0.36693E-03    0.11778E+04
    0.37434E-03    0.12007E+04
    0.38190E-03    0.12240E+04
    0.38962E-03    0.12478E+04
    0.39749E-03    0.12721E+04
    0.40552E-03    0.12968E+04
    0.41371E-03    0.13220E+04
    0.42207E-03    0.13477E+04
    0.43060E-03    0.13739E+04
    0.43929E-03    0.14006E+04
    0.44817E-03    0.14278E+04
    0.45722E-03    0.14555E+04
    0.46646E-03    0.14837E+04
    0.47588E-03    0.15125E+04
    0.48550E-03    0.15418E+04
    0.49530E-03    0.15717E+04
    0.50531E-03    0.16022E+04
    0.51552E-03    0.16332E+04
    0.52593E-03    0.16648E+04
    0.53656E-03    0.16971E+04
    0.54739E-03    0.17299E+04
    0.55845E-03    0.17634E+04
    0.56973E-03    0.17975E+04
    0.58124E-03    0.18322E+04
    0.59299E-03    0.18676E+04
    0.60496E-03    0.19037E+04
    0.61719E-03    0.19404E+04
    0.62965E-03    0.19779E+04
    0.64237E-03    0.20160E+04
    0.65535E-03    0.20549E+04
    0.66859E-03    0.20945E+04
    0.68210E-03    0.21348E+04
    0.69588E-03    0.21759E+04
    0.70993E-03    0.22178E+04
    0.72427E-03    0.22604E+04
    0.73891E-03    0.23039E+04
    0.75383E-03    0.23481E+04
    0.76906E-03    0.23932E+04
    0.78460E-03    0.24391E+04
    0.80045E-03    0.24858E+04
    0.81662E-03    0.25334E+04
    0.83311E-03    0.25819E+04
    0.84994E-03    0.26313E+04
    0.86711E-03    0.26816E+04
    0.88463E-03    0.27328E+04
    0.90250E-03    0.27850E+04
    0.92073E-03    0.28381E+04
    0.93933E-03    0.28922E+04
    0.95831E-03    0.29472E+04
    0.97767E-03    0.30033E+04
    0.99742E-03    0.30603E+04
    0.10176E-02    0.31184E+04
    0.10381E-02    0.31776E+04
    0.10591E-02    0.32378E+04
    0.10805E-02    0.32991E+04
    0.11023E-02    0.33615E+04
    0.11246E-02    0.34250E+04
    0.11473E-02    0.34896E+04
    0.11705E-02    0.35554E+04
    0.11941E-02    0.36224E+04
    0.12182E-02    0.36905E+04
    0.12429E-02    0.37598E+04
    0.12680E-02    0.38303E+04
    0.12936E-02    0.39021E+04
    0.13197E-02    0.39751E+04
    0.13464E-02    0.40494E+04
    0.13736E-02    0.41249E+04
    0.14013E-02    0.42018E+04
    0.14296E-02    0.42799E+04
    0.14585E-02    0.43594E+04
    0.14880E-02    0.44403E+04
    0.15180E-02    0.45225E+04
    0.15487E-02    0.46061E+04
    0.15800E-02    0.46911E+04
    0.16119E-02    0.47775E+04
    0.16445E-02    0.48654E+04
    0.16777E-02    0.49547E+04
    0.17116E-02    0.50455E+04
    0.17462E-02    0.51377E+04
    0.17814E-02    0.52315E+04
    0.18174E-02    0.53267E+04
    0.18541E-02    0.54235E+04
    0.18916E-02    0.55219E+04
    0.19298E-02    0.56218E+04
    0.19688E-02    0.57233E+04
    0.20086E-02    0.58264E+04
    0.20491E-02    0.59310E+04
    0.20905E-02    0.60373E+04
    0.21328E-02    0.61453E+04
    0.21758E-02    0.62548E+04
    0.22198E-02    0.63660E+04
    0.22646E-02    0.64789E+04
    0.23104E-02    0.65935E+04
    0.23571E-02    0.67098E+04
    0.24047E-02    0.68277E+04
    0.24533E-02    0.69474E+04
    0.25028E-02    0.70688E+04
    0.25534E-02    0.71919E+04
    0.26050E-02    0.73168E+04
    0.26576E-02    0.74434E+04
    0.27113E-02    0.75717E+04
    0.27660E-02    0.77018E+04
    0.28219E-02    0.78337E+04
    0.28789E-02    0.79673E+04
    0.29371E-02    0.81027E+04
    0.29964E-02    0.82399E+04
    0.30569E-02    0.83788E+04
    0.31187E-02    0.85195E+04
    0.31817E-02    0.86619E+04
    0.32460E-02    0.88061E+04
    0.33115E-02    0.89521E+04
    0.33784E-02    0.90998E+04
    0.34467E-02    0.92493E+04
    0.35163E-02    0.94005E+04
    0.35874E-02    0.95534E+04
    0.36598E-02    0.97080E+04
    0.37338E-02    0.98644E+04
    0.38092E-02    0.10022E+05
    0.38861E-02    0.10182E+05
    0.39646E-02    0.10344E+05
    0.40447E-02    0.10507E+05
    0.41264E-02    0.10671E+05
    0.42098E-02    0.10838E+05
    0.42948E-02    0.11005E+05
    0.43816E-02    0.11175E+05
    0.44701E-02    0.11346E+05
    0.45604E-02    0.11518E+05
    0.46525E-02    0.11692E+05
    0.47465E-02    0.11867E+05
    0.48424E-02    0.12044E+05
    0.49402E-02    0.12222E+05
    0.50400E-02    0.12401E+05
    0.51419E-02    0.12582E+05
    0.52457E-02    0.12763E+05
    0.53517E-02    0.12946E+05
    0.54598E-02    0.13130E+05
    0.55701E-02    0.13315E+05
    0.56826E-02    0.13501E+05
    0.57974E-02    0.13688E+05
    0.59145E-02    0.13876E+05
    0.60340E-02    0.14065E+05
    0.61559E-02    0.14254E+05
    0.62803E-02    0.14445E+05
    0.64072E-02    0.14635E+05
    0.65366E-02    0.14826E+05
    0.66686E-02    0.15018E+05
    0.68033E-02    0.15210E+05
    0.69408E-02    0.15402E+05
    0.70810E-02    0.15594E+05
    0.72240E-02    0.15786E+05
    0.73700E-02    0.15978E+05
    0.75189E-02    0.16169E+05
    0.76708E-02    0.16361E+05
    0.78257E-02    0.16552E+05
    0.79838E-02    0.16742E+05
    0.81451E-02    0.16932E+05
    0.83096E-02    0.17121E+05
    0.84775E-02    0.17309E+05
    0.86488E-02    0.17496E+05
    0.88235E-02    0.17681E+05
    0.90017E-02    0.17866E+05
    0.91836E-02    0.18048E+05
    0.93691E-02    0.18230E+05
    0.95583E-02    0.18409E+05
    0.97514E-02    0.18586E+05
    0.99484E-02    0.18761E+05
    0.10149E-01    0.18934E+05
    0.10354E-01    0.19104E+05
    0.10564E-01    0.19271E+05
    0.10777E-01    0.19436E+05
    0.10995E-01    0.19597E+05
    0.11217E-01    0.19755E+05
    0.11443E-01    0.19910E+05
    0.11675E-01    0.20061E+05
    0.11910E-01    0.20208E+05
    0.12151E-01    0.20350E+05
    0.12397E-01    0.20489E+05
    0.12647E-01    0.20622E+05
    0.12902E-01    0.20751E+05
    0.13163E-01    0.20875E+05
    0.13429E-01    0.20994E+05
    0.13700E-01    0.21107E+05
    0.13977E-01    0.21214E+05
    0.14259E-01    0.21316E+05
    0.14547E-01    0.21411E+05
    0.14841E-01    0.21499E+05
    0.15141E-01    0.21581E+05
    0.15447E-01    0.21656E+05
    0.15759E-01    0.21724E+05
    0.16077E-01    0.21784E+05
    0.16402E-01    0.21837E+05
    0.16734E-01    0.21882E+05
    0.17072E-01    0.21918E+05
    0.17416E-01    0.21947E+05
    0.17768E-01    0.21966E+05
    0.18127E-01    0.21977E+05
    0.18493E-01    0.21979E+05
    0.18867E-01    0.21972E+05
    0.19248E-01    0.21956E+05
    0.19637E-01    0.21930E+05
    0.20034E-01    0.21894E+05
    0.20438E-01    0.21849E+05
    0.20851E-01    0.21794E+05
    0.21272E-01    0.21729E+05
    0.21702E-01    0.21653E+05
    0.22141E-01    0.21568E+05
    0.22588E-01    0.21472E+05
    0.23044E-01    0.21367E+05
    0.23510E-01    0.21251E+05
    0.23985E-01    0.21125E+05
    0.24469E-01    0.20989E+05
    0.24964E-01    0.20843E+05
    0.25468E-01    0.20688E+05
    0.25982E-01    0.20523E+05
    0.26507E-01    0.20349E+05
    0.27043E-01    0.20165E+05
    0.27589E-01    0.19973E+05
    0.28146E-01    0.19772E+05
    0.28715E-01    0.19563E+05
    0.29295E-01    0.19346E+05
    0.29887E-01    0.19123E+05
    0.30490E-01    0.18892E+05
    0.31106E-01    0.18655E+05
    0.31735E-01    0.18412E+05
    0.32376E-01    0.18164E+05
    0.33030E-01    0.17912E+05
    0.33697E-01    0.17655E+05
    0.34378E-01    0.17396E+05
    0.35072E-01    0.17134E+05
    0.35781E-01    0.16870E+05
    0.36504E-01    0.16605E+05
    0.37241E-01    0.16340E+05
    0.37993E-01    0.16075E+05
    0.38761E-01    0.15812E+05
    0.39544E-01    0.15549E+05
    0.40343E-01    0.15289E+05
    0.41158E-01    0.15031E+05
    0.41989E-01    0.14777E+05
    0.42838E-01    0.14526E+05
    0.43703E-01    0.14282E+05
    0.44586E-01    0.14043E+05
    0.45486E-01    0.13811E+05
    0.46405E-01    0.13586E+05
    0.47343E-01    0.13369E+05
    0.48299E-01    0.13159E+05
    0.49275E-01    0.12956E+05
    0.50270E-01    0.12762E+05
    0.51286E-01    0.12575E+05
    0.52322E-01    0.12395E+05
    0.53379E-01    0.12221E+05
    0.54457E-01    0.12053E+05
    0.55557E-01    0.11891E+05
    0.56680E-01    0.11733E+05
    0.57825E-01    0.11580E+05
    0.58993E-01    0.11429E+05
    0.60184E-01    0.11280E+05
    0.61400E-01    0.11133E+05
    0.62641E-01    0.10986E+05
    0.63906E-01    0.10838E+05
    0.65197E-01    0.10689E+05
    0.66514E-01    0.10537E+05
    0.67858E-01    0.10381E+05
    0.69229E-01    0.10220E+05
    0.70627E-01    0.10053E+05
    0.72054E-01    0.98796E+04
    0.73510E-01    0.96984E+04
    0.74994E-01    0.95084E+04
    0.76509E-01    0.93087E+04
    0.78055E-01    0.90991E+04
    0.79632E-01    0.88800E+04
    0.81241E-01    0.86521E+04
    0.82882E-01    0.84167E+04
    0.84556E-01    0.81753E+04
    0.86264E-01    0.79297E+04
    0.88007E-01    0.76822E+04
    0.89785E-01    0.74349E+04
    0.91598E-01    0.71902E+04
    0.93449E-01    0.69501E+04
    0.95337E-01    0.67168E+04
    0.97263E-01    0.64923E+04
    0.99227E-01    0.62783E+04
    0.10123E+00    0.60764E+04
    0.10328E+00    0.58877E+04
    0.10536E+00    0.57134E+04
    0.10749E+00    0.55539E+04
    0.10966E+00    0.54090E+04
    0.11188E+00    0.52784E+04
    0.11414E+00    0.51606E+04
    0.11644E+00    0.50539E+04
    0.11880E+00    0.49559E+04
    0.12120E+00    0.48640E+04
    0.12365E+00    0.47753E+04
    0.12614E+00    0.46869E+04
    0.12869E+00    0.45959E+04
    0.13129E+00    0.44998E+04
    0.13394E+00    0.43965E+04
    0.13665E+00    0.42846E+04
    0.13941E+00    0.41636E+04
    0.14223E+00    0.40337E+04
    0.14510E+00    0.38963E+04
    0.14803E+00    0.37534E+04
    0.15102E+00    0.36077E+04
    0.15407E+00    0.34622E+04
    0.15718E+00    0.33200E+04
    0.16036E+00    0.31841E+04
    0.16360E+00    0.30573E+04
    0.16690E+00    0.29419E+04
    0.17028E+00    0.28390E+04
    0.17371E+00    0.27491E+04
    0.17722E+00    0.26709E+04
    0.18080E+00    0.26022E+04
    0.18446E+00    0.25403E+04
    0.18818E+00    0.24820E+04
    0.19198E+00    0.24243E+04
    0.19586E+00    0.23641E+04
    0.19982E+00    0.22992E+04
    0.20386E+00    0.22279E+04
    0.20797E+00    0.21501E+04
    0.21218E+00    0.20673E+04
    0.21646E+00    0.19821E+04
    0.22083E+00    0.18975E+04
    0.22530E+00    0.18163E+04
    0.22985E+00    0.17409E+04
    0.23449E+00    0.16729E+04
    0.23923E+00    0.16130E+04
    0.24406E+00    0.15608E+04
    0.24899E+00    0.15146E+04
    0.25402E+00    0.14718E+04
    0.25915E+00    0.14298E+04
    0.26439E+00    0.13863E+04
    0.26973E+00    0.13398E+04
    0.27518E+00    0.12902E+04
    0.28074E+00    0.12385E+04
    0.28641E+00    0.11865E+04
    0.29219E+00    0.11362E+04
    0.29810E+00    0.10894E+04
    0.30412E+00    0.10471E+04
    0.31026E+00    0.10094E+04
    0.31653E+00    0.97531E+03
    0.32292E+00    0.94315E+03
    0.32945E+00    0.91133E+03
    0.33610E+00    0.87880E+03
    0.34289E+00    0.84521E+03
    0.34982E+00    0.81095E+03
    0.35689E+00    0.77716E+03
    0.36409E+00    0.74512E+03
    0.37145E+00    0.71555E+03
    0.37895E+00    0.68838E+03
    0.38661E+00    0.66306E+03
    0.39442E+00    0.63881E+03
    0.40239E+00    0.61483E+03
    0.41052E+00    0.59070E+03
    0.41881E+00    0.56665E+03
    0.42727E+00    0.54330E+03
    0.43590E+00    0.52115E+03
    0.44471E+00    0.50037E+03
    0.45369E+00    0.48084E+03
    0.46286E+00    0.46216E+03
    0.47221E+00    0.44389E+03
    0.48174E+00    0.42593E+03
    0.49148E+00    0.40841E+03
    0.50141E+00    0.39155E+03
    0.51153E+00    0.37556E+03
    0.52187E+00    0.36037E+03
    0.53241E+00    0.34580E+03
    0.54317E+00    0.33170E+03
    0.55414E+00    0.31800E+03
    0.56533E+00    0.30475E+03
    0.57675E+00    0.29208E+03
    0.58840E+00    0.27998E+03
    0.60029E+00    0.26838E+03
    0.61242E+00    0.25720E+03
    0.62479E+00    0.24642E+03
    0.63741E+00    0.23605E+03
    0.65029E+00    0.22610E+03
    0.66342E+00    0.21658E+03
    0.67683E+00    0.20743E+03
    0.69050E+00    0.19865E+03
    0.70445E+00    0.19021E+03
    0.71868E+00    0.18211E+03
    0.73320E+00    0.17432E+03
    0.74801E+00    0.16686E+03
    0.76312E+00    0.15969E+03
    0.77854E+00    0.15281E+03
    0.79426E+00    0.14621E+03
    0.81031E+00    0.13989E+03
    0.82668E+00    0.13382E+03
    0.84338E+00    0.12800E+03
    0.86041E+00    0.12243E+03
    0.87780E+00    0.11709E+03
    0.89553E+00    0.11197E+03
    0.91362E+00    0.10706E+03
    0.93208E+00    0.10236E+03
    0.95091E+00    0.97860E+02
    0.97011E+00    0.93546E+02
    0.98971E+00    0.89415E+02
    0.10097E+01    0.85457E+02
    0.10301E+01    0.81667E+02
    0.10509E+01    0.78038E+02
    0.10721E+01    0.74562E+02
    0.10938E+01    0.71236E+02
    0.11159E+01    0.68051E+02
    0.11384E+01    0.65003E+02
    0.11614E+01    0.62086E+02
    0.11849E+01    0.59294E+02
    0.12088E+01    0.56624E+02
    0.12333E+01    0.54069E+02
    0.12582E+01    0.51625E+02
    0.12836E+01    0.49288E+02
    0.13095E+01    0.47053E+02
    0.13360E+01    0.44916E+02
    0.13630E+01    0.42873E+02
    0.13905E+01    0.40919E+02
    0.14186E+01    0.39051E+02
    0.14472E+01    0.37265E+02
    0.14765E+01    0.35558E+02
    0.15063E+01    0.33927E+02
    0.15367E+01    0.32367E+02
    0.15678E+01    0.30877E+02
    0.15994E+01    0.29452E+02
    0.16318E+01    0.28091E+02
    0.16647E+01    0.26790E+02
    0.16984E+01    0.25547E+02
    0.17327E+01    0.24360E+02
    0.17677E+01    0.23227E+02
    0.18034E+01    0.22145E+02
    0.18398E+01    0.21112E+02
    0.18770E+01    0.20127E+02
    0.19149E+01    0.19187E+02
    0.19536E+01    0.18290E+02
    0.19930E+01    0.17435E+02
    0.20333E+01    0.16620E+02
