    0.10000E-03    0.37792E+03
    0.10202E-03    0.38530E+03
    0.10408E-03    0.39284E+03
    0.10618E-03    0.40051E+03
    0.10833E-03    0.40834E+03
    0.11052E-03    0.41632E+03
    0.11275E-03    0.42446E+03
    0.11503E-03    0.43275E+03
    0.11735E-03    0.44121E+03
    0.11972E-03    0.44983E+03
    0.12214E-03    0.45862E+03
    0.12461E-03    0.46759E+03
    0.12712E-03    0.47672E+03
    0.12969E-03    0.48604E+03
    0.13231E-03    0.49554E+03
    0.13499E-03    0.50522E+03
    0.13771E-03    0.51509E+03
    0.14049E-03    0.52515E+03
    0.14333E-03    0.53541E+03
    0.14623E-03    0.54587E+03
    0.14918E-03    0.55654E+03
    0.15220E-03    0.56741E+03
    0.15527E-03    0.57849E+03
    0.15841E-03    0.58979E+03
    0.16161E-03    0.60131E+03
    0.16487E-03    0.61306E+03
    0.16820E-03    0.62503E+03
    0.17160E-03    0.63724E+03
    0.17507E-03    0.64968E+03
    0.17860E-03    0.66237E+03
    0.18221E-03    0.67531E+03
    0.18589E-03    0.68849E+03
    0.18965E-03    0.70193E+03
    0.19348E-03    0.71564E+03
    0.19739E-03    0.72961E+03
    0.20138E-03    0.74385E+03
    0.20544E-03    0.75837E+03
    0.20959E-03    0.77317E+03
    0.21383E-03    0.78826E+03
    0.21815E-03    0.80365E+03
    0.22255E-03    0.81933E+03
    0.22705E-03    0.83531E+03
    0.23164E-03    0.85161E+03
    0.23632E-03    0.86823E+03
    0.24109E-03    0.88516E+03
    0.24596E-03    0.90243E+03
    0.25093E-03    0.92003E+03
    0.25600E-03    0.93797E+03
    0.26117E-03    0.95626E+03
    0.26645E-03    0.97490E+03
    0.27183E-03    0.99390E+03
    0.27732E-03    0.10133E+04
    0.28292E-03    0.10330E+04
    0.28864E-03    0.10532E+04
    0.29447E-03    0.10737E+04
    0.30042E-03    0.10946E+04
    0.30649E-03    0.11159E+04
    0.31268E-03    0.11376E+04
    0.31899E-03    0.11598E+04
    0.32544E-03    0.11824E+04
    0.33201E-03    0.12054E+04
    0.33872E-03    0.12289E+04
    0.34556E-03    0.12528E+04
    0.35254E-03    0.12771E+04
    0.35966E-03    0.13020E+04
    0.36693E-03    0.13273E+04
    0.37434E-03    0.13531E+04
    0.38190E-03    0.13794E+04
    0.38962E-03    0.14062E+04
    0.39749E-03    0.14335E+04
    0.40552E-03    0.14614E+04
    0.41371E-03    0.14898E+04
    0.42207E-03    0.15187E+04
    0.43060E-03    0.15482E+04
    0.43929E-03    0.15782E+04
    0.44817E-03    0.16088E+04
    0.45722E-03    0.16400E+04
    0.46646E-03    0.16718E+04
    0.47588E-03    0.17042E+04
    0.48550E-03    0.17373E+04
    0.49530E-03    0.17709E+04
    0.50531E-03    0.18052E+04
    0.51552E-03    0.18401E+04
    0.52593E-03    0.18757E+04
    0.53656E-03    0.19120E+04
    0.54739E-03    0.19490E+04
    0.55845E-03    0.19866E+04
    0.56973E-03    0.20250E+04
    0.58124E-03    0.20641E+04
    0.59299E-03    0.21039E+04
    0.60496E-03    0.21445E+04
    0.61719E-03    0.21859E+04
    0.62965E-03    0.22280E+04
    0.64237E-03    0.22709E+04
    0.65535E-03    0.23146E+04
    0.66859E-03    0.23591E+04
    0.68210E-03    0.24045E+04
    0.69588E-03    0.24507E+04
    0.70993E-03    0.24978E+04
    0.72427E-03    0.25457E+04
    0.73891E-03    0.25945E+04
    0.75383E-03    0.26443E+04
    0.76906E-03    0.26949E+04
    0.78460E-03    0.27465E+04
    0.80045E-03    0.27991E+04
    0.81662E-03    0.28526E+04
    0.83311E-03    0.29071E+04
    0.84994E-03    0.29625E+04
    0.86711E-03    0.30190E+04
    0.88463E-03    0.30766E+04
    0.90250E-03    0.31351E+04
    0.92073E-03    0.31948E+04
    0.93933E-03    0.32555E+04
    0.95831E-03    0.33173E+04
    0.97767E-03    0.33802E+04
    0.99742E-03    0.34443E+04
    0.10176E-02    0.35095E+04
    0.10381E-02    0.35759E+04
    0.10591E-02    0.36434E+04
    0.10805E-02    0.37122E+04
    0.11023E-02    0.37822E+04
    0.11246E-02    0.38534E+04
    0.11473E-02    0.39259E+04
    0.11705E-02    0.39996E+04
    0.11941E-02    0.40746E+04
    0.12182E-02    0.41510E+04
    0.12429E-02    0.42287E+04
    0.12680E-02    0.43077E+04
    0.12936E-02    0.43881E+04
    0.13197E-02    0.44698E+04
    0.13464E-02    0.45530E+04
    0.13736E-02    0.46376E+04
    0.14013E-02    0.47236E+04
    0.14296E-02    0.48110E+04
    0.14585E-02    0.49000E+04
    0.14880E-02    0.49904E+04
    0.15180E-02    0.50824E+04
    0.15487E-02    0.51758E+04
    0.15800E-02    0.52708E+04
    0.16119E-02    0.53674E+04
    0.16445E-02    0.54656E+04
    0.16777E-02    0.55653E+04
    0.17116E-02    0.56667E+04
    0.17462E-02    0.57696E+04
    0.17814E-02    0.58743E+04
    0.18174E-02    0.59806E+04
    0.18541E-02    0.60885E+04
    0.18916E-02    0.61982E+04
    0.19298E-02    0.63095E+04
    0.19688E-02    0.64226E+04
    0.20086E-02    0.65374E+04
    0.20491E-02    0.66540E+04
    0.20905E-02    0.67723E+04
    0.21328E-02    0.68924E+04
    0.21758E-02    0.70143E+04
    0.22198E-02    0.71380E+04
    0.22646E-02    0.72635E+04
    0.23104E-02    0.73908E+04
    0.23571E-02    0.75200E+04
    0.24047E-02    0.76509E+04
    0.24533E-02    0.77838E+04
    0.25028E-02    0.79184E+04
    0.25534E-02    0.80550E+04
    0.26050E-02    0.81934E+04
    0.26576E-02    0.83336E+04
    0.27113E-02    0.84758E+04
    0.27660E-02    0.86198E+04
    0.28219E-02    0.87657E+04
    0.28789E-02    0.89134E+04
    0.29371E-02    0.90631E+04
    0.29964E-02    0.92146E+04
    0.30569E-02    0.93680E+04
    0.31187E-02    0.95232E+04
    0.31817E-02    0.96803E+04
    0.32460E-02    0.98393E+04
    0.33115E-02    0.10000E+05
    0.33784E-02    0.10163E+05
    0.34467E-02    0.10327E+05
    0.35163E-02    0.10494E+05
    0.35874E-02    0.10662E+05
    0.36598E-02    0.10831E+05
    0.37338E-02    0.11003E+05
    0.38092E-02    0.11177E+05
    0.38861E-02    0.11352E+05
    0.39646E-02    0.11528E+05
    0.40447E-02    0.11707E+05
    0.41264E-02    0.11887E+05
    0.42098E-02    0.12069E+05
    0.42948E-02    0.12252E+05
    0.43816E-02    0.12437E+05
    0.44701E-02    0.12623E+05
    0.45604E-02    0.12811E+05
    0.46525E-02    0.13000E+05
    0.47465E-02    0.13191E+05
    0.48424E-02    0.13383E+05
    0.49402E-02    0.13576E+05
    0.50400E-02    0.13771E+05
    0.51419E-02    0.13967E+05
    0.52457E-02    0.14163E+05
    0.53517E-02    0.14361E+05
    0.54598E-02    0.14560E+05
    0.55701E-02    0.14760E+05
    0.56826E-02    0.14960E+05
    0.57974E-02    0.15162E+05
    0.59145E-02    0.15364E+05
    0.60340E-02    0.15567E+05
    0.61559E-02    0.15770E+05
    0.62803E-02    0.15974E+05
    0.64072E-02    0.16178E+05
    0.65366E-02    0.16382E+05
    0.66686E-02    0.16586E+05
    0.68033E-02    0.16791E+05
    0.69408E-02    0.16995E+05
    0.70810E-02    0.17199E+05
    0.72240E-02    0.17403E+05
    0.73700E-02    0.17606E+05
    0.75189E-02    0.17809E+05
    0.76708E-02    0.18011E+05
    0.78257E-02    0.18212E+05
    0.79838E-02    0.18412E+05
    0.81451E-02    0.18611E+05
    0.83096E-02    0.18809E+05
    0.84775E-02    0.19005E+05
    0.86488E-02    0.19200E+05
    0.88235E-02    0.19393E+05
    0.90017E-02    0.19585E+05
    0.91836E-02    0.19774E+05
    0.93691E-02    0.19960E+05
    0.95583E-02    0.20145E+05
    0.97514E-02    0.20327E+05
    0.99484E-02    0.20506E+05
    0.10149E-01    0.20681E+05
    0.10354E-01    0.20854E+05
    0.10564E-01    0.21023E+05
    0.10777E-01    0.21189E+05
    0.10995E-01    0.21350E+05
    0.11217E-01    0.21508E+05
    0.11443E-01    0.21661E+05
    0.11675E-01    0.21810E+05
    0.11910E-01    0.21954E+05
    0.12151E-01    0.22092E+05
    0.12397E-01    0.22226E+05
    0.12647E-01    0.22354E+05
    0.12902E-01    0.22476E+05
    0.13163E-01    0.22593E+05
    0.13429E-01    0.22703E+05
    0.13700E-01    0.22806E+05
    0.13977E-01    0.22903E+05
    0.14259E-01    0.22993E+05
    0.14547E-01    0.23075E+05
    0.14841E-01    0.23150E+05
    0.15141E-01    0.23217E+05
    0.15447E-01    0.23276E+05
    0.15759E-01    0.23327E+05
    0.16077E-01    0.23369E+05
    0.16402E-01    0.23402E+05
    0.16734E-01    0.23427E+05
    0.17072E-01    0.23442E+05
    0.17416E-01    0.23447E+05
    0.17768E-01    0.23443E+05
    0.18127E-01    0.23430E+05
    0.18493E-01    0.23406E+05
    0.18867E-01    0.23371E+05
    0.19248E-01    0.23327E+05
    0.19637E-01    0.23271E+05
    0.20034E-01    0.23206E+05
    0.20438E-01    0.23129E+05
    0.20851E-01    0.23041E+05
    0.21272E-01    0.22943E+05
    0.21702E-01    0.22833E+05
    0.22141E-01    0.22713E+05
    0.22588E-01    0.22582E+05
    0.23044E-01    0.22439E+05
    0.23510E-01    0.22286E+05
    0.23985E-01    0.22122E+05
    0.24469E-01    0.21948E+05
    0.24964E-01    0.21763E+05
    0.25468E-01    0.21568E+05
    0.25982E-01    0.21363E+05
    0.26507E-01    0.21148E+05
    0.27043E-01    0.20924E+05
    0.27589E-01    0.20692E+05
    0.28146E-01    0.20450E+05
    0.28715E-01    0.20201E+05
    0.29295E-01    0.19945E+05
    0.29887E-01    0.19681E+05
    0.30490E-01    0.19411E+05
    0.31106E-01    0.19135E+05
    0.31735E-01    0.18855E+05
    0.32376E-01    0.18570E+05
    0.33030E-01    0.18281E+05
    0.33697E-01    0.17990E+05
    0.34378E-01    0.17696E+05
    0.35072E-01    0.17401E+05
    0.35781E-01    0.17105E+05
    0.36504E-01    0.16810E+05
    0.37241E-01    0.16515E+05
    0.37993E-01    0.16223E+05
    0.38761E-01    0.15934E+05
    0.39544E-01    0.15648E+05
    0.40343E-01    0.15367E+05
    0.41158E-01    0.15090E+05
    0.41989E-01    0.14819E+05
    0.42838E-01    0.14554E+05
    0.43703E-01    0.14295E+05
    0.44586E-01    0.14042E+05
    0.45486E-01    0.13796E+05
    0.46405E-01    0.13559E+05
    0.47343E-01    0.13331E+05
    0.48299E-01    0.13113E+05
    0.49275E-01    0.12905E+05
    0.50270E-01    0.12706E+05
    0.51286E-01    0.12516E+05
    0.52322E-01    0.12334E+05
    0.53379E-01    0.12158E+05
    0.54457E-01    0.11989E+05
    0.55557E-01    0.11825E+05
    0.56680E-01    0.11666E+05
    0.57825E-01    0.11511E+05
    0.58993E-01    0.11359E+05
    0.60184E-01    0.11209E+05
    0.61400E-01    0.11059E+05
    0.62641E-01    0.10910E+05
    0.63906E-01    0.10759E+05
    0.65197E-01    0.10605E+05
    0.66514E-01    0.10449E+05
    0.67858E-01    0.10288E+05
    0.69229E-01    0.10120E+05
    0.70627E-01    0.99453E+04
    0.72054E-01    0.97611E+04
    0.73510E-01    0.95669E+04
    0.74994E-01    0.93620E+04
    0.76509E-01    0.91462E+04
    0.78055E-01    0.89200E+04
    0.79632E-01    0.86841E+04
    0.81241E-01    0.84399E+04
    0.82882E-01    0.81892E+04
    0.84556E-01    0.79339E+04
    0.86264E-01    0.76764E+04
    0.88007E-01    0.74190E+04
    0.89785E-01    0.71641E+04
    0.91598E-01    0.69140E+04
    0.93449E-01    0.66708E+04
    0.95337E-01    0.64367E+04
    0.97263E-01    0.62136E+04
    0.99227E-01    0.60031E+04
    0.10123E+00    0.58067E+04
    0.10328E+00    0.56257E+04
    0.10536E+00    0.54607E+04
    0.10749E+00    0.53117E+04
    0.10966E+00    0.51785E+04
    0.11188E+00    0.50598E+04
    0.11414E+00    0.49537E+04
    0.11644E+00    0.48578E+04
    0.11880E+00    0.47691E+04
    0.12120E+00    0.46846E+04
    0.12365E+00    0.46009E+04
    0.12614E+00    0.45147E+04
    0.12869E+00    0.44233E+04
    0.13129E+00    0.43243E+04
    0.13394E+00    0.42159E+04
    0.13665E+00    0.40975E+04
    0.13941E+00    0.39694E+04
    0.14223E+00    0.38328E+04
    0.14510E+00    0.36898E+04
    0.14803E+00    0.35431E+04
    0.15102E+00    0.33956E+04
    0.15407E+00    0.32506E+04
    0.15718E+00    0.31113E+04
    0.16036E+00    0.29811E+04
    0.16360E+00    0.28624E+04
    0.16690E+00    0.27572E+04
    0.17028E+00    0.26659E+04
    0.17371E+00    0.25876E+04
    0.17722E+00    0.25200E+04
    0.18080E+00    0.24602E+04
    0.18446E+00    0.24049E+04
    0.18818E+00    0.23507E+04
    0.19198E+00    0.22944E+04
    0.19586E+00    0.22333E+04
    0.19982E+00    0.21656E+04
    0.20386E+00    0.20908E+04
    0.20797E+00    0.20101E+04
    0.21218E+00    0.19260E+04
    0.21646E+00    0.18414E+04
    0.22083E+00    0.17596E+04
    0.22530E+00    0.16833E+04
    0.22985E+00    0.16145E+04
    0.23449E+00    0.15544E+04
    0.23923E+00    0.15025E+04
    0.24406E+00    0.14573E+04
    0.24899E+00    0.14162E+04
    0.25402E+00    0.13765E+04
    0.25915E+00    0.13358E+04
    0.26439E+00    0.12921E+04
    0.26973E+00    0.12448E+04
    0.27518E+00    0.11946E+04
    0.28074E+00    0.11435E+04
    0.28641E+00    0.10937E+04
    0.29219E+00    0.10472E+04
    0.29810E+00    0.10051E+04
    0.30412E+00    0.96781E+03
    0.31026E+00    0.93456E+03
    0.31653E+00    0.90378E+03
    0.32292E+00    0.87370E+03
    0.32945E+00    0.84291E+03
    0.33610E+00    0.81082E+03
    0.34289E+00    0.77780E+03
    0.34982E+00    0.74494E+03
    0.35689E+00    0.71352E+03
    0.36409E+00    0.68442E+03
    0.37145E+00    0.65788E+03
    0.37895E+00    0.63347E+03
    0.38661E+00    0.61028E+03
    0.39442E+00    0.58743E+03
    0.40239E+00    0.56444E+03
    0.41052E+00    0.54137E+03
    0.41881E+00    0.51874E+03
    0.42727E+00    0.49721E+03
    0.43590E+00    0.47709E+03
    0.44471E+00    0.45826E+03
    0.45369E+00    0.44035E+03
    0.46286E+00    0.42294E+03
    0.47221E+00    0.40578E+03
    0.48174E+00    0.38895E+03
    0.49148E+00    0.37273E+03
    0.50141E+00    0.35731E+03
    0.51153E+00    0.34272E+03
    0.52187E+00    0.32879E+03
    0.53241E+00    0.31532E+03
    0.54317E+00    0.30222E+03
    0.55414E+00    0.28955E+03
    0.56533E+00    0.27739E+03
    0.57675E+00    0.26580E+03
    0.58840E+00    0.25472E+03
    0.60029E+00    0.24416E+03
    0.61242E+00    0.23376E+03
    0.62479E+00    0.22383E+03
    0.63741E+00    0.21435E+03
    0.65029E+00    0.20526E+03
    0.66342E+00    0.19654E+03
    0.67683E+00    0.18816E+03
    0.69050E+00    0.18012E+03
    0.70445E+00    0.17240E+03
    0.71868E+00    0.16499E+03
    0.73320E+00    0.15788E+03
    0.74801E+00    0.15106E+03
    0.76312E+00    0.14451E+03
    0.77854E+00    0.13824E+03
    0.79426E+00    0.13223E+03
    0.81031E+00    0.12646E+03
    0.82668E+00    0.12094E+03
    0.84338E+00    0.11564E+03
    0.86041E+00    0.11057E+03
    0.87780E+00    0.10571E+03
    0.89553E+00    0.10105E+03
    0.91362E+00    0.96592E+02
    0.93208E+00    0.92321E+02
    0.95091E+00    0.88230E+02
    0.97011E+00    0.84313E+02
    0.98971E+00    0.80562E+02
    0.10097E+01    0.76972E+02
    0.10301E+01    0.73534E+02
    0.10509E+01    0.70244E+02
    0.10721E+01    0.67095E+02
    0.10938E+01    0.64081E+02
    0.11159E+01    0.61198E+02
    0.11384E+01    0.58439E+02
    0.11614E+01    0.55800E+02
    0.11849E+01    0.53276E+02
    0.12088E+01    0.50861E+02
    0.12333E+01    0.48553E+02
    0.12582E+01    0.46345E+02
    0.12836E+01    0.44235E+02
    0.13095E+01    0.42217E+02
    0.13360E+01    0.40288E+02
    0.13630E+01    0.38445E+02
    0.13905E+01    0.36683E+02
    0.14186E+01    0.34999E+02
    0.14472E+01    0.33389E+02
    0.14765E+01    0.31851E+02
    0.15063E+01    0.30382E+02
    0.15367E+01    0.28977E+02
    0.15678E+01    0.27635E+02
    0.15994E+01    0.26353E+02
    0.16318E+01    0.25129E+02
    0.16647E+01    0.23959E+02
    0.16984E+01    0.22841E+02
    0.17327E+01    0.21775E+02
    0.17677E+01    0.20757E+02
    0.18034E+01    0.19786E+02
    0.18398E+01    0.18859E+02
    0.18770E+01    0.17975E+02
    0.19149E+01    0.17132E+02
    0.19536E+01    0.16328E+02
    0.19930E+01    0.15561E+02
