    0.10000E-03    0.26188E+03
    0.10202E-03    0.26700E+03
    0.10408E-03    0.27222E+03
    0.10618E-03    0.27754E+03
    0.10833E-03    0.28297E+03
    0.11052E-03    0.28850E+03
    0.11275E-03    0.29414E+03
    0.11503E-03    0.29989E+03
    0.11735E-03    0.30575E+03
    0.11972E-03    0.31172E+03
    0.12214E-03    0.31782E+03
    0.12461E-03    0.32403E+03
    0.12712E-03    0.33036E+03
    0.12969E-03    0.33682E+03
    0.13231E-03    0.34340E+03
    0.13499E-03    0.35012E+03
    0.13771E-03    0.35696E+03
    0.14049E-03    0.36394E+03
    0.14333E-03    0.37105E+03
    0.14623E-03    0.37830E+03
    0.14918E-03    0.38569E+03
    0.15220E-03    0.39323E+03
    0.15527E-03    0.40092E+03
    0.15841E-03    0.40875E+03
    0.16161E-03    0.41674E+03
    0.16487E-03    0.42488E+03
    0.16820E-03    0.43319E+03
    0.17160E-03    0.44165E+03
    0.17507E-03    0.45028E+03
    0.17860E-03    0.45908E+03
    0.18221E-03    0.46805E+03
    0.18589E-03    0.47719E+03
    0.18965E-03    0.48651E+03
    0.19348E-03    0.49602E+03
    0.19739E-03    0.50571E+03
    0.20138E-03    0.51559E+03
    0.20544E-03    0.52566E+03
    0.20959E-03    0.53593E+03
    0.21383E-03    0.54639E+03
    0.21815E-03    0.55707E+03
    0.22255E-03    0.56795E+03
    0.22705E-03    0.57904E+03
    0.23164E-03    0.59035E+03
    0.23632E-03    0.60187E+03
    0.24109E-03    0.61363E+03
    0.24596E-03    0.62561E+03
    0.25093E-03    0.63782E+03
    0.25600E-03    0.65027E+03
    0.26117E-03    0.66297E+03
    0.26645E-03    0.67591E+03
    0.27183E-03    0.68910E+03
    0.27732E-03    0.70255E+03
    0.28292E-03    0.71626E+03
    0.28864E-03    0.73024E+03
    0.29447E-03    0.74449E+03
    0.30042E-03    0.75901E+03
    0.30649E-03    0.77382E+03
    0.31268E-03    0.78892E+03
    0.31899E-03    0.80430E+03
    0.32544E-03    0.81999E+03
    0.33201E-03    0.83598E+03
    0.33872E-03    0.85228E+03
    0.34556E-03    0.86890E+03
    0.35254E-03    0.88584E+03
    0.35966E-03    0.90311E+03
    0.36693E-03    0.92071E+03
    0.37434E-03    0.93865E+03
    0.38190E-03    0.95694E+03
    0.38962E-03    0.97559E+03
    0.39749E-03    0.99459E+03
    0.40552E-03    0.10140E+04
    0.41371E-03    0.10337E+04
    0.42207E-03    0.10538E+04
    0.43060E-03    0.10744E+04
    0.43929E-03    0.10953E+04
    0.44817E-03    0.11166E+04
    0.45722E-03    0.11383E+04
    0.46646E-03    0.11605E+04
    0.47588E-03    0.11830E+04
    0.48550E-03    0.12060E+04
    0.49530E-03    0.12295E+04
    0.50531E-03    0.12534E+04
    0.51552E-03    0.12777E+04
    0.52593E-03    0.13026E+04
    0.53656E-03    0.13279E+04
    0.54739E-03    0.13536E+04
    0.55845E-03    0.13799E+04
    0.56973E-03    0.14067E+04
    0.58124E-03    0.14340E+04
    0.59299E-03    0.14618E+04
    0.60496E-03    0.14902E+04
    0.61719E-03    0.15191E+04
    0.62965E-03    0.15485E+04
    0.64237E-03    0.15785E+04
    0.65535E-03    0.16091E+04
    0.66859E-03    0.16402E+04
    0.68210E-03    0.16720E+04
    0.69588E-03    0.17043E+04
    0.70993E-03    0.17373E+04
    0.72427E-03    0.17709E+04
    0.73891E-03    0.18051E+04
    0.75383E-03    0.18400E+04
    0.76906E-03    0.18755E+04
    0.78460E-03    0.19117E+04
    0.80045E-03    0.19486E+04
    0.81662E-03    0.19862E+04
    0.83311E-03    0.20244E+04
    0.84994E-03    0.20634E+04
    0.86711E-03    0.21032E+04
    0.88463E-03    0.21436E+04
    0.90250E-03    0.21849E+04
    0.92073E-03    0.22269E+04
    0.93933E-03    0.22696E+04
    0.95831E-03    0.23132E+04
    0.97767E-03    0.23576E+04
    0.99742E-03    0.24028E+04
    0.10176E-02    0.24489E+04
    0.10381E-02    0.24958E+04
    0.10591E-02    0.25435E+04
    0.10805E-02    0.25922E+04
    0.11023E-02    0.26417E+04
    0.11246E-02    0.26922E+04
    0.11473E-02    0.27435E+04
    0.11705E-02    0.27958E+04
    0.11941E-02    0.28491E+04
    0.12182E-02    0.29033E+04
    0.12429E-02    0.29586E+04
    0.12680E-02    0.30148E+04
    0.12936E-02    0.30720E+04
    0.13197E-02    0.31303E+04
    0.13464E-02    0.31896E+04
    0.13736E-02    0.32500E+04
    0.14013E-02    0.33114E+04
    0.14296E-02    0.33740E+04
    0.14585E-02    0.34377E+04
    0.14880E-02    0.35025E+04
    0.15180E-02    0.35684E+04
    0.15487E-02    0.36355E+04
    0.15800E-02    0.37038E+04
    0.16119E-02    0.37733E+04
    0.16445E-02    0.38440E+04
    0.16777E-02    0.39159E+04
    0.17116E-02    0.39891E+04
    0.17462E-02    0.40635E+04
    0.17814E-02    0.41392E+04
    0.18174E-02    0.42163E+04
    0.18541E-02    0.42946E+04
    0.18916E-02    0.43743E+04
    0.19298E-02    0.44553E+04
    0.19688E-02    0.45376E+04
    0.20086E-02    0.46214E+04
    0.20491E-02    0.47066E+04
    0.20905E-02    0.47931E+04
    0.21328E-02    0.48811E+04
    0.21758E-02    0.49706E+04
    0.22198E-02    0.50615E+04
    0.22646E-02    0.51539E+04
    0.23104E-02    0.52478E+04
    0.23571E-02    0.53432E+04
    0.24047E-02    0.54401E+04
    0.24533E-02    0.55386E+04
    0.25028E-02    0.56386E+04
    0.25534E-02    0.57402E+04
    0.26050E-02    0.58434E+04
    0.26576E-02    0.59482E+04
    0.27113E-02    0.60546E+04
    0.27660E-02    0.61626E+04
    0.28219E-02    0.62723E+04
    0.28789E-02    0.63836E+04
    0.29371E-02    0.64966E+04
    0.29964E-02    0.66112E+04
    0.30569E-02    0.67276E+04
    0.31187E-02    0.68456E+04
    0.31817E-02    0.69653E+04
    0.32460E-02    0.70868E+04
    0.33115E-02    0.72099E+04
    0.33784E-02    0.73348E+04
    0.34467E-02    0.74614E+04
    0.35163E-02    0.75898E+04
    0.35874E-02    0.77199E+04
    0.36598E-02    0.78518E+04
    0.37338E-02    0.79854E+04
    0.38092E-02    0.81207E+04
    0.38861E-02    0.82579E+04
    0.39646E-02    0.83967E+04
    0.40447E-02    0.85374E+04
    0.41264E-02    0.86797E+04
    0.42098E-02    0.88239E+04
    0.42948E-02    0.89698E+04
    0.43816E-02    0.91174E+04
    0.44701E-02    0.92667E+04
    0.45604E-02    0.94178E+04
    0.46525E-02    0.95706E+04
    0.47465E-02    0.97251E+04
    0.48424E-02    0.98813E+04
    0.49402E-02    0.10039E+05
    0.50400E-02    0.10199E+05
    0.51419E-02    0.10360E+05
    0.52457E-02    0.10523E+05
    0.53517E-02    0.10687E+05
    0.54598E-02    0.10853E+05
    0.55701E-02    0.11020E+05
    0.56826E-02    0.11189E+05
    0.57974E-02    0.11360E+05
    0.59145E-02    0.11532E+05
    0.60340E-02    0.11705E+05
    0.61559E-02    0.11880E+05
    0.62803E-02    0.12056E+05
    0.64072E-02    0.12233E+05
    0.65366E-02    0.12412E+05
    0.66686E-02    0.12592E+05
    0.68033E-02    0.12773E+05
    0.69408E-02    0.12955E+05
    0.70810E-02    0.13138E+05
    0.72240E-02    0.13322E+05
    0.73700E-02    0.13507E+05
    0.75189E-02    0.13693E+05
    0.76708E-02    0.13880E+05
    0.78257E-02    0.14067E+05
    0.79838E-02    0.14255E+05
    0.81451E-02    0.14443E+05
    0.83096E-02    0.14632E+05
    0.84775E-02    0.14821E+05
    0.86488E-02    0.15011E+05
    0.88235E-02    0.15200E+05
    0.90017E-02    0.15390E+05
    0.91836E-02    0.15579E+05
    0.93691E-02    0.15769E+05
    0.95583E-02    0.15958E+05
    0.97514E-02    0.16147E+05
    0.99484E-02    0.16335E+05
    0.10149E-01    0.16523E+05
    0.10354E-01    0.16710E+05
    0.10564E-01    0.16896E+05
    0.10777E-01    0.17081E+05
    0.10995E-01    0.17264E+05
    0.11217E-01    0.17447E+05
    0.11443E-01    0.17628E+05
    0.11675E-01    0.17807E+05
    0.11910E-01    0.17985E+05
    0.12151E-01    0.18160E+05
    0.12397E-01    0.18333E+05
    0.12647E-01    0.18504E+05
    0.12902E-01    0.18673E+05
    0.13163E-01    0.18838E+05
    0.13429E-01    0.19001E+05
    0.13700E-01    0.19161E+05
    0.13977E-01    0.19317E+05
    0.14259E-01    0.19470E+05
    0.14547E-01    0.19619E+05
    0.14841E-01    0.19764E+05
    0.15141E-01    0.19905E+05
    0.15447E-01    0.20041E+05
    0.15759E-01    0.20173E+05
    0.16077E-01    0.20300E+05
    0.16402E-01    0.20422E+05
    0.16734E-01    0.20538E+05
    0.17072E-01    0.20650E+05
    0.17416E-01    0.20755E+05
    0.17768E-01    0.20854E+05
    0.18127E-01    0.20947E+05
    0.18493E-01    0.21034E+05
    0.18867E-01    0.21114E+05
    0.19248E-01    0.21187E+05
    0.19637E-01    0.21253E+05
    0.20034E-01    0.21311E+05
    0.20438E-01    0.21362E+05
    0.20851E-01    0.21405E+05
    0.21272E-01    0.21441E+05
    0.21702E-01    0.21468E+05
    0.22141E-01    0.21486E+05
    0.22588E-01    0.21497E+05
    0.23044E-01    0.21498E+05
    0.23510E-01    0.21491E+05
    0.23985E-01    0.21475E+05
    0.24469E-01    0.21450E+05
    0.24964E-01    0.21416E+05
    0.25468E-01    0.21373E+05
    0.25982E-01    0.21320E+05
    0.26507E-01    0.21259E+05
    0.27043E-01    0.21188E+05
    0.27589E-01    0.21108E+05
    0.28146E-01    0.21019E+05
    0.28715E-01    0.20921E+05
    0.29295E-01    0.20813E+05
    0.29887E-01    0.20698E+05
    0.30490E-01    0.20573E+05
    0.31106E-01    0.20441E+05
    0.31735E-01    0.20300E+05
    0.32376E-01    0.20151E+05
    0.33030E-01    0.19995E+05
    0.33697E-01    0.19832E+05
    0.34378E-01    0.19662E+05
    0.35072E-01    0.19486E+05
    0.35781E-01    0.19303E+05
    0.36504E-01    0.19116E+05
    0.37241E-01    0.18923E+05
    0.37993E-01    0.18726E+05
    0.38761E-01    0.18526E+05
    0.39544E-01    0.18322E+05
    0.40343E-01    0.18115E+05
    0.41158E-01    0.17906E+05
    0.41989E-01    0.17696E+05
    0.42838E-01    0.17484E+05
    0.43703E-01    0.17272E+05
    0.44586E-01    0.17060E+05
    0.45486E-01    0.16849E+05
    0.46405E-01    0.16639E+05
    0.47343E-01    0.16431E+05
    0.48299E-01    0.16225E+05
    0.49275E-01    0.16022E+05
    0.50270E-01    0.15822E+05
    0.51286E-01    0.15626E+05
    0.52322E-01    0.15435E+05
    0.53379E-01    0.15248E+05
    0.54457E-01    0.15066E+05
    0.55557E-01    0.14887E+05
    0.56680E-01    0.14713E+05
    0.57825E-01    0.14542E+05
    0.58993E-01    0.14375E+05
    0.60184E-01    0.14210E+05
    0.61400E-01    0.14047E+05
    0.62641E-01    0.13886E+05
    0.63906E-01    0.13725E+05
    0.65197E-01    0.13565E+05
    0.66514E-01    0.13404E+05
    0.67858E-01    0.13241E+05
    0.69229E-01    0.13076E+05
    0.70627E-01    0.12908E+05
    0.72054E-01    0.12736E+05
    0.73510E-01    0.12559E+05
    0.74994E-01    0.12377E+05
    0.76509E-01    0.12188E+05
    0.78055E-01    0.11992E+05
    0.79632E-01    0.11788E+05
    0.81241E-01    0.11576E+05
    0.82882E-01    0.11356E+05
    0.84556E-01    0.11127E+05
    0.86264E-01    0.10890E+05
    0.88007E-01    0.10645E+05
    0.89785E-01    0.10396E+05
    0.91598E-01    0.10142E+05
    0.93449E-01    0.98857E+04
    0.95337E-01    0.96284E+04
    0.97263E-01    0.93715E+04
    0.99227E-01    0.91168E+04
    0.10123E+00    0.88664E+04
    0.10328E+00    0.86221E+04
    0.10536E+00    0.83854E+04
    0.10749E+00    0.81578E+04
    0.10966E+00    0.79407E+04
    0.11188E+00    0.77353E+04
    0.11414E+00    0.75424E+04
    0.11644E+00    0.73623E+04
    0.11880E+00    0.71950E+04
    0.12120E+00    0.70401E+04
    0.12365E+00    0.68959E+04
    0.12614E+00    0.67608E+04
    0.12869E+00    0.66324E+04
    0.13129E+00    0.65079E+04
    0.13394E+00    0.63845E+04
    0.13665E+00    0.62594E+04
    0.13941E+00    0.61302E+04
    0.14223E+00    0.59951E+04
    0.14510E+00    0.58526E+04
    0.14803E+00    0.57023E+04
    0.15102E+00    0.55443E+04
    0.15407E+00    0.53798E+04
    0.15718E+00    0.52104E+04
    0.16036E+00    0.50384E+04
    0.16360E+00    0.48664E+04
    0.16690E+00    0.46971E+04
    0.17028E+00    0.45332E+04
    0.17371E+00    0.43771E+04
    0.17722E+00    0.42308E+04
    0.18080E+00    0.40958E+04
    0.18446E+00    0.39728E+04
    0.18818E+00    0.38616E+04
    0.19198E+00    0.37609E+04
    0.19586E+00    0.36680E+04
    0.19982E+00    0.35800E+04
    0.20386E+00    0.34936E+04
    0.20797E+00    0.34058E+04
    0.21218E+00    0.33146E+04
    0.21646E+00    0.32185E+04
    0.22083E+00    0.31170E+04
    0.22530E+00    0.30109E+04
    0.22985E+00    0.29021E+04
    0.23449E+00    0.27932E+04
    0.23923E+00    0.26876E+04
    0.24406E+00    0.25877E+04
    0.24899E+00    0.24951E+04
    0.25402E+00    0.24106E+04
    0.25915E+00    0.23339E+04
    0.26439E+00    0.22637E+04
    0.26973E+00    0.21981E+04
    0.27518E+00    0.21346E+04
    0.28074E+00    0.20708E+04
    0.28641E+00    0.20049E+04
    0.29219E+00    0.19366E+04
    0.29810E+00    0.18661E+04
    0.30412E+00    0.17952E+04
    0.31026E+00    0.17260E+04
    0.31653E+00    0.16604E+04
    0.32292E+00    0.15996E+04
    0.32945E+00    0.15436E+04
    0.33610E+00    0.14918E+04
    0.34289E+00    0.14428E+04
    0.34982E+00    0.13951E+04
    0.35689E+00    0.13473E+04
    0.36409E+00    0.12989E+04
    0.37145E+00    0.12500E+04
    0.37895E+00    0.12018E+04
    0.38661E+00    0.11553E+04
    0.39442E+00    0.11115E+04
    0.40239E+00    0.10707E+04
    0.41052E+00    0.10322E+04
    0.41881E+00    0.99526E+03
    0.42727E+00    0.95913E+03
    0.43590E+00    0.92333E+03
    0.44471E+00    0.88787E+03
    0.45369E+00    0.85321E+03
    0.46286E+00    0.81998E+03
    0.47221E+00    0.78850E+03
    0.48174E+00    0.75862E+03
    0.49148E+00    0.72995E+03
    0.50141E+00    0.70213E+03
    0.51153E+00    0.67493E+03
    0.52187E+00    0.64836E+03
    0.53241E+00    0.62270E+03
    0.54317E+00    0.59816E+03
    0.55414E+00    0.57472E+03
    0.56533E+00    0.55220E+03
    0.57675E+00    0.53043E+03
    0.58840E+00    0.50933E+03
    0.60029E+00    0.48889E+03
    0.61242E+00    0.46924E+03
    0.62479E+00    0.45041E+03
    0.63741E+00    0.43232E+03
    0.65029E+00    0.41488E+03
    0.66342E+00    0.39806E+03
    0.67683E+00    0.38183E+03
    0.69050E+00    0.36623E+03
    0.70445E+00    0.35126E+03
    0.71868E+00    0.33686E+03
    0.73320E+00    0.32301E+03
    0.74801E+00    0.30969E+03
    0.76312E+00    0.29687E+03
    0.77854E+00    0.28455E+03
    0.79426E+00    0.27270E+03
    0.81031E+00    0.26131E+03
    0.82668E+00    0.25037E+03
    0.84338E+00    0.23986E+03
    0.86041E+00    0.22976E+03
    0.87780E+00    0.22006E+03
    0.89553E+00    0.21075E+03
    0.91362E+00    0.20181E+03
    0.93208E+00    0.19322E+03
    0.95091E+00    0.18499E+03
    0.97011E+00    0.17708E+03
    0.98971E+00    0.16950E+03
    0.10097E+01    0.16222E+03
    0.10301E+01    0.15524E+03
    0.10509E+01    0.14854E+03
    0.10721E+01    0.14212E+03
    0.10938E+01    0.13596E+03
    0.11159E+01    0.13006E+03
    0.11384E+01    0.12440E+03
    0.11614E+01    0.11897E+03
    0.11849E+01    0.11377E+03
    0.12088E+01    0.10878E+03
    0.12333E+01    0.10400E+03
    0.12582E+01    0.99426E+02
    0.12836E+01    0.95041E+02
    0.13095E+01    0.90841E+02
    0.13360E+01    0.86820E+02
    0.13630E+01    0.82968E+02
    0.13905E+01    0.79281E+02
    0.14186E+01    0.75751E+02
    0.14472E+01    0.72373E+02
    0.14765E+01    0.69138E+02
    0.15063E+01    0.66043E+02
    0.15367E+01    0.63080E+02
    0.15678E+01    0.60244E+02
    0.15994E+01    0.57531E+02
    0.16318E+01    0.54935E+02
    0.16647E+01    0.52450E+02
    0.16984E+01    0.50073E+02
    0.17327E+01    0.47799E+02
    0.17677E+01    0.45624E+02
    0.18034E+01    0.43544E+02
    0.18398E+01    0.41555E+02
    0.18770E+01    0.39653E+02
    0.19149E+01    0.37837E+02
    0.19536E+01    0.36101E+02
    0.19930E+01    0.34443E+02
    0.20333E+01    0.32860E+02
    0.20744E+01    0.31349E+02
    0.21163E+01    0.29907E+02
    0.21590E+01    0.28531E+02
