    0.10000E-03    0.45510E+03
    0.10202E-03    0.46400E+03
    0.10408E-03    0.47307E+03
    0.10618E-03    0.48231E+03
    0.10833E-03    0.49174E+03
    0.11052E-03    0.50135E+03
    0.11275E-03    0.51114E+03
    0.11503E-03    0.52113E+03
    0.11735E-03    0.53132E+03
    0.11972E-03    0.54170E+03
    0.12214E-03    0.55228E+03
    0.12461E-03    0.56308E+03
    0.12712E-03    0.57408E+03
    0.12969E-03    0.58529E+03
    0.13231E-03    0.59673E+03
    0.13499E-03    0.60839E+03
    0.13771E-03    0.62027E+03
    0.14049E-03    0.63239E+03
    0.14333E-03    0.64474E+03
    0.14623E-03    0.65734E+03
    0.14918E-03    0.67018E+03
    0.15220E-03    0.68327E+03
    0.15527E-03    0.69661E+03
    0.15841E-03    0.71022E+03
    0.16161E-03    0.72409E+03
    0.16487E-03    0.73823E+03
    0.16820E-03    0.75264E+03
    0.17160E-03    0.76734E+03
    0.17507E-03    0.78232E+03
    0.17860E-03    0.79760E+03
    0.18221E-03    0.81317E+03
    0.18589E-03    0.82904E+03
    0.18965E-03    0.84523E+03
    0.19348E-03    0.86172E+03
    0.19739E-03    0.87854E+03
    0.20138E-03    0.89569E+03
    0.20544E-03    0.91317E+03
    0.20959E-03    0.93098E+03
    0.21383E-03    0.94915E+03
    0.21815E-03    0.96767E+03
    0.22255E-03    0.98654E+03
    0.22705E-03    0.10058E+04
    0.23164E-03    0.10254E+04
    0.23632E-03    0.10454E+04
    0.24109E-03    0.10658E+04
    0.24596E-03    0.10866E+04
    0.25093E-03    0.11077E+04
    0.25600E-03    0.11293E+04
    0.26117E-03    0.11514E+04
    0.26645E-03    0.11738E+04
    0.27183E-03    0.11967E+04
    0.27732E-03    0.12200E+04
    0.28292E-03    0.12437E+04
    0.28864E-03    0.12680E+04
    0.29447E-03    0.12927E+04
    0.30042E-03    0.13178E+04
    0.30649E-03    0.13435E+04
    0.31268E-03    0.13696E+04
    0.31899E-03    0.13963E+04
    0.32544E-03    0.14235E+04
    0.33201E-03    0.14511E+04
    0.33872E-03    0.14794E+04
    0.34556E-03    0.15081E+04
    0.35254E-03    0.15375E+04
    0.35966E-03    0.15673E+04
    0.36693E-03    0.15978E+04
    0.37434E-03    0.16288E+04
    0.38190E-03    0.16605E+04
    0.38962E-03    0.16927E+04
    0.39749E-03    0.17256E+04
    0.40552E-03    0.17591E+04
    0.41371E-03    0.17932E+04
    0.42207E-03    0.18280E+04
    0.43060E-03    0.18634E+04
    0.43929E-03    0.18995E+04
    0.44817E-03    0.19363E+04
    0.45722E-03    0.19738E+04
    0.46646E-03    0.20121E+04
    0.47588E-03    0.20510E+04
    0.48550E-03    0.20907E+04
    0.49530E-03    0.21311E+04
    0.50531E-03    0.21723E+04
    0.51552E-03    0.22143E+04
    0.52593E-03    0.22571E+04
    0.53656E-03    0.23007E+04
    0.54739E-03    0.23451E+04
    0.55845E-03    0.23903E+04
    0.56973E-03    0.24364E+04
    0.58124E-03    0.24834E+04
    0.59299E-03    0.25312E+04
    0.60496E-03    0.25799E+04
    0.61719E-03    0.26296E+04
    0.62965E-03    0.26802E+04
    0.64237E-03    0.27317E+04
    0.65535E-03    0.27841E+04
    0.66859E-03    0.28376E+04
    0.68210E-03    0.28920E+04
    0.69588E-03    0.29475E+04
    0.70993E-03    0.30039E+04
    0.72427E-03    0.30615E+04
    0.73891E-03    0.31200E+04
    0.75383E-03    0.31797E+04
    0.76906E-03    0.32404E+04
    0.78460E-03    0.33023E+04
    0.80045E-03    0.33653E+04
    0.81662E-03    0.34294E+04
    0.83311E-03    0.34947E+04
    0.84994E-03    0.35612E+04
    0.86711E-03    0.36289E+04
    0.88463E-03    0.36978E+04
    0.90250E-03    0.37679E+04
    0.92073E-03    0.38394E+04
    0.93933E-03    0.39121E+04
    0.95831E-03    0.39860E+04
    0.97767E-03    0.40614E+04
    0.99742E-03    0.41380E+04
    0.10176E-02    0.42160E+04
    0.10381E-02    0.42954E+04
    0.10591E-02    0.43762E+04
    0.10805E-02    0.44584E+04
    0.11023E-02    0.45421E+04
    0.11246E-02    0.46272E+04
    0.11473E-02    0.47138E+04
    0.11705E-02    0.48019E+04
    0.11941E-02    0.48915E+04
    0.12182E-02    0.49826E+04
    0.12429E-02    0.50753E+04
    0.12680E-02    0.51696E+04
    0.12936E-02    0.52655E+04
    0.13197E-02    0.53630E+04
    0.13464E-02    0.54622E+04
    0.13736E-02    0.55630E+04
    0.14013E-02    0.56655E+04
    0.14296E-02    0.57697E+04
    0.14585E-02    0.58756E+04
    0.14880E-02    0.59833E+04
    0.15180E-02    0.60927E+04
    0.15487E-02    0.62039E+04
    0.15800E-02    0.63169E+04
    0.16119E-02    0.64317E+04
    0.16445E-02    0.65483E+04
    0.16777E-02    0.66668E+04
    0.17116E-02    0.67872E+04
    0.17462E-02    0.69094E+04
    0.17814E-02    0.70336E+04
    0.18174E-02    0.71596E+04
    0.18541E-02    0.72876E+04
    0.18916E-02    0.74176E+04
    0.19298E-02    0.75495E+04
    0.19688E-02    0.76834E+04
    0.20086E-02    0.78192E+04
    0.20491E-02    0.79571E+04
    0.20905E-02    0.80970E+04
    0.21328E-02    0.82389E+04
    0.21758E-02    0.83829E+04
    0.22198E-02    0.85289E+04
    0.22646E-02    0.86769E+04
    0.23104E-02    0.88270E+04
    0.23571E-02    0.89792E+04
    0.24047E-02    0.91335E+04
    0.24533E-02    0.92898E+04
    0.25028E-02    0.94482E+04
    0.25534E-02    0.96088E+04
    0.26050E-02    0.97713E+04
    0.26576E-02    0.99360E+04
    0.27113E-02    0.10103E+05
    0.27660E-02    0.10272E+05
    0.28219E-02    0.10443E+05
    0.28789E-02    0.10616E+05
    0.29371E-02    0.10791E+05
    0.29964E-02    0.10968E+05
    0.30569E-02    0.11147E+05
    0.31187E-02    0.11328E+05
    0.31817E-02    0.11512E+05
    0.32460E-02    0.11697E+05
    0.33115E-02    0.11884E+05
    0.33784E-02    0.12073E+05
    0.34467E-02    0.12265E+05
    0.35163E-02    0.12458E+05
    0.35874E-02    0.12653E+05
    0.36598E-02    0.12850E+05
    0.37338E-02    0.13049E+05
    0.38092E-02    0.13249E+05
    0.38861E-02    0.13452E+05
    0.39646E-02    0.13656E+05
    0.40447E-02    0.13862E+05
    0.41264E-02    0.14069E+05
    0.42098E-02    0.14279E+05
    0.42948E-02    0.14490E+05
    0.43816E-02    0.14702E+05
    0.44701E-02    0.14916E+05
    0.45604E-02    0.15131E+05
    0.46525E-02    0.15348E+05
    0.47465E-02    0.15566E+05
    0.48424E-02    0.15785E+05
    0.49402E-02    0.16005E+05
    0.50400E-02    0.16227E+05
    0.51419E-02    0.16449E+05
    0.52457E-02    0.16673E+05
    0.53517E-02    0.16897E+05
    0.54598E-02    0.17122E+05
    0.55701E-02    0.17348E+05
    0.56826E-02    0.17574E+05
    0.57974E-02    0.17801E+05
    0.59145E-02    0.18028E+05
    0.60340E-02    0.18256E+05
    0.61559E-02    0.18484E+05
    0.62803E-02    0.18712E+05
    0.64072E-02    0.18940E+05
    0.65366E-02    0.19167E+05
    0.66686E-02    0.19394E+05
    0.68033E-02    0.19621E+05
    0.69408E-02    0.19847E+05
    0.70810E-02    0.20073E+05
    0.72240E-02    0.20297E+05
    0.73700E-02    0.20520E+05
    0.75189E-02    0.20742E+05
    0.76708E-02    0.20963E+05
    0.78257E-02    0.21182E+05
    0.79838E-02    0.21400E+05
    0.81451E-02    0.21615E+05
    0.83096E-02    0.21829E+05
    0.84775E-02    0.22040E+05
    0.86488E-02    0.22249E+05
    0.88235E-02    0.22456E+05
    0.90017E-02    0.22659E+05
    0.91836E-02    0.22859E+05
    0.93691E-02    0.23057E+05
    0.95583E-02    0.23250E+05
    0.97514E-02    0.23440E+05
    0.99484E-02    0.23626E+05
    0.10149E-01    0.23808E+05
    0.10354E-01    0.23985E+05
    0.10564E-01    0.24157E+05
    0.10777E-01    0.24325E+05
    0.10995E-01    0.24488E+05
    0.11217E-01    0.24644E+05
    0.11443E-01    0.24796E+05
    0.11675E-01    0.24941E+05
    0.11910E-01    0.25080E+05
    0.12151E-01    0.25213E+05
    0.12397E-01    0.25338E+05
    0.12647E-01    0.25457E+05
    0.12902E-01    0.25568E+05
    0.13163E-01    0.25672E+05
    0.13429E-01    0.25767E+05
    0.13700E-01    0.25855E+05
    0.13977E-01    0.25934E+05
    0.14259E-01    0.26004E+05
    0.14547E-01    0.26065E+05
    0.14841E-01    0.26116E+05
    0.15141E-01    0.26158E+05
    0.15447E-01    0.26190E+05
    0.15759E-01    0.26212E+05
    0.16077E-01    0.26224E+05
    0.16402E-01    0.26225E+05
    0.16734E-01    0.26215E+05
    0.17072E-01    0.26193E+05
    0.17416E-01    0.26161E+05
    0.17768E-01    0.26117E+05
    0.18127E-01    0.26061E+05
    0.18493E-01    0.25993E+05
    0.18867E-01    0.25913E+05
    0.19248E-01    0.25821E+05
    0.19637E-01    0.25716E+05
    0.20034E-01    0.25600E+05
    0.20438E-01    0.25470E+05
    0.20851E-01    0.25328E+05
    0.21272E-01    0.25174E+05
    0.21702E-01    0.25007E+05
    0.22141E-01    0.24828E+05
    0.22588E-01    0.24637E+05
    0.23044E-01    0.24433E+05
    0.23510E-01    0.24217E+05
    0.23985E-01    0.23990E+05
    0.24469E-01    0.23751E+05
    0.24964E-01    0.23501E+05
    0.25468E-01    0.23241E+05
    0.25982E-01    0.22970E+05
    0.26507E-01    0.22689E+05
    0.27043E-01    0.22398E+05
    0.27589E-01    0.22099E+05
    0.28146E-01    0.21791E+05
    0.28715E-01    0.21476E+05
    0.29295E-01    0.21153E+05
    0.29887E-01    0.20825E+05
    0.30490E-01    0.20491E+05
    0.31106E-01    0.20152E+05
    0.31735E-01    0.19810E+05
    0.32376E-01    0.19465E+05
    0.33030E-01    0.19117E+05
    0.33697E-01    0.18769E+05
    0.34378E-01    0.18420E+05
    0.35072E-01    0.18072E+05
    0.35781E-01    0.17725E+05
    0.36504E-01    0.17382E+05
    0.37241E-01    0.17041E+05
    0.37993E-01    0.16706E+05
    0.38761E-01    0.16376E+05
    0.39544E-01    0.16053E+05
    0.40343E-01    0.15737E+05
    0.41158E-01    0.15428E+05
    0.41989E-01    0.15127E+05
    0.42838E-01    0.14834E+05
    0.43703E-01    0.14550E+05
    0.44586E-01    0.14275E+05
    0.45486E-01    0.14011E+05
    0.46405E-01    0.13759E+05
    0.47343E-01    0.13519E+05
    0.48299E-01    0.13292E+05
    0.49275E-01    0.13076E+05
    0.50270E-01    0.12870E+05
    0.51286E-01    0.12674E+05
    0.52322E-01    0.12487E+05
    0.53379E-01    0.12308E+05
    0.54457E-01    0.12135E+05
    0.55557E-01    0.11967E+05
    0.56680E-01    0.11805E+05
    0.57825E-01    0.11647E+05
    0.58993E-01    0.11491E+05
    0.60184E-01    0.11338E+05
    0.61400E-01    0.11185E+05
    0.62641E-01    0.11031E+05
    0.63906E-01    0.10875E+05
    0.65197E-01    0.10714E+05
    0.66514E-01    0.10547E+05
    0.67858E-01    0.10372E+05
    0.69229E-01    0.10188E+05
    0.70627E-01    0.99923E+04
    0.72054E-01    0.97850E+04
    0.73510E-01    0.95653E+04
    0.74994E-01    0.93332E+04
    0.76509E-01    0.90896E+04
    0.78055E-01    0.88353E+04
    0.79632E-01    0.85719E+04
    0.81241E-01    0.83017E+04
    0.82882E-01    0.80268E+04
    0.84556E-01    0.77499E+04
    0.86264E-01    0.74733E+04
    0.88007E-01    0.71996E+04
    0.89785E-01    0.69313E+04
    0.91598E-01    0.66708E+04
    0.93449E-01    0.64204E+04
    0.95337E-01    0.61825E+04
    0.97263E-01    0.59591E+04
    0.99227E-01    0.57519E+04
    0.10123E+00    0.55627E+04
    0.10328E+00    0.53921E+04
    0.10536E+00    0.52402E+04
    0.10749E+00    0.51066E+04
    0.10966E+00    0.49896E+04
    0.11188E+00    0.48867E+04
    0.11414E+00    0.47952E+04
    0.11644E+00    0.47115E+04
    0.11880E+00    0.46319E+04
    0.12120E+00    0.45526E+04
    0.12365E+00    0.44701E+04
    0.12614E+00    0.43814E+04
    0.12869E+00    0.42839E+04
    0.13129E+00    0.41758E+04
    0.13394E+00    0.40566E+04
    0.13665E+00    0.39263E+04
    0.13941E+00    0.37864E+04
    0.14223E+00    0.36388E+04
    0.14510E+00    0.34864E+04
    0.14803E+00    0.33326E+04
    0.15102E+00    0.31811E+04
    0.15407E+00    0.30362E+04
    0.15718E+00    0.29016E+04
    0.16036E+00    0.27804E+04
    0.16360E+00    0.26745E+04
    0.16690E+00    0.25840E+04
    0.17028E+00    0.25076E+04
    0.17371E+00    0.24426E+04
    0.17722E+00    0.23859E+04
    0.18080E+00    0.23342E+04
    0.18446E+00    0.22839E+04
    0.18818E+00    0.22312E+04
    0.19198E+00    0.21730E+04
    0.19586E+00    0.21070E+04
    0.19982E+00    0.20326E+04
    0.20386E+00    0.19513E+04
    0.20797E+00    0.18660E+04
    0.21218E+00    0.17802E+04
    0.21646E+00    0.16973E+04
    0.22083E+00    0.16203E+04
    0.22530E+00    0.15516E+04
    0.22985E+00    0.14922E+04
    0.23449E+00    0.14418E+04
    0.23923E+00    0.13987E+04
    0.24406E+00    0.13602E+04
    0.24899E+00    0.13231E+04
    0.25402E+00    0.12845E+04
    0.25915E+00    0.12423E+04
    0.26439E+00    0.11960E+04
    0.26973E+00    0.11465E+04
    0.27518E+00    0.10959E+04
    0.28074E+00    0.10464E+04
    0.28641E+00    0.10002E+04
    0.29219E+00    0.95895E+03
    0.29810E+00    0.92295E+03
    0.30412E+00    0.89122E+03
    0.31026E+00    0.86198E+03
    0.31653E+00    0.83342E+03
    0.32292E+00    0.80405E+03
    0.32945E+00    0.77309E+03
    0.33610E+00    0.74088E+03
    0.34289E+00    0.70874E+03
    0.34982E+00    0.67811E+03
    0.35689E+00    0.64988E+03
    0.36409E+00    0.62432E+03
    0.37145E+00    0.60101E+03
    0.37895E+00    0.57899E+03
    0.38661E+00    0.55721E+03
    0.39442E+00    0.53515E+03
    0.40239E+00    0.51293E+03
    0.41052E+00    0.49110E+03
    0.41881E+00    0.47034E+03
    0.42727E+00    0.45104E+03
    0.43590E+00    0.43307E+03
    0.44471E+00    0.41603E+03
    0.45369E+00    0.39946E+03
    0.46286E+00    0.38308E+03
    0.47221E+00    0.36696E+03
    0.48174E+00    0.35145E+03
    0.49148E+00    0.33672E+03
    0.50141E+00    0.32283E+03
    0.51153E+00    0.30960E+03
    0.52187E+00    0.29680E+03
    0.53241E+00    0.28435E+03
    0.54317E+00    0.27228E+03
    0.55414E+00    0.26072E+03
    0.56533E+00    0.24972E+03
    0.57675E+00    0.23922E+03
    0.58840E+00    0.22911E+03
    0.60029E+00    0.21935E+03
    0.61242E+00    0.20996E+03
    0.62479E+00    0.20096E+03
    0.63741E+00    0.19235E+03
    0.65029E+00    0.18411E+03
    0.66342E+00    0.17620E+03
    0.67683E+00    0.16861E+03
    0.69050E+00    0.16132E+03
    0.70445E+00    0.15433E+03
    0.71868E+00    0.14762E+03
    0.73320E+00    0.14118E+03
    0.74801E+00    0.13502E+03
    0.76312E+00    0.12910E+03
    0.77854E+00    0.12344E+03
    0.79426E+00    0.11801E+03
    0.81031E+00    0.11281E+03
    0.82668E+00    0.10783E+03
    0.84338E+00    0.10306E+03
    0.86041E+00    0.98498E+02
    0.87780E+00    0.94127E+02
    0.89553E+00    0.89941E+02
    0.91362E+00    0.85935E+02
    0.93208E+00    0.82100E+02
    0.95091E+00    0.78429E+02
    0.97011E+00    0.74916E+02
    0.98971E+00    0.71553E+02
    0.10097E+01    0.68336E+02
    0.10301E+01    0.65258E+02
    0.10509E+01    0.62313E+02
    0.10721E+01    0.59496E+02
    0.10938E+01    0.56801E+02
    0.11159E+01    0.54224E+02
    0.11384E+01    0.51759E+02
    0.11614E+01    0.49403E+02
    0.11849E+01    0.47150E+02
    0.12088E+01    0.44996E+02
    0.12333E+01    0.42937E+02
    0.12582E+01    0.40969E+02
    0.12836E+01    0.39088E+02
    0.13095E+01    0.37290E+02
    0.13360E+01    0.35573E+02
    0.13630E+01    0.33932E+02
    0.13905E+01    0.32365E+02
    0.14186E+01    0.30867E+02
    0.14472E+01    0.29437E+02
    0.14765E+01    0.28071E+02
    0.15063E+01    0.26767E+02
    0.15367E+01    0.25522E+02
    0.15678E+01    0.24332E+02
    0.15994E+01    0.23197E+02
    0.16318E+01    0.22113E+02
    0.16647E+01    0.21079E+02
    0.16984E+01    0.20091E+02
    0.17327E+01    0.19149E+02
    0.17677E+01    0.18249E+02
    0.18034E+01    0.17390E+02
    0.18398E+01    0.16571E+02
    0.18770E+01    0.15789E+02
    0.19149E+01    0.15043E+02
    0.19536E+01    0.14331E+02
    0.19930E+01    0.13651E+02
    0.20333E+01    0.13003E+02
    0.20744E+01    0.12385E+02
    0.21163E+01    0.11795E+02
    0.21590E+01    0.11233E+02
    0.22026E+01    0.10697E+02
    0.22471E+01    0.10187E+02
    0.22925E+01    0.97000E+01
    0.23388E+01    0.92365E+01
    0.23861E+01    0.87949E+01
    0.24343E+01    0.83744E+01
