    0.10000E-03    0.10579E+04
    0.10202E-03    0.10786E+04
    0.10408E-03    0.10996E+04
    0.10618E-03    0.11211E+04
    0.10833E-03    0.11430E+04
    0.11052E-03    0.11653E+04
    0.11275E-03    0.11880E+04
    0.11503E-03    0.12112E+04
    0.11735E-03    0.12349E+04
    0.11972E-03    0.12590E+04
    0.12214E-03    0.12835E+04
    0.12461E-03    0.13086E+04
    0.12712E-03    0.13341E+04
    0.12969E-03    0.13601E+04
    0.13231E-03    0.13867E+04
    0.13499E-03    0.14137E+04
    0.13771E-03    0.14413E+04
    0.14049E-03    0.14694E+04
    0.14333E-03    0.14980E+04
    0.14623E-03    0.15272E+04
    0.14918E-03    0.15570E+04
    0.15220E-03    0.15873E+04
    0.15527E-03    0.16183E+04
    0.15841E-03    0.16498E+04
    0.16161E-03    0.16820E+04
    0.16487E-03    0.17147E+04
    0.16820E-03    0.17481E+04
    0.17160E-03    0.17822E+04
    0.17507E-03    0.18169E+04
    0.17860E-03    0.18522E+04
    0.18221E-03    0.18883E+04
    0.18589E-03    0.19250E+04
    0.18965E-03    0.19625E+04
    0.19348E-03    0.20006E+04
    0.19739E-03    0.20396E+04
    0.20138E-03    0.20792E+04
    0.20544E-03    0.21196E+04
    0.20959E-03    0.21608E+04
    0.21383E-03    0.22028E+04
    0.21815E-03    0.22456E+04
    0.22255E-03    0.22892E+04
    0.22705E-03    0.23337E+04
    0.23164E-03    0.23790E+04
    0.23632E-03    0.24251E+04
    0.24109E-03    0.24722E+04
    0.24596E-03    0.25201E+04
    0.25093E-03    0.25690E+04
    0.25600E-03    0.26188E+04
    0.26117E-03    0.26695E+04
    0.26645E-03    0.27212E+04
    0.27183E-03    0.27739E+04
    0.27732E-03    0.28275E+04
    0.28292E-03    0.28822E+04
    0.28864E-03    0.29380E+04
    0.29447E-03    0.29948E+04
    0.30042E-03    0.30526E+04
    0.30649E-03    0.31116E+04
    0.31268E-03    0.31716E+04
    0.31899E-03    0.32328E+04
    0.32544E-03    0.32951E+04
    0.33201E-03    0.33586E+04
    0.33872E-03    0.34233E+04
    0.34556E-03    0.34892E+04
    0.35254E-03    0.35563E+04
    0.35966E-03    0.36247E+04
    0.36693E-03    0.36944E+04
    0.37434E-03    0.37653E+04
    0.38190E-03    0.38376E+04
    0.38962E-03    0.39112E+04
    0.39749E-03    0.39861E+04
    0.40552E-03    0.40624E+04
    0.41371E-03    0.41402E+04
    0.42207E-03    0.42193E+04
    0.43060E-03    0.43000E+04
    0.43929E-03    0.43820E+04
    0.44817E-03    0.44656E+04
    0.45722E-03    0.45507E+04
    0.46646E-03    0.46373E+04
    0.47588E-03    0.47256E+04
    0.48550E-03    0.48154E+04
    0.49530E-03    0.49068E+04
    0.50531E-03    0.49998E+04
    0.51552E-03    0.50945E+04
    0.52593E-03    0.51909E+04
    0.53656E-03    0.52891E+04
    0.54739E-03    0.53889E+04
    0.55845E-03    0.54906E+04
    0.56973E-03    0.55940E+04
    0.58124E-03    0.56992E+04
    0.59299E-03    0.58063E+04
    0.60496E-03    0.59152E+04
    0.61719E-03    0.60261E+04
    0.62965E-03    0.61388E+04
    0.64237E-03    0.62535E+04
    0.65535E-03    0.63702E+04
    0.66859E-03    0.64889E+04
    0.68210E-03    0.66096E+04
    0.69588E-03    0.67323E+04
    0.70993E-03    0.68572E+04
    0.72427E-03    0.69841E+04
    0.73891E-03    0.71131E+04
    0.75383E-03    0.72443E+04
    0.76906E-03    0.73777E+04
    0.78460E-03    0.75133E+04
    0.80045E-03    0.76511E+04
    0.81662E-03    0.77912E+04
    0.83311E-03    0.79335E+04
    0.84994E-03    0.80781E+04
    0.86711E-03    0.82251E+04
    0.88463E-03    0.83743E+04
    0.90250E-03    0.85260E+04
    0.92073E-03    0.86800E+04
    0.93933E-03    0.88365E+04
    0.95831E-03    0.89954E+04
    0.97767E-03    0.91567E+04
    0.99742E-03    0.93205E+04
    0.10176E-02    0.94868E+04
    0.10381E-02    0.96556E+04
    0.10591E-02    0.98269E+04
    0.10805E-02    0.10001E+05
    0.11023E-02    0.10177E+05
    0.11246E-02    0.10356E+05
    0.11473E-02    0.10538E+05
    0.11705E-02    0.10722E+05
    0.11941E-02    0.10909E+05
    0.12182E-02    0.11098E+05
    0.12429E-02    0.11290E+05
    0.12680E-02    0.11485E+05
    0.12936E-02    0.11682E+05
    0.13197E-02    0.11882E+05
    0.13464E-02    0.12084E+05
    0.13736E-02    0.12289E+05
    0.14013E-02    0.12497E+05
    0.14296E-02    0.12708E+05
    0.14585E-02    0.12921E+05
    0.14880E-02    0.13137E+05
    0.15180E-02    0.13355E+05
    0.15487E-02    0.13576E+05
    0.15800E-02    0.13799E+05
    0.16119E-02    0.14026E+05
    0.16445E-02    0.14254E+05
    0.16777E-02    0.14486E+05
    0.17116E-02    0.14719E+05
    0.17462E-02    0.14956E+05
    0.17814E-02    0.15194E+05
    0.18174E-02    0.15436E+05
    0.18541E-02    0.15679E+05
    0.18916E-02    0.15925E+05
    0.19298E-02    0.16174E+05
    0.19688E-02    0.16425E+05
    0.20086E-02    0.16678E+05
    0.20491E-02    0.16933E+05
    0.20905E-02    0.17190E+05
    0.21328E-02    0.17450E+05
    0.21758E-02    0.17712E+05
    0.22198E-02    0.17975E+05
    0.22646E-02    0.18241E+05
    0.23104E-02    0.18508E+05
    0.23571E-02    0.18778E+05
    0.24047E-02    0.19049E+05
    0.24533E-02    0.19322E+05
    0.25028E-02    0.19597E+05
    0.25534E-02    0.19873E+05
    0.26050E-02    0.20150E+05
    0.26576E-02    0.20429E+05
    0.27113E-02    0.20710E+05
    0.27660E-02    0.20991E+05
    0.28219E-02    0.21274E+05
    0.28789E-02    0.21558E+05
    0.29371E-02    0.21842E+05
    0.29964E-02    0.22127E+05
    0.30569E-02    0.22413E+05
    0.31187E-02    0.22700E+05
    0.31817E-02    0.22987E+05
    0.32460E-02    0.23275E+05
    0.33115E-02    0.23562E+05
    0.33784E-02    0.23850E+05
    0.34467E-02    0.24137E+05
    0.35163E-02    0.24425E+05
    0.35874E-02    0.24712E+05
    0.36598E-02    0.24998E+05
    0.37338E-02    0.25284E+05
    0.38092E-02    0.25569E+05
    0.38861E-02    0.25853E+05
    0.39646E-02    0.26136E+05
    0.40447E-02    0.26418E+05
    0.41264E-02    0.26698E+05
    0.42098E-02    0.26976E+05
    0.42948E-02    0.27253E+05
    0.43816E-02    0.27527E+05
    0.44701E-02    0.27800E+05
    0.45604E-02    0.28070E+05
    0.46525E-02    0.28337E+05
    0.47465E-02    0.28602E+05
    0.48424E-02    0.28863E+05
    0.49402E-02    0.29122E+05
    0.50400E-02    0.29377E+05
    0.51419E-02    0.29628E+05
    0.52457E-02    0.29875E+05
    0.53517E-02    0.30117E+05
    0.54598E-02    0.30355E+05
    0.55701E-02    0.30588E+05
    0.56826E-02    0.30816E+05
    0.57974E-02    0.31039E+05
    0.59145E-02    0.31256E+05
    0.60340E-02    0.31467E+05
    0.61559E-02    0.31672E+05
    0.62803E-02    0.31871E+05
    0.64072E-02    0.32064E+05
    0.65366E-02    0.32250E+05
    0.66686E-02    0.32429E+05
    0.68033E-02    0.32600E+05
    0.69408E-02    0.32764E+05
    0.70810E-02    0.32921E+05
    0.72240E-02    0.33068E+05
    0.73700E-02    0.33208E+05
    0.75189E-02    0.33338E+05
    0.76708E-02    0.33460E+05
    0.78257E-02    0.33572E+05
    0.79838E-02    0.33674E+05
    0.81451E-02    0.33766E+05
    0.83096E-02    0.33847E+05
    0.84775E-02    0.33918E+05
    0.86488E-02    0.33978E+05
    0.88235E-02    0.34027E+05
    0.90017E-02    0.34064E+05
    0.91836E-02    0.34089E+05
    0.93691E-02    0.34102E+05
    0.95583E-02    0.34102E+05
    0.97514E-02    0.34089E+05
    0.99484E-02    0.34064E+05
    0.10149E-01    0.34025E+05
    0.10354E-01    0.33972E+05
    0.10564E-01    0.33905E+05
    0.10777E-01    0.33824E+05
    0.10995E-01    0.33729E+05
    0.11217E-01    0.33618E+05
    0.11443E-01    0.33492E+05
    0.11675E-01    0.33351E+05
    0.11910E-01    0.33195E+05
    0.12151E-01    0.33023E+05
    0.12397E-01    0.32834E+05
    0.12647E-01    0.32630E+05
    0.12902E-01    0.32409E+05
    0.13163E-01    0.32172E+05
    0.13429E-01    0.31919E+05
    0.13700E-01    0.31648E+05
    0.13977E-01    0.31361E+05
    0.14259E-01    0.31057E+05
    0.14547E-01    0.30737E+05
    0.14841E-01    0.30399E+05
    0.15141E-01    0.30046E+05
    0.15447E-01    0.29675E+05
    0.15759E-01    0.29288E+05
    0.16077E-01    0.28886E+05
    0.16402E-01    0.28467E+05
    0.16734E-01    0.28032E+05
    0.17072E-01    0.27583E+05
    0.17416E-01    0.27118E+05
    0.17768E-01    0.26639E+05
    0.18127E-01    0.26147E+05
    0.18493E-01    0.25641E+05
    0.18867E-01    0.25122E+05
    0.19248E-01    0.24592E+05
    0.19637E-01    0.24050E+05
    0.20034E-01    0.23499E+05
    0.20438E-01    0.22937E+05
    0.20851E-01    0.22368E+05
    0.21272E-01    0.21791E+05
    0.21702E-01    0.21208E+05
    0.22141E-01    0.20620E+05
    0.22588E-01    0.20027E+05
    0.23044E-01    0.19433E+05
    0.23510E-01    0.18836E+05
    0.23985E-01    0.18240E+05
    0.24469E-01    0.17645E+05
    0.24964E-01    0.17054E+05
    0.25468E-01    0.16466E+05
    0.25982E-01    0.15883E+05
    0.26507E-01    0.15308E+05
    0.27043E-01    0.14742E+05
    0.27589E-01    0.14185E+05
    0.28146E-01    0.13640E+05
    0.28715E-01    0.13107E+05
    0.29295E-01    0.12588E+05
    0.29887E-01    0.12084E+05
    0.30490E-01    0.11597E+05
    0.31106E-01    0.11126E+05
    0.31735E-01    0.10674E+05
    0.32376E-01    0.10242E+05
    0.33030E-01    0.98298E+04
    0.33697E-01    0.94391E+04
    0.34378E-01    0.90701E+04
    0.35072E-01    0.87230E+04
    0.35781E-01    0.83978E+04
    0.36504E-01    0.80943E+04
    0.37241E-01    0.78124E+04
    0.37993E-01    0.75519E+04
    0.38761E-01    0.73128E+04
    0.39544E-01    0.70954E+04
    0.40343E-01    0.68996E+04
    0.41158E-01    0.67255E+04
    0.41989E-01    0.65728E+04
    0.42838E-01    0.64395E+04
    0.43703E-01    0.63238E+04
    0.44586E-01    0.62242E+04
    0.45486E-01    0.61391E+04
    0.46405E-01    0.60672E+04
    0.47343E-01    0.60074E+04
    0.48299E-01    0.59586E+04
    0.49275E-01    0.59196E+04
    0.50270E-01    0.58881E+04
    0.51286E-01    0.58617E+04
    0.52322E-01    0.58376E+04
    0.53379E-01    0.58131E+04
    0.54457E-01    0.57853E+04
    0.55557E-01    0.57510E+04
    0.56680E-01    0.57073E+04
    0.57825E-01    0.56514E+04
    0.58993E-01    0.55809E+04
    0.60184E-01    0.54935E+04
    0.61400E-01    0.53876E+04
    0.62641E-01    0.52624E+04
    0.63906E-01    0.51176E+04
    0.65197E-01    0.49536E+04
    0.66514E-01    0.47718E+04
    0.67858E-01    0.45739E+04
    0.69229E-01    0.43622E+04
    0.70627E-01    0.41397E+04
    0.72054E-01    0.39094E+04
    0.73510E-01    0.36752E+04
    0.74994E-01    0.34406E+04
    0.76509E-01    0.32096E+04
    0.78055E-01    0.29868E+04
    0.79632E-01    0.27757E+04
    0.81241E-01    0.25804E+04
    0.82882E-01    0.24038E+04
    0.84556E-01    0.22482E+04
    0.86264E-01    0.21146E+04
    0.88007E-01    0.20036E+04
    0.89785E-01    0.19151E+04
    0.91598E-01    0.18476E+04
    0.93449E-01    0.17996E+04
    0.95337E-01    0.17691E+04
    0.97263E-01    0.17534E+04
    0.99227E-01    0.17500E+04
    0.10123E+00    0.17552E+04
    0.10328E+00    0.17651E+04
    0.10536E+00    0.17755E+04
    0.10749E+00    0.17817E+04
    0.10966E+00    0.17797E+04
    0.11188E+00    0.17658E+04
    0.11414E+00    0.17371E+04
    0.11644E+00    0.16915E+04
    0.11880E+00    0.16285E+04
    0.12120E+00    0.15491E+04
    0.12365E+00    0.14564E+04
    0.12614E+00    0.13552E+04
    0.12869E+00    0.12514E+04
    0.13129E+00    0.11507E+04
    0.13394E+00    0.10576E+04
    0.13665E+00    0.97551E+03
    0.13941E+00    0.90659E+03
    0.14223E+00    0.85222E+03
    0.14510E+00    0.81301E+03
    0.14803E+00    0.78820E+03
    0.15102E+00    0.77591E+03
    0.15407E+00    0.77271E+03
    0.15718E+00    0.77458E+03
    0.16036E+00    0.77709E+03
    0.16360E+00    0.77616E+03
    0.16690E+00    0.76830E+03
    0.17028E+00    0.75103E+03
    0.17371E+00    0.72329E+03
    0.17722E+00    0.68593E+03
    0.18080E+00    0.64168E+03
    0.18446E+00    0.59452E+03
    0.18818E+00    0.54861E+03
    0.19198E+00    0.50751E+03
    0.19586E+00    0.47391E+03
    0.19982E+00    0.44917E+03
    0.20386E+00    0.43297E+03
    0.20797E+00    0.42345E+03
    0.21218E+00    0.41806E+03
    0.21646E+00    0.41400E+03
    0.22083E+00    0.40836E+03
    0.22530E+00    0.39864E+03
    0.22985E+00    0.38366E+03
    0.23449E+00    0.36395E+03
    0.23923E+00    0.34146E+03
    0.24406E+00    0.31874E+03
    0.24899E+00    0.29809E+03
    0.25402E+00    0.28122E+03
    0.25915E+00    0.26880E+03
    0.26439E+00    0.26013E+03
    0.26973E+00    0.25369E+03
    0.27518E+00    0.24767E+03
    0.28074E+00    0.24048E+03
    0.28641E+00    0.23124E+03
    0.29219E+00    0.21997E+03
    0.29810E+00    0.20768E+03
    0.30412E+00    0.19579E+03
    0.31026E+00    0.18541E+03
    0.31653E+00    0.17706E+03
    0.32292E+00    0.17041E+03
    0.32945E+00    0.16472E+03
    0.33610E+00    0.15903E+03
    0.34289E+00    0.15268E+03
    0.34982E+00    0.14561E+03
    0.35689E+00    0.13822E+03
    0.36409E+00    0.13117E+03
    0.37145E+00    0.12497E+03
    0.37895E+00    0.11964E+03
    0.38661E+00    0.11491E+03
    0.39442E+00    0.11032E+03
    0.40239E+00    0.10558E+03
    0.41052E+00    0.10066E+03
    0.41881E+00    0.95819E+02
    0.42727E+00    0.91311E+02
    0.43590E+00    0.87234E+02
    0.44471E+00    0.83495E+02
    0.45369E+00    0.79901E+02
    0.46286E+00    0.76326E+02
    0.47221E+00    0.72786E+02
    0.48174E+00    0.69402E+02
    0.49148E+00    0.66243E+02
    0.50141E+00    0.63274E+02
    0.51153E+00    0.60448E+02
    0.52187E+00    0.57709E+02
    0.53241E+00    0.55047E+02
    0.54317E+00    0.52508E+02
    0.55414E+00    0.50108E+02
    0.56533E+00    0.47822E+02
    0.57675E+00    0.45635E+02
    0.58840E+00    0.43542E+02
    0.60029E+00    0.41540E+02
    0.61242E+00    0.39624E+02
    0.62479E+00    0.37793E+02
    0.63741E+00    0.36043E+02
    0.65029E+00    0.34371E+02
    0.66342E+00    0.32773E+02
    0.67683E+00    0.31247E+02
    0.69050E+00    0.29791E+02
    0.70445E+00    0.28401E+02
    0.71868E+00    0.27074E+02
    0.73320E+00    0.25808E+02
    0.74801E+00    0.24600E+02
    0.76312E+00    0.23447E+02
    0.77854E+00    0.22346E+02
    0.79426E+00    0.21297E+02
    0.81031E+00    0.20295E+02
    0.82668E+00    0.19339E+02
    0.84338E+00    0.18427E+02
    0.86041E+00    0.17557E+02
    0.87780E+00    0.16727E+02
    0.89553E+00    0.15935E+02
    0.91362E+00    0.15180E+02
    0.93208E+00    0.14459E+02
    0.95091E+00    0.13772E+02
    0.97011E+00    0.13117E+02
    0.98971E+00    0.12492E+02
    0.10097E+01    0.11896E+02
    0.10301E+01    0.11327E+02
    0.10509E+01    0.10786E+02
    0.10721E+01    0.10269E+02
    0.10938E+01    0.97771E+01
    0.11159E+01    0.93079E+01
    0.11384E+01    0.88608E+01
    0.11614E+01    0.84347E+01
    0.11849E+01    0.80286E+01
    0.12088E+01    0.76417E+01
    0.12333E+01    0.72731E+01
    0.12582E+01    0.69218E+01
    0.12836E+01    0.65872E+01
    0.13095E+01    0.62684E+01
    0.13360E+01    0.59648E+01
    0.13630E+01    0.56756E+01
    0.13905E+01    0.54001E+01
    0.14186E+01    0.51378E+01
    0.14472E+01    0.48879E+01
    0.14765E+01    0.46500E+01
    0.15063E+01    0.44234E+01
    0.15367E+01    0.42076E+01
    0.15678E+01    0.40022E+01
    0.15994E+01    0.38065E+01
    0.16318E+01    0.36202E+01
    0.16647E+01    0.34429E+01
    0.16984E+01    0.32740E+01
    0.17327E+01    0.31132E+01
    0.17677E+01    0.29602E+01
    0.18034E+01    0.28145E+01
    0.18398E+01    0.26759E+01
    0.18770E+01    0.25441E+01
    0.19149E+01    0.24186E+01
    0.19536E+01    0.22993E+01
    0.19930E+01    0.21858E+01
    0.20333E+01    0.20778E+01
    0.20744E+01    0.19752E+01
    0.21163E+01    0.18776E+01
