    0.10000E-03    0.45920E+03
    0.10202E-03    0.46818E+03
    0.10408E-03    0.47733E+03
    0.10618E-03    0.48666E+03
    0.10833E-03    0.49617E+03
    0.11052E-03    0.50586E+03
    0.11275E-03    0.51575E+03
    0.11503E-03    0.52583E+03
    0.11735E-03    0.53610E+03
    0.11972E-03    0.54658E+03
    0.12214E-03    0.55726E+03
    0.12461E-03    0.56815E+03
    0.12712E-03    0.57925E+03
    0.12969E-03    0.59057E+03
    0.13231E-03    0.60210E+03
    0.13499E-03    0.61387E+03
    0.13771E-03    0.62586E+03
    0.14049E-03    0.63809E+03
    0.14333E-03    0.65055E+03
    0.14623E-03    0.66326E+03
    0.14918E-03    0.67622E+03
    0.15220E-03    0.68942E+03
    0.15527E-03    0.70289E+03
    0.15841E-03    0.71662E+03
    0.16161E-03    0.73061E+03
    0.16487E-03    0.74488E+03
    0.16820E-03    0.75942E+03
    0.17160E-03    0.77425E+03
    0.17507E-03    0.78937E+03
    0.17860E-03    0.80478E+03
    0.18221E-03    0.82049E+03
    0.18589E-03    0.83651E+03
    0.18965E-03    0.85284E+03
    0.19348E-03    0.86949E+03
    0.19739E-03    0.88646E+03
    0.20138E-03    0.90376E+03
    0.20544E-03    0.92139E+03
    0.20959E-03    0.93937E+03
    0.21383E-03    0.95770E+03
    0.21815E-03    0.97638E+03
    0.22255E-03    0.99543E+03
    0.22705E-03    0.10148E+04
    0.23164E-03    0.10346E+04
    0.23632E-03    0.10548E+04
    0.24109E-03    0.10754E+04
    0.24596E-03    0.10964E+04
    0.25093E-03    0.11177E+04
    0.25600E-03    0.11395E+04
    0.26117E-03    0.11617E+04
    0.26645E-03    0.11844E+04
    0.27183E-03    0.12074E+04
    0.27732E-03    0.12310E+04
    0.28292E-03    0.12549E+04
    0.28864E-03    0.12794E+04
    0.29447E-03    0.13043E+04
    0.30042E-03    0.13297E+04
    0.30649E-03    0.13556E+04
    0.31268E-03    0.13820E+04
    0.31899E-03    0.14089E+04
    0.32544E-03    0.14363E+04
    0.33201E-03    0.14642E+04
    0.33872E-03    0.14927E+04
    0.34556E-03    0.15217E+04
    0.35254E-03    0.15513E+04
    0.35966E-03    0.15815E+04
    0.36693E-03    0.16122E+04
    0.37434E-03    0.16435E+04
    0.38190E-03    0.16754E+04
    0.38962E-03    0.17080E+04
    0.39749E-03    0.17411E+04
    0.40552E-03    0.17749E+04
    0.41371E-03    0.18093E+04
    0.42207E-03    0.18444E+04
    0.43060E-03    0.18802E+04
    0.43929E-03    0.19166E+04
    0.44817E-03    0.19538E+04
    0.45722E-03    0.19916E+04
    0.46646E-03    0.20302E+04
    0.47588E-03    0.20695E+04
    0.48550E-03    0.21095E+04
    0.49530E-03    0.21503E+04
    0.50531E-03    0.21919E+04
    0.51552E-03    0.22343E+04
    0.52593E-03    0.22774E+04
    0.53656E-03    0.23214E+04
    0.54739E-03    0.23662E+04
    0.55845E-03    0.24119E+04
    0.56973E-03    0.24584E+04
    0.58124E-03    0.25057E+04
    0.59299E-03    0.25540E+04
    0.60496E-03    0.26032E+04
    0.61719E-03    0.26533E+04
    0.62965E-03    0.27043E+04
    0.64237E-03    0.27563E+04
    0.65535E-03    0.28092E+04
    0.66859E-03    0.28632E+04
    0.68210E-03    0.29181E+04
    0.69588E-03    0.29740E+04
    0.70993E-03    0.30310E+04
    0.72427E-03    0.30890E+04
    0.73891E-03    0.31481E+04
    0.75383E-03    0.32083E+04
    0.76906E-03    0.32696E+04
    0.78460E-03    0.33320E+04
    0.80045E-03    0.33956E+04
    0.81662E-03    0.34603E+04
    0.83311E-03    0.35262E+04
    0.84994E-03    0.35933E+04
    0.86711E-03    0.36616E+04
    0.88463E-03    0.37311E+04
    0.90250E-03    0.38019E+04
    0.92073E-03    0.38739E+04
    0.93933E-03    0.39473E+04
    0.95831E-03    0.40220E+04
    0.97767E-03    0.40980E+04
    0.99742E-03    0.41753E+04
    0.10176E-02    0.42540E+04
    0.10381E-02    0.43341E+04
    0.10591E-02    0.44156E+04
    0.10805E-02    0.44986E+04
    0.11023E-02    0.45830E+04
    0.11246E-02    0.46689E+04
    0.11473E-02    0.47562E+04
    0.11705E-02    0.48451E+04
    0.11941E-02    0.49355E+04
    0.12182E-02    0.50275E+04
    0.12429E-02    0.51211E+04
    0.12680E-02    0.52162E+04
    0.12936E-02    0.53130E+04
    0.13197E-02    0.54114E+04
    0.13464E-02    0.55114E+04
    0.13736E-02    0.56131E+04
    0.14013E-02    0.57165E+04
    0.14296E-02    0.58217E+04
    0.14585E-02    0.59286E+04
    0.14880E-02    0.60372E+04
    0.15180E-02    0.61476E+04
    0.15487E-02    0.62598E+04
    0.15800E-02    0.63738E+04
    0.16119E-02    0.64896E+04
    0.16445E-02    0.66073E+04
    0.16777E-02    0.67269E+04
    0.17116E-02    0.68483E+04
    0.17462E-02    0.69717E+04
    0.17814E-02    0.70969E+04
    0.18174E-02    0.72241E+04
    0.18541E-02    0.73533E+04
    0.18916E-02    0.74844E+04
    0.19298E-02    0.76175E+04
    0.19688E-02    0.77526E+04
    0.20086E-02    0.78897E+04
    0.20491E-02    0.80288E+04
    0.20905E-02    0.81699E+04
    0.21328E-02    0.83131E+04
    0.21758E-02    0.84584E+04
    0.22198E-02    0.86057E+04
    0.22646E-02    0.87551E+04
    0.23104E-02    0.89066E+04
    0.23571E-02    0.90601E+04
    0.24047E-02    0.92158E+04
    0.24533E-02    0.93735E+04
    0.25028E-02    0.95334E+04
    0.25534E-02    0.96953E+04
    0.26050E-02    0.98594E+04
    0.26576E-02    0.10026E+05
    0.27113E-02    0.10194E+05
    0.27660E-02    0.10364E+05
    0.28219E-02    0.10537E+05
    0.28789E-02    0.10711E+05
    0.29371E-02    0.10888E+05
    0.29964E-02    0.11067E+05
    0.30569E-02    0.11247E+05
    0.31187E-02    0.11430E+05
    0.31817E-02    0.11615E+05
    0.32460E-02    0.11802E+05
    0.33115E-02    0.11991E+05
    0.33784E-02    0.12182E+05
    0.34467E-02    0.12375E+05
    0.35163E-02    0.12570E+05
    0.35874E-02    0.12767E+05
    0.36598E-02    0.12966E+05
    0.37338E-02    0.13166E+05
    0.38092E-02    0.13369E+05
    0.38861E-02    0.13573E+05
    0.39646E-02    0.13779E+05
    0.40447E-02    0.13987E+05
    0.41264E-02    0.14196E+05
    0.42098E-02    0.14407E+05
    0.42948E-02    0.14620E+05
    0.43816E-02    0.14834E+05
    0.44701E-02    0.15050E+05
    0.45604E-02    0.15267E+05
    0.46525E-02    0.15486E+05
    0.47465E-02    0.15706E+05
    0.48424E-02    0.15927E+05
    0.49402E-02    0.16149E+05
    0.50400E-02    0.16373E+05
    0.51419E-02    0.16597E+05
    0.52457E-02    0.16823E+05
    0.53517E-02    0.17049E+05
    0.54598E-02    0.17276E+05
    0.55701E-02    0.17504E+05
    0.56826E-02    0.17732E+05
    0.57974E-02    0.17961E+05
    0.59145E-02    0.18191E+05
    0.60340E-02    0.18420E+05
    0.61559E-02    0.18650E+05
    0.62803E-02    0.18880E+05
    0.64072E-02    0.19110E+05
    0.65366E-02    0.19340E+05
    0.66686E-02    0.19569E+05
    0.68033E-02    0.19798E+05
    0.69408E-02    0.20026E+05
    0.70810E-02    0.20253E+05
    0.72240E-02    0.20480E+05
    0.73700E-02    0.20705E+05
    0.75189E-02    0.20929E+05
    0.76708E-02    0.21152E+05
    0.78257E-02    0.21373E+05
    0.79838E-02    0.21592E+05
    0.81451E-02    0.21810E+05
    0.83096E-02    0.22026E+05
    0.84775E-02    0.22239E+05
    0.86488E-02    0.22450E+05
    0.88235E-02    0.22658E+05
    0.90017E-02    0.22863E+05
    0.91836E-02    0.23065E+05
    0.93691E-02    0.23264E+05
    0.95583E-02    0.23460E+05
    0.97514E-02    0.23651E+05
    0.99484E-02    0.23839E+05
    0.10149E-01    0.24022E+05
    0.10354E-01    0.24201E+05
    0.10564E-01    0.24375E+05
    0.10777E-01    0.24544E+05
    0.10995E-01    0.24708E+05
    0.11217E-01    0.24867E+05
    0.11443E-01    0.25019E+05
    0.11675E-01    0.25166E+05
    0.11910E-01    0.25306E+05
    0.12151E-01    0.25440E+05
    0.12397E-01    0.25566E+05
    0.12647E-01    0.25686E+05
    0.12902E-01    0.25798E+05
    0.13163E-01    0.25903E+05
    0.13429E-01    0.25999E+05
    0.13700E-01    0.26088E+05
    0.13977E-01    0.26167E+05
    0.14259E-01    0.26238E+05
    0.14547E-01    0.26299E+05
    0.14841E-01    0.26352E+05
    0.15141E-01    0.26394E+05
    0.15447E-01    0.26426E+05
    0.15759E-01    0.26449E+05
    0.16077E-01    0.26460E+05
    0.16402E-01    0.26461E+05
    0.16734E-01    0.26451E+05
    0.17072E-01    0.26429E+05
    0.17416E-01    0.26397E+05
    0.17768E-01    0.26352E+05
    0.18127E-01    0.26296E+05
    0.18493E-01    0.26227E+05
    0.18867E-01    0.26146E+05
    0.19248E-01    0.26053E+05
    0.19637E-01    0.25948E+05
    0.20034E-01    0.25830E+05
    0.20438E-01    0.25700E+05
    0.20851E-01    0.25557E+05
    0.21272E-01    0.25401E+05
    0.21702E-01    0.25233E+05
    0.22141E-01    0.25052E+05
    0.22588E-01    0.24859E+05
    0.23044E-01    0.24653E+05
    0.23510E-01    0.24436E+05
    0.23985E-01    0.24206E+05
    0.24469E-01    0.23965E+05
    0.24964E-01    0.23713E+05
    0.25468E-01    0.23450E+05
    0.25982E-01    0.23177E+05
    0.26507E-01    0.22893E+05
    0.27043E-01    0.22600E+05
    0.27589E-01    0.22298E+05
    0.28146E-01    0.21987E+05
    0.28715E-01    0.21669E+05
    0.29295E-01    0.21344E+05
    0.29887E-01    0.21012E+05
    0.30490E-01    0.20676E+05
    0.31106E-01    0.20334E+05
    0.31735E-01    0.19988E+05
    0.32376E-01    0.19640E+05
    0.33030E-01    0.19289E+05
    0.33697E-01    0.18938E+05
    0.34378E-01    0.18586E+05
    0.35072E-01    0.18235E+05
    0.35781E-01    0.17885E+05
    0.36504E-01    0.17538E+05
    0.37241E-01    0.17195E+05
    0.37993E-01    0.16856E+05
    0.38761E-01    0.16524E+05
    0.39544E-01    0.16197E+05
    0.40343E-01    0.15878E+05
    0.41158E-01    0.15567E+05
    0.41989E-01    0.15263E+05
    0.42838E-01    0.14967E+05
    0.43703E-01    0.14681E+05
    0.44586E-01    0.14404E+05
    0.45486E-01    0.14137E+05
    0.46405E-01    0.13883E+05
    0.47343E-01    0.13641E+05
    0.48299E-01    0.13411E+05
    0.49275E-01    0.13193E+05
    0.50270E-01    0.12986E+05
    0.51286E-01    0.12789E+05
    0.52322E-01    0.12600E+05
    0.53379E-01    0.12418E+05
    0.54457E-01    0.12244E+05
    0.55557E-01    0.12075E+05
    0.56680E-01    0.11911E+05
    0.57825E-01    0.11752E+05
    0.58993E-01    0.11595E+05
    0.60184E-01    0.11440E+05
    0.61400E-01    0.11286E+05
    0.62641E-01    0.11131E+05
    0.63906E-01    0.10973E+05
    0.65197E-01    0.10811E+05
    0.66514E-01    0.10642E+05
    0.67858E-01    0.10466E+05
    0.69229E-01    0.10280E+05
    0.70627E-01    0.10082E+05
    0.72054E-01    0.98732E+04
    0.73510E-01    0.96515E+04
    0.74994E-01    0.94173E+04
    0.76509E-01    0.91715E+04
    0.78055E-01    0.89149E+04
    0.79632E-01    0.86491E+04
    0.81241E-01    0.83765E+04
    0.82882E-01    0.80991E+04
    0.84556E-01    0.78197E+04
    0.86264E-01    0.75406E+04
    0.88007E-01    0.72645E+04
    0.89785E-01    0.69938E+04
    0.91598E-01    0.67308E+04
    0.93449E-01    0.64782E+04
    0.95337E-01    0.62382E+04
    0.97263E-01    0.60128E+04
    0.99227E-01    0.58038E+04
    0.10123E+00    0.56128E+04
    0.10328E+00    0.54407E+04
    0.10536E+00    0.52874E+04
    0.10749E+00    0.51526E+04
    0.10966E+00    0.50345E+04
    0.11188E+00    0.49307E+04
    0.11414E+00    0.48384E+04
    0.11644E+00    0.47539E+04
    0.11880E+00    0.46736E+04
    0.12120E+00    0.45936E+04
    0.12365E+00    0.45104E+04
    0.12614E+00    0.44209E+04
    0.12869E+00    0.43224E+04
    0.13129E+00    0.42134E+04
    0.13394E+00    0.40931E+04
    0.13665E+00    0.39617E+04
    0.13941E+00    0.38205E+04
    0.14223E+00    0.36716E+04
    0.14510E+00    0.35178E+04
    0.14803E+00    0.33626E+04
    0.15102E+00    0.32098E+04
    0.15407E+00    0.30636E+04
    0.15718E+00    0.29277E+04
    0.16036E+00    0.28054E+04
    0.16360E+00    0.26986E+04
    0.16690E+00    0.26073E+04
    0.17028E+00    0.25301E+04
    0.17371E+00    0.24646E+04
    0.17722E+00    0.24074E+04
    0.18080E+00    0.23552E+04
    0.18446E+00    0.23044E+04
    0.18818E+00    0.22513E+04
    0.19198E+00    0.21926E+04
    0.19586E+00    0.21260E+04
    0.19982E+00    0.20509E+04
    0.20386E+00    0.19689E+04
    0.20797E+00    0.18828E+04
    0.21218E+00    0.17962E+04
    0.21646E+00    0.17126E+04
    0.22083E+00    0.16349E+04
    0.22530E+00    0.15656E+04
    0.22985E+00    0.15057E+04
    0.23449E+00    0.14548E+04
    0.23923E+00    0.14113E+04
    0.24406E+00    0.13724E+04
    0.24899E+00    0.13350E+04
    0.25402E+00    0.12961E+04
    0.25915E+00    0.12535E+04
    0.26439E+00    0.12068E+04
    0.26973E+00    0.11569E+04
    0.27518E+00    0.11058E+04
    0.28074E+00    0.10559E+04
    0.28641E+00    0.10092E+04
    0.29219E+00    0.96759E+03
    0.29810E+00    0.93127E+03
    0.30412E+00    0.89925E+03
    0.31026E+00    0.86974E+03
    0.31653E+00    0.84092E+03
    0.32292E+00    0.81129E+03
    0.32945E+00    0.78005E+03
    0.33610E+00    0.74755E+03
    0.34289E+00    0.71512E+03
    0.34982E+00    0.68422E+03
    0.35689E+00    0.65574E+03
    0.36409E+00    0.62994E+03
    0.37145E+00    0.60643E+03
    0.37895E+00    0.58421E+03
    0.38661E+00    0.56223E+03
    0.39442E+00    0.53997E+03
    0.40239E+00    0.51756E+03
    0.41052E+00    0.49553E+03
    0.41881E+00    0.47458E+03
    0.42727E+00    0.45510E+03
    0.43590E+00    0.43697E+03
    0.44471E+00    0.41978E+03
    0.45369E+00    0.40306E+03
    0.46286E+00    0.38653E+03
    0.47221E+00    0.37027E+03
    0.48174E+00    0.35461E+03
    0.49148E+00    0.33975E+03
    0.50141E+00    0.32574E+03
    0.51153E+00    0.31239E+03
    0.52187E+00    0.29948E+03
    0.53241E+00    0.28691E+03
    0.54317E+00    0.27473E+03
    0.55414E+00    0.26307E+03
    0.56533E+00    0.25197E+03
    0.57675E+00    0.24138E+03
    0.58840E+00    0.23117E+03
    0.60029E+00    0.22133E+03
    0.61242E+00    0.21185E+03
    0.62479E+00    0.20277E+03
    0.63741E+00    0.19409E+03
    0.65029E+00    0.18577E+03
    0.66342E+00    0.17779E+03
    0.67683E+00    0.17013E+03
    0.69050E+00    0.16277E+03
    0.70445E+00    0.15572E+03
    0.71868E+00    0.14895E+03
    0.73320E+00    0.14246E+03
    0.74801E+00    0.13623E+03
    0.76312E+00    0.13027E+03
    0.77854E+00    0.12455E+03
    0.79426E+00    0.11907E+03
    0.81031E+00    0.11383E+03
    0.82668E+00    0.10880E+03
    0.84338E+00    0.10399E+03
    0.86041E+00    0.99386E+02
    0.87780E+00    0.94975E+02
    0.89553E+00    0.90752E+02
    0.91362E+00    0.86709E+02
    0.93208E+00    0.82839E+02
    0.95091E+00    0.79135E+02
    0.97011E+00    0.75590E+02
    0.98971E+00    0.72198E+02
    0.10097E+01    0.68952E+02
    0.10301E+01    0.65846E+02
    0.10509E+01    0.62874E+02
    0.10721E+01    0.60032E+02
    0.10938E+01    0.57313E+02
    0.11159E+01    0.54712E+02
    0.11384E+01    0.52226E+02
    0.11614E+01    0.49848E+02
    0.11849E+01    0.47574E+02
    0.12088E+01    0.45401E+02
    0.12333E+01    0.43323E+02
    0.12582E+01    0.41338E+02
    0.12836E+01    0.39440E+02
    0.13095E+01    0.37626E+02
    0.13360E+01    0.35893E+02
    0.13630E+01    0.34238E+02
    0.13905E+01    0.32656E+02
    0.14186E+01    0.31145E+02
    0.14472E+01    0.29702E+02
    0.14765E+01    0.28324E+02
    0.15063E+01    0.27008E+02
    0.15367E+01    0.25752E+02
    0.15678E+01    0.24552E+02
    0.15994E+01    0.23406E+02
    0.16318E+01    0.22313E+02
    0.16647E+01    0.21269E+02
    0.16984E+01    0.20272E+02
    0.17327E+01    0.19321E+02
    0.17677E+01    0.18414E+02
    0.18034E+01    0.17547E+02
    0.18398E+01    0.16720E+02
    0.18770E+01    0.15931E+02
    0.19149E+01    0.15178E+02
    0.19536E+01    0.14460E+02
    0.19930E+01    0.13774E+02
    0.20333E+01    0.13120E+02
    0.20744E+01    0.12496E+02
    0.21163E+01    0.11901E+02
    0.21590E+01    0.11334E+02
    0.22026E+01    0.10794E+02
    0.22471E+01    0.10278E+02
    0.22925E+01    0.97874E+01
    0.23388E+01    0.93197E+01
    0.23861E+01    0.88742E+01
    0.24343E+01    0.84498E+01
