    0.10000E-03    0.10908E+04
    0.10202E-03    0.11121E+04
    0.10408E-03    0.11339E+04
    0.10618E-03    0.11560E+04
    0.10833E-03    0.11786E+04
    0.11052E-03    0.12016E+04
    0.11275E-03    0.12250E+04
    0.11503E-03    0.12489E+04
    0.11735E-03    0.12733E+04
    0.11972E-03    0.12981E+04
    0.12214E-03    0.13235E+04
    0.12461E-03    0.13493E+04
    0.12712E-03    0.13756E+04
    0.12969E-03    0.14024E+04
    0.13231E-03    0.14298E+04
    0.13499E-03    0.14577E+04
    0.13771E-03    0.14861E+04
    0.14049E-03    0.15151E+04
    0.14333E-03    0.15446E+04
    0.14623E-03    0.15747E+04
    0.14918E-03    0.16054E+04
    0.15220E-03    0.16367E+04
    0.15527E-03    0.16686E+04
    0.15841E-03    0.17011E+04
    0.16161E-03    0.17342E+04
    0.16487E-03    0.17680E+04
    0.16820E-03    0.18024E+04
    0.17160E-03    0.18375E+04
    0.17507E-03    0.18733E+04
    0.17860E-03    0.19097E+04
    0.18221E-03    0.19469E+04
    0.18589E-03    0.19848E+04
    0.18965E-03    0.20234E+04
    0.19348E-03    0.20627E+04
    0.19739E-03    0.21028E+04
    0.20138E-03    0.21437E+04
    0.20544E-03    0.21854E+04
    0.20959E-03    0.22278E+04
    0.21383E-03    0.22711E+04
    0.21815E-03    0.23152E+04
    0.22255E-03    0.23602E+04
    0.22705E-03    0.24060E+04
    0.23164E-03    0.24526E+04
    0.23632E-03    0.25002E+04
    0.24109E-03    0.25487E+04
    0.24596E-03    0.25981E+04
    0.25093E-03    0.26484E+04
    0.25600E-03    0.26997E+04
    0.26117E-03    0.27520E+04
    0.26645E-03    0.28053E+04
    0.27183E-03    0.28596E+04
    0.27732E-03    0.29149E+04
    0.28292E-03    0.29712E+04
    0.28864E-03    0.30286E+04
    0.29447E-03    0.30871E+04
    0.30042E-03    0.31468E+04
    0.30649E-03    0.32075E+04
    0.31268E-03    0.32693E+04
    0.31899E-03    0.33324E+04
    0.32544E-03    0.33966E+04
    0.33201E-03    0.34620E+04
    0.33872E-03    0.35286E+04
    0.34556E-03    0.35965E+04
    0.35254E-03    0.36656E+04
    0.35966E-03    0.37360E+04
    0.36693E-03    0.38078E+04
    0.37434E-03    0.38808E+04
    0.38190E-03    0.39552E+04
    0.38962E-03    0.40310E+04
    0.39749E-03    0.41082E+04
    0.40552E-03    0.41867E+04
    0.41371E-03    0.42668E+04
    0.42207E-03    0.43483E+04
    0.43060E-03    0.44312E+04
    0.43929E-03    0.45157E+04
    0.44817E-03    0.46017E+04
    0.45722E-03    0.46893E+04
    0.46646E-03    0.47785E+04
    0.47588E-03    0.48692E+04
    0.48550E-03    0.49616E+04
    0.49530E-03    0.50557E+04
    0.50531E-03    0.51514E+04
    0.51552E-03    0.52488E+04
    0.52593E-03    0.53480E+04
    0.53656E-03    0.54489E+04
    0.54739E-03    0.55516E+04
    0.55845E-03    0.56562E+04
    0.56973E-03    0.57625E+04
    0.58124E-03    0.58707E+04
    0.59299E-03    0.59808E+04
    0.60496E-03    0.60928E+04
    0.61719E-03    0.62067E+04
    0.62965E-03    0.63226E+04
    0.64237E-03    0.64405E+04
    0.65535E-03    0.65604E+04
    0.66859E-03    0.66823E+04
    0.68210E-03    0.68063E+04
    0.69588E-03    0.69324E+04
    0.70993E-03    0.70606E+04
    0.72427E-03    0.71910E+04
    0.73891E-03    0.73235E+04
    0.75383E-03    0.74582E+04
    0.76906E-03    0.75951E+04
    0.78460E-03    0.77343E+04
    0.80045E-03    0.78757E+04
    0.81662E-03    0.80195E+04
    0.83311E-03    0.81655E+04
    0.84994E-03    0.83139E+04
    0.86711E-03    0.84646E+04
    0.88463E-03    0.86177E+04
    0.90250E-03    0.87732E+04
    0.92073E-03    0.89312E+04
    0.93933E-03    0.90915E+04
    0.95831E-03    0.92544E+04
    0.97767E-03    0.94197E+04
    0.99742E-03    0.95875E+04
    0.10176E-02    0.97579E+04
    0.10381E-02    0.99307E+04
    0.10591E-02    0.10106E+05
    0.10805E-02    0.10284E+05
    0.11023E-02    0.10465E+05
    0.11246E-02    0.10648E+05
    0.11473E-02    0.10834E+05
    0.11705E-02    0.11022E+05
    0.11941E-02    0.11213E+05
    0.12182E-02    0.11407E+05
    0.12429E-02    0.11603E+05
    0.12680E-02    0.11802E+05
    0.12936E-02    0.12003E+05
    0.13197E-02    0.12207E+05
    0.13464E-02    0.12414E+05
    0.13736E-02    0.12624E+05
    0.14013E-02    0.12836E+05
    0.14296E-02    0.13051E+05
    0.14585E-02    0.13268E+05
    0.14880E-02    0.13488E+05
    0.15180E-02    0.13710E+05
    0.15487E-02    0.13936E+05
    0.15800E-02    0.14163E+05
    0.16119E-02    0.14394E+05
    0.16445E-02    0.14627E+05
    0.16777E-02    0.14862E+05
    0.17116E-02    0.15100E+05
    0.17462E-02    0.15340E+05
    0.17814E-02    0.15583E+05
    0.18174E-02    0.15828E+05
    0.18541E-02    0.16076E+05
    0.18916E-02    0.16325E+05
    0.19298E-02    0.16578E+05
    0.19688E-02    0.16832E+05
    0.20086E-02    0.17089E+05
    0.20491E-02    0.17348E+05
    0.20905E-02    0.17608E+05
    0.21328E-02    0.17871E+05
    0.21758E-02    0.18136E+05
    0.22198E-02    0.18403E+05
    0.22646E-02    0.18672E+05
    0.23104E-02    0.18943E+05
    0.23571E-02    0.19215E+05
    0.24047E-02    0.19489E+05
    0.24533E-02    0.19765E+05
    0.25028E-02    0.20042E+05
    0.25534E-02    0.20320E+05
    0.26050E-02    0.20600E+05
    0.26576E-02    0.20881E+05
    0.27113E-02    0.21163E+05
    0.27660E-02    0.21447E+05
    0.28219E-02    0.21731E+05
    0.28789E-02    0.22016E+05
    0.29371E-02    0.22302E+05
    0.29964E-02    0.22588E+05
    0.30569E-02    0.22875E+05
    0.31187E-02    0.23162E+05
    0.31817E-02    0.23450E+05
    0.32460E-02    0.23737E+05
    0.33115E-02    0.24025E+05
    0.33784E-02    0.24313E+05
    0.34467E-02    0.24600E+05
    0.35163E-02    0.24887E+05
    0.35874E-02    0.25173E+05
    0.36598E-02    0.25458E+05
    0.37338E-02    0.25743E+05
    0.38092E-02    0.26026E+05
    0.38861E-02    0.26308E+05
    0.39646E-02    0.26589E+05
    0.40447E-02    0.26868E+05
    0.41264E-02    0.27145E+05
    0.42098E-02    0.27421E+05
    0.42948E-02    0.27695E+05
    0.43816E-02    0.27967E+05
    0.44701E-02    0.28236E+05
    0.45604E-02    0.28502E+05
    0.46525E-02    0.28765E+05
    0.47465E-02    0.29024E+05
    0.48424E-02    0.29280E+05
    0.49402E-02    0.29533E+05
    0.50400E-02    0.29781E+05
    0.51419E-02    0.30025E+05
    0.52457E-02    0.30265E+05
    0.53517E-02    0.30501E+05
    0.54598E-02    0.30732E+05
    0.55701E-02    0.30957E+05
    0.56826E-02    0.31177E+05
    0.57974E-02    0.31391E+05
    0.59145E-02    0.31600E+05
    0.60340E-02    0.31802E+05
    0.61559E-02    0.31998E+05
    0.62803E-02    0.32187E+05
    0.64072E-02    0.32369E+05
    0.65366E-02    0.32545E+05
    0.66686E-02    0.32713E+05
    0.68033E-02    0.32873E+05
    0.69408E-02    0.33025E+05
    0.70810E-02    0.33169E+05
    0.72240E-02    0.33305E+05
    0.73700E-02    0.33431E+05
    0.75189E-02    0.33549E+05
    0.76708E-02    0.33656E+05
    0.78257E-02    0.33754E+05
    0.79838E-02    0.33842E+05
    0.81451E-02    0.33919E+05
    0.83096E-02    0.33986E+05
    0.84775E-02    0.34041E+05
    0.86488E-02    0.34085E+05
    0.88235E-02    0.34118E+05
    0.90017E-02    0.34138E+05
    0.91836E-02    0.34147E+05
    0.93691E-02    0.34142E+05
    0.95583E-02    0.34125E+05
    0.97514E-02    0.34095E+05
    0.99484E-02    0.34051E+05
    0.10149E-01    0.33994E+05
    0.10354E-01    0.33922E+05
    0.10564E-01    0.33836E+05
    0.10777E-01    0.33736E+05
    0.10995E-01    0.33621E+05
    0.11217E-01    0.33491E+05
    0.11443E-01    0.33345E+05
    0.11675E-01    0.33184E+05
    0.11910E-01    0.33007E+05
    0.12151E-01    0.32814E+05
    0.12397E-01    0.32605E+05
    0.12647E-01    0.32380E+05
    0.12902E-01    0.32139E+05
    0.13163E-01    0.31880E+05
    0.13429E-01    0.31606E+05
    0.13700E-01    0.31314E+05
    0.13977E-01    0.31006E+05
    0.14259E-01    0.30681E+05
    0.14547E-01    0.30340E+05
    0.14841E-01    0.29982E+05
    0.15141E-01    0.29607E+05
    0.15447E-01    0.29216E+05
    0.15759E-01    0.28809E+05
    0.16077E-01    0.28387E+05
    0.16402E-01    0.27948E+05
    0.16734E-01    0.27494E+05
    0.17072E-01    0.27026E+05
    0.17416E-01    0.26543E+05
    0.17768E-01    0.26046E+05
    0.18127E-01    0.25536E+05
    0.18493E-01    0.25013E+05
    0.18867E-01    0.24479E+05
    0.19248E-01    0.23933E+05
    0.19637E-01    0.23377E+05
    0.20034E-01    0.22811E+05
    0.20438E-01    0.22237E+05
    0.20851E-01    0.21656E+05
    0.21272E-01    0.21068E+05
    0.21702E-01    0.20475E+05
    0.22141E-01    0.19878E+05
    0.22588E-01    0.19278E+05
    0.23044E-01    0.18676E+05
    0.23510E-01    0.18075E+05
    0.23985E-01    0.17474E+05
    0.24469E-01    0.16877E+05
    0.24964E-01    0.16283E+05
    0.25468E-01    0.15695E+05
    0.25982E-01    0.15114E+05
    0.26507E-01    0.14541E+05
    0.27043E-01    0.13978E+05
    0.27589E-01    0.13426E+05
    0.28146E-01    0.12886E+05
    0.28715E-01    0.12361E+05
    0.29295E-01    0.11850E+05
    0.29887E-01    0.11356E+05
    0.30490E-01    0.10879E+05
    0.31106E-01    0.10421E+05
    0.31735E-01    0.99820E+04
    0.32376E-01    0.95635E+04
    0.33030E-01    0.91661E+04
    0.33697E-01    0.87903E+04
    0.34378E-01    0.84364E+04
    0.35072E-01    0.81044E+04
    0.35781E-01    0.77944E+04
    0.36504E-01    0.75063E+04
    0.37241E-01    0.72398E+04
    0.37993E-01    0.69949E+04
    0.38761E-01    0.67716E+04
    0.39544E-01    0.65701E+04
    0.40343E-01    0.63904E+04
    0.41158E-01    0.62326E+04
    0.41989E-01    0.60957E+04
    0.42838E-01    0.59776E+04
    0.43703E-01    0.58766E+04
    0.44586E-01    0.57911E+04
    0.45486E-01    0.57195E+04
    0.46405E-01    0.56605E+04
    0.47343E-01    0.56131E+04
    0.48299E-01    0.55762E+04
    0.49275E-01    0.55483E+04
    0.50270E-01    0.55271E+04
    0.51286E-01    0.55099E+04
    0.52322E-01    0.54942E+04
    0.53379E-01    0.54772E+04
    0.54457E-01    0.54559E+04
    0.55557E-01    0.54273E+04
    0.56680E-01    0.53883E+04
    0.57825E-01    0.53362E+04
    0.58993E-01    0.52685E+04
    0.60184E-01    0.51831E+04
    0.61400E-01    0.50785E+04
    0.62641E-01    0.49543E+04
    0.63906E-01    0.48101E+04
    0.65197E-01    0.46469E+04
    0.66514E-01    0.44664E+04
    0.67858E-01    0.42703E+04
    0.69229E-01    0.40615E+04
    0.70627E-01    0.38427E+04
    0.72054E-01    0.36171E+04
    0.73510E-01    0.33886E+04
    0.74994E-01    0.31608E+04
    0.76509E-01    0.29379E+04
    0.78055E-01    0.27243E+04
    0.79632E-01    0.25238E+04
    0.81241E-01    0.23403E+04
    0.82882E-01    0.21763E+04
    0.84556E-01    0.20337E+04
    0.86264E-01    0.19130E+04
    0.88007E-01    0.18145E+04
    0.89785E-01    0.17376E+04
    0.91598E-01    0.16806E+04
    0.93449E-01    0.16424E+04
    0.95337E-01    0.16205E+04
    0.97263E-01    0.16126E+04
    0.99227E-01    0.16159E+04
    0.10123E+00    0.16265E+04
    0.10328E+00    0.16404E+04
    0.10536E+00    0.16534E+04
    0.10749E+00    0.16610E+04
    0.10966E+00    0.16594E+04
    0.11188E+00    0.16452E+04
    0.11414E+00    0.16154E+04
    0.11644E+00    0.15682E+04
    0.11880E+00    0.15037E+04
    0.12120E+00    0.14232E+04
    0.12365E+00    0.13310E+04
    0.12614E+00    0.12323E+04
    0.12869E+00    0.11328E+04
    0.13129E+00    0.10378E+04
    0.13394E+00    0.95124E+03
    0.13665E+00    0.87616E+03
    0.13941E+00    0.81459E+03
    0.14223E+00    0.76759E+03
    0.14510E+00    0.73538E+03
    0.14803E+00    0.71682E+03
    0.15102E+00    0.70958E+03
    0.15407E+00    0.71014E+03
    0.15718E+00    0.71429E+03
    0.16036E+00    0.71784E+03
    0.16360E+00    0.71697E+03
    0.16690E+00    0.70850E+03
    0.17028E+00    0.69021E+03
    0.17371E+00    0.66143E+03
    0.17722E+00    0.62374E+03
    0.18080E+00    0.58040E+03
    0.18446E+00    0.53538E+03
    0.18818E+00    0.49257E+03
    0.19198E+00    0.45539E+03
    0.19586E+00    0.42620E+03
    0.19982E+00    0.40568E+03
    0.20386E+00    0.39297E+03
    0.20797E+00    0.38610E+03
    0.21218E+00    0.38251E+03
    0.21646E+00    0.37938E+03
    0.22083E+00    0.37389E+03
    0.22530E+00    0.36385E+03
    0.22985E+00    0.34854E+03
    0.23449E+00    0.32907E+03
    0.23923E+00    0.30758E+03
    0.24406E+00    0.28646E+03
    0.24899E+00    0.26795E+03
    0.25402E+00    0.25345E+03
    0.25915E+00    0.24317E+03
    0.26439E+00    0.23616E+03
    0.26973E+00    0.23078E+03
    0.27518E+00    0.22532E+03
    0.28074E+00    0.21839E+03
    0.28641E+00    0.20929E+03
    0.29219E+00    0.19841E+03
    0.29810E+00    0.18690E+03
    0.30412E+00    0.17613E+03
    0.31026E+00    0.16705E+03
    0.31653E+00    0.15988E+03
    0.32292E+00    0.15420E+03
    0.32945E+00    0.14917E+03
    0.33610E+00    0.14388E+03
    0.34289E+00    0.13787E+03
    0.34982E+00    0.13120E+03
    0.35689E+00    0.12438E+03
    0.36409E+00    0.11807E+03
    0.37145E+00    0.11261E+03
    0.37895E+00    0.10793E+03
    0.38661E+00    0.10371E+03
    0.39442E+00    0.99512E+02
    0.40239E+00    0.95109E+02
    0.41052E+00    0.90581E+02
    0.41881E+00    0.86195E+02
    0.42727E+00    0.82172E+02
    0.43590E+00    0.78548E+02
    0.44471E+00    0.75193E+02
    0.45369E+00    0.71916E+02
    0.46286E+00    0.68656E+02
    0.47221E+00    0.65443E+02
    0.48174E+00    0.62394E+02
    0.49148E+00    0.59564E+02
    0.50141E+00    0.56897E+02
    0.51153E+00    0.54339E+02
    0.52187E+00    0.51858E+02
    0.53241E+00    0.49452E+02
    0.54317E+00    0.47164E+02
    0.55414E+00    0.45008E+02
    0.56533E+00    0.42954E+02
    0.57675E+00    0.40988E+02
    0.58840E+00    0.39104E+02
    0.60029E+00    0.37300E+02
    0.61242E+00    0.35574E+02
    0.62479E+00    0.33924E+02
    0.63741E+00    0.32346E+02
    0.65029E+00    0.30839E+02
    0.66342E+00    0.29399E+02
    0.67683E+00    0.28024E+02
    0.69050E+00    0.26712E+02
    0.70445E+00    0.25460E+02
    0.71868E+00    0.24266E+02
    0.73320E+00    0.23127E+02
    0.74801E+00    0.22041E+02
    0.76312E+00    0.21004E+02
    0.77854E+00    0.20016E+02
    0.79426E+00    0.19073E+02
    0.81031E+00    0.18174E+02
    0.82668E+00    0.17316E+02
    0.84338E+00    0.16497E+02
    0.86041E+00    0.15716E+02
    0.87780E+00    0.14971E+02
    0.89553E+00    0.14261E+02
    0.91362E+00    0.13583E+02
    0.93208E+00    0.12937E+02
    0.95091E+00    0.12320E+02
    0.97011E+00    0.11732E+02
    0.98971E+00    0.11172E+02
    0.10097E+01    0.10637E+02
    0.10301E+01    0.10128E+02
    0.10509E+01    0.96423E+01
    0.10721E+01    0.91795E+01
    0.10938E+01    0.87384E+01
    0.11159E+01    0.83180E+01
    0.11384E+01    0.79175E+01
    0.11614E+01    0.75358E+01
    0.11849E+01    0.71722E+01
    0.12088E+01    0.68257E+01
    0.12333E+01    0.64957E+01
    0.12582E+01    0.61812E+01
    0.12836E+01    0.58818E+01
    0.13095E+01    0.55965E+01
    0.13360E+01    0.53248E+01
    0.13630E+01    0.50661E+01
    0.13905E+01    0.48197E+01
    0.14186E+01    0.45850E+01
    0.14472E+01    0.43616E+01
    0.14765E+01    0.41488E+01
    0.15063E+01    0.39462E+01
    0.15367E+01    0.37533E+01
    0.15678E+01    0.35696E+01
    0.15994E+01    0.33947E+01
    0.16318E+01    0.32283E+01
    0.16647E+01    0.30698E+01
    0.16984E+01    0.29189E+01
    0.17327E+01    0.27753E+01
    0.17677E+01    0.26386E+01
    0.18034E+01    0.25085E+01
    0.18398E+01    0.23847E+01
    0.18770E+01    0.22670E+01
    0.19149E+01    0.21550E+01
    0.19536E+01    0.20485E+01
    0.19930E+01    0.19471E+01
    0.20333E+01    0.18508E+01
    0.20744E+01    0.17592E+01
    0.21163E+01    0.16722E+01
