    0.10000E-03    0.11508E+04
    0.10202E-03    0.11733E+04
    0.10408E-03    0.11962E+04
    0.10618E-03    0.12195E+04
    0.10833E-03    0.12433E+04
    0.11052E-03    0.12676E+04
    0.11275E-03    0.12924E+04
    0.11503E-03    0.13176E+04
    0.11735E-03    0.13433E+04
    0.11972E-03    0.13695E+04
    0.12214E-03    0.13962E+04
    0.12461E-03    0.14235E+04
    0.12712E-03    0.14512E+04
    0.12969E-03    0.14795E+04
    0.13231E-03    0.15084E+04
    0.13499E-03    0.15378E+04
    0.13771E-03    0.15678E+04
    0.14049E-03    0.15984E+04
    0.14333E-03    0.16296E+04
    0.14623E-03    0.16613E+04
    0.14918E-03    0.16937E+04
    0.15220E-03    0.17267E+04
    0.15527E-03    0.17604E+04
    0.15841E-03    0.17947E+04
    0.16161E-03    0.18296E+04
    0.16487E-03    0.18653E+04
    0.16820E-03    0.19016E+04
    0.17160E-03    0.19386E+04
    0.17507E-03    0.19764E+04
    0.17860E-03    0.20149E+04
    0.18221E-03    0.20541E+04
    0.18589E-03    0.20940E+04
    0.18965E-03    0.21348E+04
    0.19348E-03    0.21763E+04
    0.19739E-03    0.22186E+04
    0.20138E-03    0.22618E+04
    0.20544E-03    0.23057E+04
    0.20959E-03    0.23506E+04
    0.21383E-03    0.23962E+04
    0.21815E-03    0.24428E+04
    0.22255E-03    0.24902E+04
    0.22705E-03    0.25386E+04
    0.23164E-03    0.25878E+04
    0.23632E-03    0.26381E+04
    0.24109E-03    0.26892E+04
    0.24596E-03    0.27414E+04
    0.25093E-03    0.27945E+04
    0.25600E-03    0.28487E+04
    0.26117E-03    0.29039E+04
    0.26645E-03    0.29601E+04
    0.27183E-03    0.30174E+04
    0.27732E-03    0.30758E+04
    0.28292E-03    0.31353E+04
    0.28864E-03    0.31959E+04
    0.29447E-03    0.32577E+04
    0.30042E-03    0.33206E+04
    0.30649E-03    0.33848E+04
    0.31268E-03    0.34501E+04
    0.31899E-03    0.35166E+04
    0.32544E-03    0.35845E+04
    0.33201E-03    0.36535E+04
    0.33872E-03    0.37239E+04
    0.34556E-03    0.37956E+04
    0.35254E-03    0.38686E+04
    0.35966E-03    0.39430E+04
    0.36693E-03    0.40188E+04
    0.37434E-03    0.40959E+04
    0.38190E-03    0.41745E+04
    0.38962E-03    0.42546E+04
    0.39749E-03    0.43361E+04
    0.40552E-03    0.44192E+04
    0.41371E-03    0.45037E+04
    0.42207E-03    0.45898E+04
    0.43060E-03    0.46775E+04
    0.43929E-03    0.47668E+04
    0.44817E-03    0.48577E+04
    0.45722E-03    0.49503E+04
    0.46646E-03    0.50445E+04
    0.47588E-03    0.51405E+04
    0.48550E-03    0.52382E+04
    0.49530E-03    0.53376E+04
    0.50531E-03    0.54388E+04
    0.51552E-03    0.55419E+04
    0.52593E-03    0.56467E+04
    0.53656E-03    0.57535E+04
    0.54739E-03    0.58621E+04
    0.55845E-03    0.59727E+04
    0.56973E-03    0.60852E+04
    0.58124E-03    0.61996E+04
    0.59299E-03    0.63161E+04
    0.60496E-03    0.64346E+04
    0.61719E-03    0.65552E+04
    0.62965E-03    0.66779E+04
    0.64237E-03    0.68026E+04
    0.65535E-03    0.69296E+04
    0.66859E-03    0.70587E+04
    0.68210E-03    0.71900E+04
    0.69588E-03    0.73235E+04
    0.70993E-03    0.74593E+04
    0.72427E-03    0.75973E+04
    0.73891E-03    0.77377E+04
    0.75383E-03    0.78804E+04
    0.76906E-03    0.80255E+04
    0.78460E-03    0.81730E+04
    0.80045E-03    0.83229E+04
    0.81662E-03    0.84753E+04
    0.83311E-03    0.86301E+04
    0.84994E-03    0.87874E+04
    0.86711E-03    0.89473E+04
    0.88463E-03    0.91097E+04
    0.90250E-03    0.92746E+04
    0.92073E-03    0.94422E+04
    0.93933E-03    0.96124E+04
    0.95831E-03    0.97852E+04
    0.97767E-03    0.99607E+04
    0.99742E-03    0.10139E+05
    0.10176E-02    0.10320E+05
    0.10381E-02    0.10503E+05
    0.10591E-02    0.10690E+05
    0.10805E-02    0.10879E+05
    0.11023E-02    0.11071E+05
    0.11246E-02    0.11265E+05
    0.11473E-02    0.11463E+05
    0.11705E-02    0.11663E+05
    0.11941E-02    0.11866E+05
    0.12182E-02    0.12072E+05
    0.12429E-02    0.12281E+05
    0.12680E-02    0.12493E+05
    0.12936E-02    0.12708E+05
    0.13197E-02    0.12925E+05
    0.13464E-02    0.13145E+05
    0.13736E-02    0.13369E+05
    0.14013E-02    0.13595E+05
    0.14296E-02    0.13824E+05
    0.14585E-02    0.14055E+05
    0.14880E-02    0.14290E+05
    0.15180E-02    0.14528E+05
    0.15487E-02    0.14768E+05
    0.15800E-02    0.15011E+05
    0.16119E-02    0.15257E+05
    0.16445E-02    0.15506E+05
    0.16777E-02    0.15757E+05
    0.17116E-02    0.16012E+05
    0.17462E-02    0.16269E+05
    0.17814E-02    0.16529E+05
    0.18174E-02    0.16791E+05
    0.18541E-02    0.17056E+05
    0.18916E-02    0.17324E+05
    0.19298E-02    0.17594E+05
    0.19688E-02    0.17867E+05
    0.20086E-02    0.18142E+05
    0.20491E-02    0.18420E+05
    0.20905E-02    0.18700E+05
    0.21328E-02    0.18982E+05
    0.21758E-02    0.19267E+05
    0.22198E-02    0.19554E+05
    0.22646E-02    0.19843E+05
    0.23104E-02    0.20134E+05
    0.23571E-02    0.20427E+05
    0.24047E-02    0.20722E+05
    0.24533E-02    0.21019E+05
    0.25028E-02    0.21317E+05
    0.25534E-02    0.21618E+05
    0.26050E-02    0.21920E+05
    0.26576E-02    0.22223E+05
    0.27113E-02    0.22528E+05
    0.27660E-02    0.22834E+05
    0.28219E-02    0.23142E+05
    0.28789E-02    0.23450E+05
    0.29371E-02    0.23760E+05
    0.29964E-02    0.24070E+05
    0.30569E-02    0.24381E+05
    0.31187E-02    0.24693E+05
    0.31817E-02    0.25006E+05
    0.32460E-02    0.25318E+05
    0.33115E-02    0.25631E+05
    0.33784E-02    0.25944E+05
    0.34467E-02    0.26257E+05
    0.35163E-02    0.26569E+05
    0.35874E-02    0.26882E+05
    0.36598E-02    0.27193E+05
    0.37338E-02    0.27504E+05
    0.38092E-02    0.27814E+05
    0.38861E-02    0.28123E+05
    0.39646E-02    0.28431E+05
    0.40447E-02    0.28737E+05
    0.41264E-02    0.29042E+05
    0.42098E-02    0.29345E+05
    0.42948E-02    0.29646E+05
    0.43816E-02    0.29944E+05
    0.44701E-02    0.30241E+05
    0.45604E-02    0.30534E+05
    0.46525E-02    0.30825E+05
    0.47465E-02    0.31113E+05
    0.48424E-02    0.31398E+05
    0.49402E-02    0.31679E+05
    0.50400E-02    0.31956E+05
    0.51419E-02    0.32229E+05
    0.52457E-02    0.32498E+05
    0.53517E-02    0.32762E+05
    0.54598E-02    0.33020E+05
    0.55701E-02    0.33274E+05
    0.56826E-02    0.33522E+05
    0.57974E-02    0.33764E+05
    0.59145E-02    0.34000E+05
    0.60340E-02    0.34230E+05
    0.61559E-02    0.34453E+05
    0.62803E-02    0.34670E+05
    0.64072E-02    0.34879E+05
    0.65366E-02    0.35082E+05
    0.66686E-02    0.35276E+05
    0.68033E-02    0.35463E+05
    0.69408E-02    0.35641E+05
    0.70810E-02    0.35811E+05
    0.72240E-02    0.35972E+05
    0.73700E-02    0.36124E+05
    0.75189E-02    0.36266E+05
    0.76708E-02    0.36398E+05
    0.78257E-02    0.36519E+05
    0.79838E-02    0.36630E+05
    0.81451E-02    0.36730E+05
    0.83096E-02    0.36819E+05
    0.84775E-02    0.36896E+05
    0.86488E-02    0.36962E+05
    0.88235E-02    0.37014E+05
    0.90017E-02    0.37055E+05
    0.91836E-02    0.37082E+05
    0.93691E-02    0.37096E+05
    0.95583E-02    0.37096E+05
    0.97514E-02    0.37083E+05
    0.99484E-02    0.37055E+05
    0.10149E-01    0.37012E+05
    0.10354E-01    0.36955E+05
    0.10564E-01    0.36882E+05
    0.10777E-01    0.36794E+05
    0.10995E-01    0.36690E+05
    0.11217E-01    0.36570E+05
    0.11443E-01    0.36433E+05
    0.11675E-01    0.36280E+05
    0.11910E-01    0.36110E+05
    0.12151E-01    0.35922E+05
    0.12397E-01    0.35717E+05
    0.12647E-01    0.35495E+05
    0.12902E-01    0.35255E+05
    0.13163E-01    0.34997E+05
    0.13429E-01    0.34721E+05
    0.13700E-01    0.34427E+05
    0.13977E-01    0.34115E+05
    0.14259E-01    0.33784E+05
    0.14547E-01    0.33436E+05
    0.14841E-01    0.33069E+05
    0.15141E-01    0.32684E+05
    0.15447E-01    0.32281E+05
    0.15759E-01    0.31860E+05
    0.16077E-01    0.31422E+05
    0.16402E-01    0.30966E+05
    0.16734E-01    0.30494E+05
    0.17072E-01    0.30005E+05
    0.17416E-01    0.29499E+05
    0.17768E-01    0.28978E+05
    0.18127E-01    0.28443E+05
    0.18493E-01    0.27892E+05
    0.18867E-01    0.27328E+05
    0.19248E-01    0.26751E+05
    0.19637E-01    0.26162E+05
    0.20034E-01    0.25562E+05
    0.20438E-01    0.24951E+05
    0.20851E-01    0.24332E+05
    0.21272E-01    0.23704E+05
    0.21702E-01    0.23070E+05
    0.22141E-01    0.22430E+05
    0.22588E-01    0.21786E+05
    0.23044E-01    0.21139E+05
    0.23510E-01    0.20490E+05
    0.23985E-01    0.19842E+05
    0.24469E-01    0.19195E+05
    0.24964E-01    0.18551E+05
    0.25468E-01    0.17911E+05
    0.25982E-01    0.17278E+05
    0.26507E-01    0.16652E+05
    0.27043E-01    0.16036E+05
    0.27589E-01    0.15431E+05
    0.28146E-01    0.14837E+05
    0.28715E-01    0.14258E+05
    0.29295E-01    0.13693E+05
    0.29887E-01    0.13145E+05
    0.30490E-01    0.12615E+05
    0.31106E-01    0.12103E+05
    0.31735E-01    0.11611E+05
    0.32376E-01    0.11141E+05
    0.33030E-01    0.10693E+05
    0.33697E-01    0.10268E+05
    0.34378E-01    0.98665E+04
    0.35072E-01    0.94889E+04
    0.35781E-01    0.91351E+04
    0.36504E-01    0.88050E+04
    0.37241E-01    0.84984E+04
    0.37993E-01    0.82150E+04
    0.38761E-01    0.79549E+04
    0.39544E-01    0.77184E+04
    0.40343E-01    0.75054E+04
    0.41158E-01    0.73161E+04
    0.41989E-01    0.71499E+04
    0.42838E-01    0.70049E+04
    0.43703E-01    0.68791E+04
    0.44586E-01    0.67707E+04
    0.45486E-01    0.66781E+04
    0.46405E-01    0.65999E+04
    0.47343E-01    0.65349E+04
    0.48299E-01    0.64818E+04
    0.49275E-01    0.64393E+04
    0.50270E-01    0.64051E+04
    0.51286E-01    0.63764E+04
    0.52322E-01    0.63501E+04
    0.53379E-01    0.63235E+04
    0.54457E-01    0.62933E+04
    0.55557E-01    0.62560E+04
    0.56680E-01    0.62084E+04
    0.57825E-01    0.61477E+04
    0.58993E-01    0.60709E+04
    0.60184E-01    0.59758E+04
    0.61400E-01    0.58606E+04
    0.62641E-01    0.57245E+04
    0.63906E-01    0.55670E+04
    0.65197E-01    0.53886E+04
    0.66514E-01    0.51908E+04
    0.67858E-01    0.49755E+04
    0.69229E-01    0.47452E+04
    0.70627E-01    0.45032E+04
    0.72054E-01    0.42527E+04
    0.73510E-01    0.39979E+04
    0.74994E-01    0.37427E+04
    0.76509E-01    0.34915E+04
    0.78055E-01    0.32490E+04
    0.79632E-01    0.30194E+04
    0.81241E-01    0.28069E+04
    0.82882E-01    0.26149E+04
    0.84556E-01    0.24456E+04
    0.86264E-01    0.23002E+04
    0.88007E-01    0.21796E+04
    0.89785E-01    0.20833E+04
    0.91598E-01    0.20098E+04
    0.93449E-01    0.19576E+04
    0.95337E-01    0.19244E+04
    0.97263E-01    0.19074E+04
    0.99227E-01    0.19037E+04
    0.10123E+00    0.19093E+04
    0.10328E+00    0.19201E+04
    0.10536E+00    0.19314E+04
    0.10749E+00    0.19382E+04
    0.10966E+00    0.19360E+04
    0.11188E+00    0.19208E+04
    0.11414E+00    0.18896E+04
    0.11644E+00    0.18400E+04
    0.11880E+00    0.17715E+04
    0.12120E+00    0.16852E+04
    0.12365E+00    0.15842E+04
    0.12614E+00    0.14742E+04
    0.12869E+00    0.13613E+04
    0.13129E+00    0.12517E+04
    0.13394E+00    0.11505E+04
    0.13665E+00    0.10612E+04
    0.13941E+00    0.98620E+03
    0.14223E+00    0.92705E+03
    0.14510E+00    0.88439E+03
    0.14803E+00    0.85740E+03
    0.15102E+00    0.84404E+03
    0.15407E+00    0.84056E+03
    0.15718E+00    0.84259E+03
    0.16036E+00    0.84532E+03
    0.16360E+00    0.84431E+03
    0.16690E+00    0.83576E+03
    0.17028E+00    0.81698E+03
    0.17371E+00    0.78679E+03
    0.17722E+00    0.74616E+03
    0.18080E+00    0.69803E+03
    0.18446E+00    0.64673E+03
    0.18818E+00    0.59678E+03
    0.19198E+00    0.55207E+03
    0.19586E+00    0.51552E+03
    0.19982E+00    0.48861E+03
    0.20386E+00    0.47098E+03
    0.20797E+00    0.46063E+03
    0.21218E+00    0.45476E+03
    0.21646E+00    0.45035E+03
    0.22083E+00    0.44421E+03
    0.22530E+00    0.43365E+03
    0.22985E+00    0.41735E+03
    0.23449E+00    0.39591E+03
    0.23923E+00    0.37145E+03
    0.24406E+00    0.34672E+03
    0.24899E+00    0.32426E+03
    0.25402E+00    0.30591E+03
    0.25915E+00    0.29240E+03
    0.26439E+00    0.28297E+03
    0.26973E+00    0.27597E+03
    0.27518E+00    0.26941E+03
    0.28074E+00    0.26159E+03
    0.28641E+00    0.25154E+03
    0.29219E+00    0.23928E+03
    0.29810E+00    0.22592E+03
    0.30412E+00    0.21298E+03
    0.31026E+00    0.20169E+03
    0.31653E+00    0.19261E+03
    0.32292E+00    0.18537E+03
    0.32945E+00    0.17918E+03
    0.33610E+00    0.17300E+03
    0.34289E+00    0.16609E+03
    0.34982E+00    0.15839E+03
    0.35689E+00    0.15036E+03
    0.36409E+00    0.14269E+03
    0.37145E+00    0.13595E+03
    0.37895E+00    0.13015E+03
    0.38661E+00    0.12500E+03
    0.39442E+00    0.12001E+03
    0.40239E+00    0.11485E+03
    0.41052E+00    0.10950E+03
    0.41881E+00    0.10423E+03
    0.42727E+00    0.99329E+02
    0.43590E+00    0.94894E+02
    0.44471E+00    0.90826E+02
    0.45369E+00    0.86916E+02
    0.46286E+00    0.83028E+02
    0.47221E+00    0.79177E+02
    0.48174E+00    0.75496E+02
    0.49148E+00    0.72059E+02
    0.50141E+00    0.68830E+02
    0.51153E+00    0.65756E+02
    0.52187E+00    0.62777E+02
    0.53241E+00    0.59880E+02
    0.54317E+00    0.57118E+02
    0.55414E+00    0.54507E+02
    0.56533E+00    0.52021E+02
    0.57675E+00    0.49642E+02
    0.58840E+00    0.47365E+02
    0.60029E+00    0.45187E+02
    0.61242E+00    0.43104E+02
    0.62479E+00    0.41112E+02
    0.63741E+00    0.39208E+02
    0.65029E+00    0.37389E+02
    0.66342E+00    0.35651E+02
    0.67683E+00    0.33991E+02
    0.69050E+00    0.32407E+02
    0.70445E+00    0.30894E+02
    0.71868E+00    0.29451E+02
    0.73320E+00    0.28074E+02
    0.74801E+00    0.26760E+02
    0.76312E+00    0.25505E+02
    0.77854E+00    0.24309E+02
    0.79426E+00    0.23167E+02
    0.81031E+00    0.22077E+02
    0.82668E+00    0.21037E+02
    0.84338E+00    0.20045E+02
    0.86041E+00    0.19099E+02
    0.87780E+00    0.18196E+02
    0.89553E+00    0.17334E+02
    0.91362E+00    0.16513E+02
    0.93208E+00    0.15729E+02
    0.95091E+00    0.14981E+02
    0.97011E+00    0.14268E+02
    0.98971E+00    0.13588E+02
    0.10097E+01    0.12940E+02
    0.10301E+01    0.12322E+02
    0.10509E+01    0.11733E+02
    0.10721E+01    0.11171E+02
    0.10938E+01    0.10636E+02
    0.11159E+01    0.10125E+02
    0.11384E+01    0.96388E+01
    0.11614E+01    0.91753E+01
    0.11849E+01    0.87336E+01
    0.12088E+01    0.83127E+01
    0.12333E+01    0.79117E+01
    0.12582E+01    0.75296E+01
    0.12836E+01    0.71656E+01
    0.13095E+01    0.68188E+01
    0.13360E+01    0.64885E+01
    0.13630E+01    0.61739E+01
    0.13905E+01    0.58743E+01
    0.14186E+01    0.55889E+01
    0.14472E+01    0.53171E+01
    0.14765E+01    0.50583E+01
    0.15063E+01    0.48118E+01
    0.15367E+01    0.45771E+01
    0.15678E+01    0.43536E+01
    0.15994E+01    0.41407E+01
    0.16318E+01    0.39381E+01
    0.16647E+01    0.37452E+01
    0.16984E+01    0.35615E+01
    0.17327E+01    0.33866E+01
    0.17677E+01    0.32201E+01
    0.18034E+01    0.30617E+01
    0.18398E+01    0.29109E+01
    0.18770E+01    0.27674E+01
    0.19149E+01    0.26310E+01
    0.19536E+01    0.25011E+01
    0.19930E+01    0.23777E+01
    0.20333E+01    0.22603E+01
    0.20744E+01    0.21486E+01
    0.21163E+01    0.20425E+01
