    0.10000E-03    0.62407E+03
    0.10202E-03    0.63626E+03
    0.10408E-03    0.64869E+03
    0.10618E-03    0.66137E+03
    0.10833E-03    0.67429E+03
    0.11052E-03    0.68746E+03
    0.11275E-03    0.70090E+03
    0.11503E-03    0.71459E+03
    0.11735E-03    0.72855E+03
    0.11972E-03    0.74278E+03
    0.12214E-03    0.75729E+03
    0.12461E-03    0.77208E+03
    0.12712E-03    0.78716E+03
    0.12969E-03    0.80254E+03
    0.13231E-03    0.81821E+03
    0.13499E-03    0.83419E+03
    0.13771E-03    0.85048E+03
    0.14049E-03    0.86709E+03
    0.14333E-03    0.88402E+03
    0.14623E-03    0.90128E+03
    0.14918E-03    0.91888E+03
    0.15220E-03    0.93682E+03
    0.15527E-03    0.95511E+03
    0.15841E-03    0.97375E+03
    0.16161E-03    0.99276E+03
    0.16487E-03    0.10121E+04
    0.16820E-03    0.10319E+04
    0.17160E-03    0.10520E+04
    0.17507E-03    0.10726E+04
    0.17860E-03    0.10935E+04
    0.18221E-03    0.11148E+04
    0.18589E-03    0.11366E+04
    0.18965E-03    0.11587E+04
    0.19348E-03    0.11813E+04
    0.19739E-03    0.12044E+04
    0.20138E-03    0.12279E+04
    0.20544E-03    0.12518E+04
    0.20959E-03    0.12762E+04
    0.21383E-03    0.13011E+04
    0.21815E-03    0.13264E+04
    0.22255E-03    0.13523E+04
    0.22705E-03    0.13786E+04
    0.23164E-03    0.14055E+04
    0.23632E-03    0.14329E+04
    0.24109E-03    0.14608E+04
    0.24596E-03    0.14892E+04
    0.25093E-03    0.15182E+04
    0.25600E-03    0.15478E+04
    0.26117E-03    0.15779E+04
    0.26645E-03    0.16086E+04
    0.27183E-03    0.16399E+04
    0.27732E-03    0.16718E+04
    0.28292E-03    0.17043E+04
    0.28864E-03    0.17375E+04
    0.29447E-03    0.17713E+04
    0.30042E-03    0.18057E+04
    0.30649E-03    0.18408E+04
    0.31268E-03    0.18765E+04
    0.31899E-03    0.19130E+04
    0.32544E-03    0.19501E+04
    0.33201E-03    0.19880E+04
    0.33872E-03    0.20266E+04
    0.34556E-03    0.20659E+04
    0.35254E-03    0.21059E+04
    0.35966E-03    0.21468E+04
    0.36693E-03    0.21884E+04
    0.37434E-03    0.22308E+04
    0.38190E-03    0.22740E+04
    0.38962E-03    0.23180E+04
    0.39749E-03    0.23629E+04
    0.40552E-03    0.24086E+04
    0.41371E-03    0.24552E+04
    0.42207E-03    0.25027E+04
    0.43060E-03    0.25510E+04
    0.43929E-03    0.26003E+04
    0.44817E-03    0.26505E+04
    0.45722E-03    0.27017E+04
    0.46646E-03    0.27538E+04
    0.47588E-03    0.28069E+04
    0.48550E-03    0.28610E+04
    0.49530E-03    0.29161E+04
    0.50531E-03    0.29722E+04
    0.51552E-03    0.30294E+04
    0.52593E-03    0.30876E+04
    0.53656E-03    0.31470E+04
    0.54739E-03    0.32074E+04
    0.55845E-03    0.32689E+04
    0.56973E-03    0.33316E+04
    0.58124E-03    0.33955E+04
    0.59299E-03    0.34605E+04
    0.60496E-03    0.35268E+04
    0.61719E-03    0.35942E+04
    0.62965E-03    0.36629E+04
    0.64237E-03    0.37328E+04
    0.65535E-03    0.38041E+04
    0.66859E-03    0.38766E+04
    0.68210E-03    0.39504E+04
    0.69588E-03    0.40256E+04
    0.70993E-03    0.41021E+04
    0.72427E-03    0.41801E+04
    0.73891E-03    0.42594E+04
    0.75383E-03    0.43402E+04
    0.76906E-03    0.44224E+04
    0.78460E-03    0.45060E+04
    0.80045E-03    0.45912E+04
    0.81662E-03    0.46779E+04
    0.83311E-03    0.47661E+04
    0.84994E-03    0.48559E+04
    0.86711E-03    0.49472E+04
    0.88463E-03    0.50402E+04
    0.90250E-03    0.51348E+04
    0.92073E-03    0.52310E+04
    0.93933E-03    0.53289E+04
    0.95831E-03    0.54285E+04
    0.97767E-03    0.55298E+04
    0.99742E-03    0.56329E+04
    0.10176E-02    0.57377E+04
    0.10381E-02    0.58443E+04
    0.10591E-02    0.59527E+04
    0.10805E-02    0.60630E+04
    0.11023E-02    0.61751E+04
    0.11246E-02    0.62891E+04
    0.11473E-02    0.64050E+04
    0.11705E-02    0.65228E+04
    0.11941E-02    0.66426E+04
    0.12182E-02    0.67643E+04
    0.12429E-02    0.68880E+04
    0.12680E-02    0.70137E+04
    0.12936E-02    0.71414E+04
    0.13197E-02    0.72712E+04
    0.13464E-02    0.74031E+04
    0.13736E-02    0.75371E+04
    0.14013E-02    0.76731E+04
    0.14296E-02    0.78113E+04
    0.14585E-02    0.79517E+04
    0.14880E-02    0.80942E+04
    0.15180E-02    0.82389E+04
    0.15487E-02    0.83858E+04
    0.15800E-02    0.85349E+04
    0.16119E-02    0.86862E+04
    0.16445E-02    0.88398E+04
    0.16777E-02    0.89956E+04
    0.17116E-02    0.91537E+04
    0.17462E-02    0.93141E+04
    0.17814E-02    0.94768E+04
    0.18174E-02    0.96418E+04
    0.18541E-02    0.98091E+04
    0.18916E-02    0.99788E+04
    0.19298E-02    0.10151E+05
    0.19688E-02    0.10325E+05
    0.20086E-02    0.10502E+05
    0.20491E-02    0.10681E+05
    0.20905E-02    0.10862E+05
    0.21328E-02    0.11046E+05
    0.21758E-02    0.11232E+05
    0.22198E-02    0.11420E+05
    0.22646E-02    0.11611E+05
    0.23104E-02    0.11804E+05
    0.23571E-02    0.11999E+05
    0.24047E-02    0.12197E+05
    0.24533E-02    0.12397E+05
    0.25028E-02    0.12599E+05
    0.25534E-02    0.12804E+05
    0.26050E-02    0.13011E+05
    0.26576E-02    0.13220E+05
    0.27113E-02    0.13431E+05
    0.27660E-02    0.13645E+05
    0.28219E-02    0.13861E+05
    0.28789E-02    0.14079E+05
    0.29371E-02    0.14299E+05
    0.29964E-02    0.14521E+05
    0.30569E-02    0.14745E+05
    0.31187E-02    0.14971E+05
    0.31817E-02    0.15200E+05
    0.32460E-02    0.15430E+05
    0.33115E-02    0.15662E+05
    0.33784E-02    0.15896E+05
    0.34467E-02    0.16132E+05
    0.35163E-02    0.16369E+05
    0.35874E-02    0.16609E+05
    0.36598E-02    0.16850E+05
    0.37338E-02    0.17092E+05
    0.38092E-02    0.17336E+05
    0.38861E-02    0.17582E+05
    0.39646E-02    0.17829E+05
    0.40447E-02    0.18077E+05
    0.41264E-02    0.18326E+05
    0.42098E-02    0.18577E+05
    0.42948E-02    0.18829E+05
    0.43816E-02    0.19081E+05
    0.44701E-02    0.19335E+05
    0.45604E-02    0.19589E+05
    0.46525E-02    0.19844E+05
    0.47465E-02    0.20099E+05
    0.48424E-02    0.20355E+05
    0.49402E-02    0.20611E+05
    0.50400E-02    0.20868E+05
    0.51419E-02    0.21125E+05
    0.52457E-02    0.21381E+05
    0.53517E-02    0.21638E+05
    0.54598E-02    0.21894E+05
    0.55701E-02    0.22150E+05
    0.56826E-02    0.22405E+05
    0.57974E-02    0.22659E+05
    0.59145E-02    0.22913E+05
    0.60340E-02    0.23165E+05
    0.61559E-02    0.23416E+05
    0.62803E-02    0.23665E+05
    0.64072E-02    0.23913E+05
    0.65366E-02    0.24159E+05
    0.66686E-02    0.24403E+05
    0.68033E-02    0.24645E+05
    0.69408E-02    0.24884E+05
    0.70810E-02    0.25121E+05
    0.72240E-02    0.25354E+05
    0.73700E-02    0.25585E+05
    0.75189E-02    0.25813E+05
    0.76708E-02    0.26037E+05
    0.78257E-02    0.26257E+05
    0.79838E-02    0.26474E+05
    0.81451E-02    0.26686E+05
    0.83096E-02    0.26894E+05
    0.84775E-02    0.27098E+05
    0.86488E-02    0.27296E+05
    0.88235E-02    0.27489E+05
    0.90017E-02    0.27677E+05
    0.91836E-02    0.27859E+05
    0.93691E-02    0.28035E+05
    0.95583E-02    0.28205E+05
    0.97514E-02    0.28368E+05
    0.99484E-02    0.28524E+05
    0.10149E-01    0.28672E+05
    0.10354E-01    0.28814E+05
    0.10564E-01    0.28947E+05
    0.10777E-01    0.29073E+05
    0.10995E-01    0.29190E+05
    0.11217E-01    0.29298E+05
    0.11443E-01    0.29397E+05
    0.11675E-01    0.29487E+05
    0.11910E-01    0.29567E+05
    0.12151E-01    0.29637E+05
    0.12397E-01    0.29697E+05
    0.12647E-01    0.29746E+05
    0.12902E-01    0.29785E+05
    0.13163E-01    0.29812E+05
    0.13429E-01    0.29827E+05
    0.13700E-01    0.29831E+05
    0.13977E-01    0.29822E+05
    0.14259E-01    0.29802E+05
    0.14547E-01    0.29768E+05
    0.14841E-01    0.29721E+05
    0.15141E-01    0.29662E+05
    0.15447E-01    0.29589E+05
    0.15759E-01    0.29502E+05
    0.16077E-01    0.29401E+05
    0.16402E-01    0.29286E+05
    0.16734E-01    0.29157E+05
    0.17072E-01    0.29014E+05
    0.17416E-01    0.28856E+05
    0.17768E-01    0.28684E+05
    0.18127E-01    0.28497E+05
    0.18493E-01    0.28296E+05
    0.18867E-01    0.28079E+05
    0.19248E-01    0.27849E+05
    0.19637E-01    0.27603E+05
    0.20034E-01    0.27343E+05
    0.20438E-01    0.27069E+05
    0.20851E-01    0.26781E+05
    0.21272E-01    0.26480E+05
    0.21702E-01    0.26164E+05
    0.22141E-01    0.25836E+05
    0.22588E-01    0.25495E+05
    0.23044E-01    0.25142E+05
    0.23510E-01    0.24777E+05
    0.23985E-01    0.24401E+05
    0.24469E-01    0.24014E+05
    0.24964E-01    0.23618E+05
    0.25468E-01    0.23213E+05
    0.25982E-01    0.22799E+05
    0.26507E-01    0.22378E+05
    0.27043E-01    0.21950E+05
    0.27589E-01    0.21517E+05
    0.28146E-01    0.21079E+05
    0.28715E-01    0.20638E+05
    0.29295E-01    0.20195E+05
    0.29887E-01    0.19750E+05
    0.30490E-01    0.19304E+05
    0.31106E-01    0.18860E+05
    0.31735E-01    0.18418E+05
    0.32376E-01    0.17979E+05
    0.33030E-01    0.17545E+05
    0.33697E-01    0.17116E+05
    0.34378E-01    0.16693E+05
    0.35072E-01    0.16279E+05
    0.35781E-01    0.15873E+05
    0.36504E-01    0.15478E+05
    0.37241E-01    0.15093E+05
    0.37993E-01    0.14721E+05
    0.38761E-01    0.14361E+05
    0.39544E-01    0.14014E+05
    0.40343E-01    0.13680E+05
    0.41158E-01    0.13360E+05
    0.41989E-01    0.13055E+05
    0.42838E-01    0.12764E+05
    0.43703E-01    0.12489E+05
    0.44586E-01    0.12231E+05
    0.45486E-01    0.11990E+05
    0.46405E-01    0.11765E+05
    0.47343E-01    0.11556E+05
    0.48299E-01    0.11360E+05
    0.49275E-01    0.11177E+05
    0.50270E-01    0.11005E+05
    0.51286E-01    0.10843E+05
    0.52322E-01    0.10691E+05
    0.53379E-01    0.10547E+05
    0.54457E-01    0.10409E+05
    0.55557E-01    0.10276E+05
    0.56680E-01    0.10146E+05
    0.57825E-01    0.10017E+05
    0.58993E-01    0.98870E+04
    0.60184E-01    0.97545E+04
    0.61400E-01    0.96171E+04
    0.62641E-01    0.94728E+04
    0.63906E-01    0.93197E+04
    0.65197E-01    0.91557E+04
    0.66514E-01    0.89792E+04
    0.67858E-01    0.87891E+04
    0.69229E-01    0.85847E+04
    0.70627E-01    0.83654E+04
    0.72054E-01    0.81320E+04
    0.73510E-01    0.78854E+04
    0.74994E-01    0.76269E+04
    0.76509E-01    0.73588E+04
    0.78055E-01    0.70831E+04
    0.79632E-01    0.68025E+04
    0.81241E-01    0.65201E+04
    0.82882E-01    0.62390E+04
    0.84556E-01    0.59627E+04
    0.86264E-01    0.56941E+04
    0.88007E-01    0.54367E+04
    0.89785E-01    0.51935E+04
    0.91598E-01    0.49674E+04
    0.93449E-01    0.47604E+04
    0.95337E-01    0.45741E+04
    0.97263E-01    0.44097E+04
    0.99227E-01    0.42670E+04
    0.10123E+00    0.41451E+04
    0.10328E+00    0.40428E+04
    0.10536E+00    0.39574E+04
    0.10749E+00    0.38862E+04
    0.10966E+00    0.38258E+04
    0.11188E+00    0.37723E+04
    0.11414E+00    0.37216E+04
    0.11644E+00    0.36695E+04
    0.11880E+00    0.36119E+04
    0.12120E+00    0.35452E+04
    0.12365E+00    0.34666E+04
    0.12614E+00    0.33746E+04
    0.12869E+00    0.32686E+04
    0.13129E+00    0.31495E+04
    0.13394E+00    0.30191E+04
    0.13665E+00    0.28803E+04
    0.13941E+00    0.27366E+04
    0.14223E+00    0.25926E+04
    0.14510E+00    0.24531E+04
    0.14803E+00    0.23232E+04
    0.15102E+00    0.22066E+04
    0.15407E+00    0.21061E+04
    0.15718E+00    0.20221E+04
    0.16036E+00    0.19539E+04
    0.16360E+00    0.18995E+04
    0.16690E+00    0.18563E+04
    0.17028E+00    0.18211E+04
    0.17371E+00    0.17897E+04
    0.17722E+00    0.17577E+04
    0.18080E+00    0.17205E+04
    0.18446E+00    0.16747E+04
    0.18818E+00    0.16193E+04
    0.19198E+00    0.15548E+04
    0.19586E+00    0.14836E+04
    0.19982E+00    0.14088E+04
    0.20386E+00    0.13340E+04
    0.20797E+00    0.12632E+04
    0.21218E+00    0.11998E+04
    0.21646E+00    0.11460E+04
    0.22083E+00    0.11020E+04
    0.22530E+00    0.10669E+04
    0.22985E+00    0.10383E+04
    0.23449E+00    0.10130E+04
    0.23923E+00    0.98747E+03
    0.24406E+00    0.95877E+03
    0.24899E+00    0.92539E+03
    0.25402E+00    0.88746E+03
    0.25915E+00    0.84638E+03
    0.26439E+00    0.80442E+03
    0.26973E+00    0.76427E+03
    0.27518E+00    0.72826E+03
    0.28074E+00    0.69755E+03
    0.28641E+00    0.67184E+03
    0.29219E+00    0.64975E+03
    0.29810E+00    0.62937E+03
    0.30412E+00    0.60872E+03
    0.31026E+00    0.58635E+03
    0.31653E+00    0.56198E+03
    0.32292E+00    0.53655E+03
    0.32945E+00    0.51147E+03
    0.33610E+00    0.48805E+03
    0.34289E+00    0.46715E+03
    0.34982E+00    0.44883E+03
    0.35689E+00    0.43228E+03
    0.36409E+00    0.41640E+03
    0.37145E+00    0.40029E+03
    0.37895E+00    0.38361E+03
    0.38661E+00    0.36671E+03
    0.39442E+00    0.35028E+03
    0.40239E+00    0.33495E+03
    0.41052E+00    0.32096E+03
    0.41881E+00    0.30807E+03
    0.42727E+00    0.29579E+03
    0.43590E+00    0.28365E+03
    0.44471E+00    0.27152E+03
    0.45369E+00    0.25963E+03
    0.46286E+00    0.24827E+03
    0.47221E+00    0.23763E+03
    0.48174E+00    0.22767E+03
    0.49148E+00    0.21814E+03
    0.50141E+00    0.20887E+03
    0.51153E+00    0.19981E+03
    0.52187E+00    0.19108E+03
    0.53241E+00    0.18277E+03
    0.54317E+00    0.17489E+03
    0.55414E+00    0.16736E+03
    0.56533E+00    0.16011E+03
    0.57675E+00    0.15311E+03
    0.58840E+00    0.14639E+03
    0.60029E+00    0.13996E+03
    0.61242E+00    0.13384E+03
    0.62479E+00    0.12798E+03
    0.63741E+00    0.12236E+03
    0.65029E+00    0.11697E+03
    0.66342E+00    0.11180E+03
    0.67683E+00    0.10684E+03
    0.69050E+00    0.10210E+03
    0.70445E+00    0.97549E+02
    0.71868E+00    0.93194E+02
    0.73320E+00    0.89025E+02
    0.74801E+00    0.85035E+02
    0.76312E+00    0.81218E+02
    0.77854E+00    0.77565E+02
    0.79426E+00    0.74072E+02
    0.81031E+00    0.70731E+02
    0.82668E+00    0.67536E+02
    0.84338E+00    0.64481E+02
    0.86041E+00    0.61559E+02
    0.87780E+00    0.58765E+02
    0.89553E+00    0.56094E+02
    0.91362E+00    0.53540E+02
    0.93208E+00    0.51098E+02
    0.95091E+00    0.48764E+02
    0.97011E+00    0.46532E+02
    0.98971E+00    0.44399E+02
    0.10097E+01    0.42360E+02
    0.10301E+01    0.40412E+02
    0.10509E+01    0.38551E+02
    0.10721E+01    0.36772E+02
    0.10938E+01    0.35073E+02
    0.11159E+01    0.33449E+02
    0.11384E+01    0.31899E+02
    0.11614E+01    0.30418E+02
    0.11849E+01    0.29004E+02
    0.12088E+01    0.27654E+02
    0.12333E+01    0.26364E+02
    0.12582E+01    0.25133E+02
    0.12836E+01    0.23958E+02
    0.13095E+01    0.22836E+02
    0.13360E+01    0.21766E+02
    0.13630E+01    0.20744E+02
    0.13905E+01    0.19769E+02
    0.14186E+01    0.18839E+02
    0.14472E+01    0.17951E+02
    0.14765E+01    0.17104E+02
    0.15063E+01    0.16296E+02
    0.15367E+01    0.15525E+02
    0.15678E+01    0.14790E+02
    0.15994E+01    0.14088E+02
    0.16318E+01    0.13419E+02
    0.16647E+01    0.12781E+02
    0.16984E+01    0.12173E+02
    0.17327E+01    0.11593E+02
    0.17677E+01    0.11039E+02
    0.18034E+01    0.10512E+02
    0.18398E+01    0.10009E+02
    0.18770E+01    0.95290E+01
    0.19149E+01    0.90716E+01
    0.19536E+01    0.86356E+01
    0.19930E+01    0.82201E+01
    0.20333E+01    0.78242E+01
    0.20744E+01    0.74470E+01
    0.21163E+01    0.70877E+01
    0.21590E+01    0.67455E+01
    0.22026E+01    0.64197E+01
    0.22471E+01    0.61095E+01
    0.22925E+01    0.58142E+01
    0.23388E+01    0.55331E+01
