    0.10000E-03    0.87554E+03
    0.10202E-03    0.89264E+03
    0.10408E-03    0.91007E+03
    0.10618E-03    0.92785E+03
    0.10833E-03    0.94596E+03
    0.11052E-03    0.96444E+03
    0.11275E-03    0.98327E+03
    0.11503E-03    0.10025E+04
    0.11735E-03    0.10220E+04
    0.11972E-03    0.10420E+04
    0.12214E-03    0.10623E+04
    0.12461E-03    0.10831E+04
    0.12712E-03    0.11042E+04
    0.12969E-03    0.11257E+04
    0.13231E-03    0.11477E+04
    0.13499E-03    0.11701E+04
    0.13771E-03    0.11929E+04
    0.14049E-03    0.12162E+04
    0.14333E-03    0.12399E+04
    0.14623E-03    0.12641E+04
    0.14918E-03    0.12888E+04
    0.15220E-03    0.13139E+04
    0.15527E-03    0.13395E+04
    0.15841E-03    0.13657E+04
    0.16161E-03    0.13923E+04
    0.16487E-03    0.14194E+04
    0.16820E-03    0.14471E+04
    0.17160E-03    0.14753E+04
    0.17507E-03    0.15040E+04
    0.17860E-03    0.15333E+04
    0.18221E-03    0.15632E+04
    0.18589E-03    0.15936E+04
    0.18965E-03    0.16247E+04
    0.19348E-03    0.16563E+04
    0.19739E-03    0.16886E+04
    0.20138E-03    0.17214E+04
    0.20544E-03    0.17549E+04
    0.20959E-03    0.17891E+04
    0.21383E-03    0.18239E+04
    0.21815E-03    0.18593E+04
    0.22255E-03    0.18955E+04
    0.22705E-03    0.19323E+04
    0.23164E-03    0.19699E+04
    0.23632E-03    0.20082E+04
    0.24109E-03    0.20472E+04
    0.24596E-03    0.20869E+04
    0.25093E-03    0.21275E+04
    0.25600E-03    0.21687E+04
    0.26117E-03    0.22108E+04
    0.26645E-03    0.22537E+04
    0.27183E-03    0.22974E+04
    0.27732E-03    0.23420E+04
    0.28292E-03    0.23874E+04
    0.28864E-03    0.24336E+04
    0.29447E-03    0.24807E+04
    0.30042E-03    0.25288E+04
    0.30649E-03    0.25777E+04
    0.31268E-03    0.26276E+04
    0.31899E-03    0.26784E+04
    0.32544E-03    0.27301E+04
    0.33201E-03    0.27829E+04
    0.33872E-03    0.28366E+04
    0.34556E-03    0.28914E+04
    0.35254E-03    0.29472E+04
    0.35966E-03    0.30040E+04
    0.36693E-03    0.30619E+04
    0.37434E-03    0.31209E+04
    0.38190E-03    0.31809E+04
    0.38962E-03    0.32421E+04
    0.39749E-03    0.33045E+04
    0.40552E-03    0.33680E+04
    0.41371E-03    0.34327E+04
    0.42207E-03    0.34986E+04
    0.43060E-03    0.35657E+04
    0.43929E-03    0.36340E+04
    0.44817E-03    0.37036E+04
    0.45722E-03    0.37745E+04
    0.46646E-03    0.38467E+04
    0.47588E-03    0.39202E+04
    0.48550E-03    0.39950E+04
    0.49530E-03    0.40712E+04
    0.50531E-03    0.41488E+04
    0.51552E-03    0.42278E+04
    0.52593E-03    0.43083E+04
    0.53656E-03    0.43902E+04
    0.54739E-03    0.44735E+04
    0.55845E-03    0.45584E+04
    0.56973E-03    0.46448E+04
    0.58124E-03    0.47327E+04
    0.59299E-03    0.48222E+04
    0.60496E-03    0.49133E+04
    0.61719E-03    0.50060E+04
    0.62965E-03    0.51004E+04
    0.64237E-03    0.51964E+04
    0.65535E-03    0.52940E+04
    0.66859E-03    0.53934E+04
    0.68210E-03    0.54946E+04
    0.69588E-03    0.55975E+04
    0.70993E-03    0.57021E+04
    0.72427E-03    0.58086E+04
    0.73891E-03    0.59169E+04
    0.75383E-03    0.60270E+04
    0.76906E-03    0.61391E+04
    0.78460E-03    0.62530E+04
    0.80045E-03    0.63688E+04
    0.81662E-03    0.64866E+04
    0.83311E-03    0.66064E+04
    0.84994E-03    0.67282E+04
    0.86711E-03    0.68519E+04
    0.88463E-03    0.69778E+04
    0.90250E-03    0.71056E+04
    0.92073E-03    0.72356E+04
    0.93933E-03    0.73677E+04
    0.95831E-03    0.75019E+04
    0.97767E-03    0.76382E+04
    0.99742E-03    0.77768E+04
    0.10176E-02    0.79175E+04
    0.10381E-02    0.80604E+04
    0.10591E-02    0.82056E+04
    0.10805E-02    0.83530E+04
    0.11023E-02    0.85027E+04
    0.11246E-02    0.86547E+04
    0.11473E-02    0.88089E+04
    0.11705E-02    0.89655E+04
    0.11941E-02    0.91244E+04
    0.12182E-02    0.92857E+04
    0.12429E-02    0.94494E+04
    0.12680E-02    0.96154E+04
    0.12936E-02    0.97838E+04
    0.13197E-02    0.99546E+04
    0.13464E-02    0.10128E+05
    0.13736E-02    0.10303E+05
    0.14013E-02    0.10482E+05
    0.14296E-02    0.10662E+05
    0.14585E-02    0.10845E+05
    0.14880E-02    0.11030E+05
    0.15180E-02    0.11218E+05
    0.15487E-02    0.11408E+05
    0.15800E-02    0.11601E+05
    0.16119E-02    0.11796E+05
    0.16445E-02    0.11994E+05
    0.16777E-02    0.12194E+05
    0.17116E-02    0.12396E+05
    0.17462E-02    0.12601E+05
    0.17814E-02    0.12809E+05
    0.18174E-02    0.13018E+05
    0.18541E-02    0.13230E+05
    0.18916E-02    0.13445E+05
    0.19298E-02    0.13662E+05
    0.19688E-02    0.13881E+05
    0.20086E-02    0.14102E+05
    0.20491E-02    0.14326E+05
    0.20905E-02    0.14552E+05
    0.21328E-02    0.14780E+05
    0.21758E-02    0.15010E+05
    0.22198E-02    0.15243E+05
    0.22646E-02    0.15477E+05
    0.23104E-02    0.15714E+05
    0.23571E-02    0.15953E+05
    0.24047E-02    0.16193E+05
    0.24533E-02    0.16436E+05
    0.25028E-02    0.16681E+05
    0.25534E-02    0.16927E+05
    0.26050E-02    0.17175E+05
    0.26576E-02    0.17425E+05
    0.27113E-02    0.17676E+05
    0.27660E-02    0.17930E+05
    0.28219E-02    0.18184E+05
    0.28789E-02    0.18440E+05
    0.29371E-02    0.18698E+05
    0.29964E-02    0.18957E+05
    0.30569E-02    0.19217E+05
    0.31187E-02    0.19478E+05
    0.31817E-02    0.19740E+05
    0.32460E-02    0.20003E+05
    0.33115E-02    0.20267E+05
    0.33784E-02    0.20531E+05
    0.34467E-02    0.20797E+05
    0.35163E-02    0.21063E+05
    0.35874E-02    0.21329E+05
    0.36598E-02    0.21595E+05
    0.37338E-02    0.21862E+05
    0.38092E-02    0.22129E+05
    0.38861E-02    0.22396E+05
    0.39646E-02    0.22662E+05
    0.40447E-02    0.22928E+05
    0.41264E-02    0.23194E+05
    0.42098E-02    0.23459E+05
    0.42948E-02    0.23723E+05
    0.43816E-02    0.23987E+05
    0.44701E-02    0.24249E+05
    0.45604E-02    0.24510E+05
    0.46525E-02    0.24770E+05
    0.47465E-02    0.25028E+05
    0.48424E-02    0.25284E+05
    0.49402E-02    0.25539E+05
    0.50400E-02    0.25792E+05
    0.51419E-02    0.26042E+05
    0.52457E-02    0.26289E+05
    0.53517E-02    0.26533E+05
    0.54598E-02    0.26775E+05
    0.55701E-02    0.27013E+05
    0.56826E-02    0.27247E+05
    0.57974E-02    0.27478E+05
    0.59145E-02    0.27705E+05
    0.60340E-02    0.27928E+05
    0.61559E-02    0.28147E+05
    0.62803E-02    0.28361E+05
    0.64072E-02    0.28571E+05
    0.65366E-02    0.28775E+05
    0.66686E-02    0.28974E+05
    0.68033E-02    0.29168E+05
    0.69408E-02    0.29356E+05
    0.70810E-02    0.29538E+05
    0.72240E-02    0.29714E+05
    0.73700E-02    0.29883E+05
    0.75189E-02    0.30045E+05
    0.76708E-02    0.30200E+05
    0.78257E-02    0.30348E+05
    0.79838E-02    0.30488E+05
    0.81451E-02    0.30620E+05
    0.83096E-02    0.30744E+05
    0.84775E-02    0.30859E+05
    0.86488E-02    0.30965E+05
    0.88235E-02    0.31062E+05
    0.90017E-02    0.31150E+05
    0.91836E-02    0.31228E+05
    0.93691E-02    0.31295E+05
    0.95583E-02    0.31353E+05
    0.97514E-02    0.31400E+05
    0.99484E-02    0.31435E+05
    0.10149E-01    0.31460E+05
    0.10354E-01    0.31473E+05
    0.10564E-01    0.31474E+05
    0.10777E-01    0.31463E+05
    0.10995E-01    0.31439E+05
    0.11217E-01    0.31403E+05
    0.11443E-01    0.31353E+05
    0.11675E-01    0.31291E+05
    0.11910E-01    0.31214E+05
    0.12151E-01    0.31124E+05
    0.12397E-01    0.31020E+05
    0.12647E-01    0.30902E+05
    0.12902E-01    0.30769E+05
    0.13163E-01    0.30621E+05
    0.13429E-01    0.30458E+05
    0.13700E-01    0.30281E+05
    0.13977E-01    0.30088E+05
    0.14259E-01    0.29880E+05
    0.14547E-01    0.29656E+05
    0.14841E-01    0.29417E+05
    0.15141E-01    0.29162E+05
    0.15447E-01    0.28892E+05
    0.15759E-01    0.28606E+05
    0.16077E-01    0.28304E+05
    0.16402E-01    0.27987E+05
    0.16734E-01    0.27655E+05
    0.17072E-01    0.27308E+05
    0.17416E-01    0.26945E+05
    0.17768E-01    0.26568E+05
    0.18127E-01    0.26177E+05
    0.18493E-01    0.25772E+05
    0.18867E-01    0.25353E+05
    0.19248E-01    0.24921E+05
    0.19637E-01    0.24477E+05
    0.20034E-01    0.24020E+05
    0.20438E-01    0.23553E+05
    0.20851E-01    0.23074E+05
    0.21272E-01    0.22586E+05
    0.21702E-01    0.22089E+05
    0.22141E-01    0.21584E+05
    0.22588E-01    0.21072E+05
    0.23044E-01    0.20553E+05
    0.23510E-01    0.20030E+05
    0.23985E-01    0.19502E+05
    0.24469E-01    0.18972E+05
    0.24964E-01    0.18440E+05
    0.25468E-01    0.17908E+05
    0.25982E-01    0.17376E+05
    0.26507E-01    0.16846E+05
    0.27043E-01    0.16320E+05
    0.27589E-01    0.15799E+05
    0.28146E-01    0.15284E+05
    0.28715E-01    0.14776E+05
    0.29295E-01    0.14277E+05
    0.29887E-01    0.13787E+05
    0.30490E-01    0.13309E+05
    0.31106E-01    0.12843E+05
    0.31735E-01    0.12391E+05
    0.32376E-01    0.11952E+05
    0.33030E-01    0.11529E+05
    0.33697E-01    0.11123E+05
    0.34378E-01    0.10734E+05
    0.35072E-01    0.10363E+05
    0.35781E-01    0.10011E+05
    0.36504E-01    0.96772E+04
    0.37241E-01    0.93633E+04
    0.37993E-01    0.90691E+04
    0.38761E-01    0.87949E+04
    0.39544E-01    0.85407E+04
    0.40343E-01    0.83063E+04
    0.41158E-01    0.80918E+04
    0.41989E-01    0.78968E+04
    0.42838E-01    0.77212E+04
    0.43703E-01    0.75633E+04
    0.44586E-01    0.74217E+04
    0.45486E-01    0.72947E+04
    0.46405E-01    0.71812E+04
    0.47343E-01    0.70800E+04
    0.48299E-01    0.69901E+04
    0.49275E-01    0.69107E+04
    0.50270E-01    0.68408E+04
    0.51286E-01    0.67788E+04
    0.52322E-01    0.67223E+04
    0.53379E-01    0.66691E+04
    0.54457E-01    0.66171E+04
    0.55557E-01    0.65632E+04
    0.56680E-01    0.65044E+04
    0.57825E-01    0.64378E+04
    0.58993E-01    0.63607E+04
    0.60184E-01    0.62708E+04
    0.61400E-01    0.61658E+04
    0.62641E-01    0.60441E+04
    0.63906E-01    0.59054E+04
    0.65197E-01    0.57492E+04
    0.66514E-01    0.55759E+04
    0.67858E-01    0.53868E+04
    0.69229E-01    0.51834E+04
    0.70627E-01    0.49674E+04
    0.72054E-01    0.47414E+04
    0.73510E-01    0.45078E+04
    0.74994E-01    0.42698E+04
    0.76509E-01    0.40307E+04
    0.78055E-01    0.37939E+04
    0.79632E-01    0.35637E+04
    0.81241E-01    0.33438E+04
    0.82882E-01    0.31379E+04
    0.84556E-01    0.29491E+04
    0.86264E-01    0.27797E+04
    0.88007E-01    0.26310E+04
    0.89785E-01    0.25040E+04
    0.91598E-01    0.23989E+04
    0.93449E-01    0.23145E+04
    0.95337E-01    0.22500E+04
    0.97263E-01    0.22033E+04
    0.99227E-01    0.21719E+04
    0.10123E+00    0.21531E+04
    0.10328E+00    0.21432E+04
    0.10536E+00    0.21382E+04
    0.10749E+00    0.21340E+04
    0.10966E+00    0.21265E+04
    0.11188E+00    0.21118E+04
    0.11414E+00    0.20866E+04
    0.11644E+00    0.20481E+04
    0.11880E+00    0.19943E+04
    0.12120E+00    0.19247E+04
    0.12365E+00    0.18398E+04
    0.12614E+00    0.17422E+04
    0.12869E+00    0.16358E+04
    0.13129E+00    0.15258E+04
    0.13394E+00    0.14177E+04
    0.13665E+00    0.13164E+04
    0.13941E+00    0.12257E+04
    0.14223E+00    0.11480E+04
    0.14510E+00    0.10847E+04
    0.14803E+00    0.10362E+04
    0.15102E+00    0.10019E+04
    0.15407E+00    0.98038E+03
    0.15718E+00    0.96872E+03
    0.16036E+00    0.96306E+03
    0.16360E+00    0.95875E+03
    0.16690E+00    0.95145E+03
    0.17028E+00    0.93766E+03
    0.17371E+00    0.91510E+03
    0.17722E+00    0.88284E+03
    0.18080E+00    0.84140E+03
    0.18446E+00    0.79296E+03
    0.18818E+00    0.74119E+03
    0.19198E+00    0.69027E+03
    0.19586E+00    0.64386E+03
    0.19982E+00    0.60459E+03
    0.20386E+00    0.57398E+03
    0.20797E+00    0.55220E+03
    0.21218E+00    0.53775E+03
    0.21646E+00    0.52791E+03
    0.22083E+00    0.51963E+03
    0.22530E+00    0.51013E+03
    0.22985E+00    0.49709E+03
    0.23449E+00    0.47911E+03
    0.23923E+00    0.45640E+03
    0.24406E+00    0.43072E+03
    0.24899E+00    0.40459E+03
    0.25402E+00    0.38046E+03
    0.25915E+00    0.36004E+03
    0.26439E+00    0.34406E+03
    0.26973E+00    0.33214E+03
    0.27518E+00    0.32285E+03
    0.28074E+00    0.31421E+03
    0.28641E+00    0.30460E+03
    0.29219E+00    0.29309E+03
    0.29810E+00    0.27962E+03
    0.30412E+00    0.26507E+03
    0.31026E+00    0.25081E+03
    0.31653E+00    0.23805E+03
    0.32292E+00    0.22740E+03
    0.32945E+00    0.21862E+03
    0.33610E+00    0.21097E+03
    0.34289E+00    0.20348E+03
    0.34982E+00    0.19545E+03
    0.35689E+00    0.18670E+03
    0.36409E+00    0.17767E+03
    0.37145E+00    0.16896E+03
    0.37895E+00    0.16111E+03
    0.38661E+00    0.15424E+03
    0.39442E+00    0.14806E+03
    0.40239E+00    0.14212E+03
    0.41052E+00    0.13610E+03
    0.41881E+00    0.12994E+03
    0.42727E+00    0.12386E+03
    0.43590E+00    0.11815E+03
    0.44471E+00    0.11292E+03
    0.45369E+00    0.10809E+03
    0.46286E+00    0.10346E+03
    0.47221E+00    0.98902E+02
    0.48174E+00    0.94404E+02
    0.49148E+00    0.90091E+02
    0.50141E+00    0.86039E+02
    0.51153E+00    0.82218E+02
    0.52187E+00    0.78576E+02
    0.53241E+00    0.75062E+02
    0.54317E+00    0.71651E+02
    0.55414E+00    0.68387E+02
    0.56533E+00    0.65295E+02
    0.57675E+00    0.62351E+02
    0.58840E+00    0.59532E+02
    0.60029E+00    0.56833E+02
    0.61242E+00    0.54248E+02
    0.62479E+00    0.51775E+02
    0.63741E+00    0.49409E+02
    0.65029E+00    0.47146E+02
    0.66342E+00    0.44982E+02
    0.67683E+00    0.42913E+02
    0.69050E+00    0.40937E+02
    0.70445E+00    0.39048E+02
    0.71868E+00    0.37245E+02
    0.73320E+00    0.35523E+02
    0.74801E+00    0.33878E+02
    0.76312E+00    0.32308E+02
    0.77854E+00    0.30808E+02
    0.79426E+00    0.29377E+02
    0.81031E+00    0.28010E+02
    0.82668E+00    0.26705E+02
    0.84338E+00    0.25459E+02
    0.86041E+00    0.24270E+02
    0.87780E+00    0.23135E+02
    0.89553E+00    0.22051E+02
    0.91362E+00    0.21016E+02
    0.93208E+00    0.20029E+02
    0.95091E+00    0.19087E+02
    0.97011E+00    0.18188E+02
    0.98971E+00    0.17330E+02
    0.10097E+01    0.16511E+02
    0.10301E+01    0.15730E+02
    0.10509E+01    0.14985E+02
    0.10721E+01    0.14274E+02
    0.10938E+01    0.13597E+02
    0.11159E+01    0.12950E+02
    0.11384E+01    0.12334E+02
    0.11614E+01    0.11746E+02
    0.11849E+01    0.11186E+02
    0.12088E+01    0.10651E+02
    0.12333E+01    0.10142E+02
    0.12582E+01    0.96566E+01
    0.12836E+01    0.91938E+01
    0.13095E+01    0.87528E+01
    0.13360E+01    0.83324E+01
    0.13630E+01    0.79317E+01
    0.13905E+01    0.75500E+01
    0.14186E+01    0.71862E+01
    0.14472E+01    0.68396E+01
    0.14765E+01    0.65094E+01
    0.15063E+01    0.61947E+01
    0.15367E+01    0.58950E+01
    0.15678E+01    0.56094E+01
    0.15994E+01    0.53374E+01
    0.16318E+01    0.50782E+01
    0.16647E+01    0.48314E+01
    0.16984E+01    0.45962E+01
    0.17327E+01    0.43723E+01
    0.17677E+01    0.41590E+01
    0.18034E+01    0.39559E+01
    0.18398E+01    0.37624E+01
    0.18770E+01    0.35783E+01
    0.19149E+01    0.34031E+01
    0.19536E+01    0.32363E+01
    0.19930E+01    0.30776E+01
    0.20333E+01    0.29266E+01
    0.20744E+01    0.27829E+01
    0.21163E+01    0.26463E+01
    0.21590E+01    0.25164E+01
