    0.10000E-03    0.41393E+03
    0.10202E-03    0.42202E+03
    0.10408E-03    0.43027E+03
    0.10618E-03    0.43868E+03
    0.10833E-03    0.44725E+03
    0.11052E-03    0.45599E+03
    0.11275E-03    0.46490E+03
    0.11503E-03    0.47399E+03
    0.11735E-03    0.48325E+03
    0.11972E-03    0.49269E+03
    0.12214E-03    0.50232E+03
    0.12461E-03    0.51213E+03
    0.12712E-03    0.52214E+03
    0.12969E-03    0.53234E+03
    0.13231E-03    0.54274E+03
    0.13499E-03    0.55335E+03
    0.13771E-03    0.56416E+03
    0.14049E-03    0.57518E+03
    0.14333E-03    0.58642E+03
    0.14623E-03    0.59787E+03
    0.14918E-03    0.60955E+03
    0.15220E-03    0.62146E+03
    0.15527E-03    0.63360E+03
    0.15841E-03    0.64597E+03
    0.16161E-03    0.65859E+03
    0.16487E-03    0.67145E+03
    0.16820E-03    0.68456E+03
    0.17160E-03    0.69793E+03
    0.17507E-03    0.71156E+03
    0.17860E-03    0.72545E+03
    0.18221E-03    0.73961E+03
    0.18589E-03    0.75405E+03
    0.18965E-03    0.76877E+03
    0.19348E-03    0.78378E+03
    0.19739E-03    0.79907E+03
    0.20138E-03    0.81467E+03
    0.20544E-03    0.83057E+03
    0.20959E-03    0.84678E+03
    0.21383E-03    0.86330E+03
    0.21815E-03    0.88014E+03
    0.22255E-03    0.89731E+03
    0.22705E-03    0.91482E+03
    0.23164E-03    0.93266E+03
    0.23632E-03    0.95085E+03
    0.24109E-03    0.96939E+03
    0.24596E-03    0.98830E+03
    0.25093E-03    0.10076E+04
    0.25600E-03    0.10272E+04
    0.26117E-03    0.10472E+04
    0.26645E-03    0.10676E+04
    0.27183E-03    0.10884E+04
    0.27732E-03    0.11097E+04
    0.28292E-03    0.11313E+04
    0.28864E-03    0.11533E+04
    0.29447E-03    0.11758E+04
    0.30042E-03    0.11987E+04
    0.30649E-03    0.12220E+04
    0.31268E-03    0.12458E+04
    0.31899E-03    0.12700E+04
    0.32544E-03    0.12948E+04
    0.33201E-03    0.13199E+04
    0.33872E-03    0.13456E+04
    0.34556E-03    0.13718E+04
    0.35254E-03    0.13985E+04
    0.35966E-03    0.14256E+04
    0.36693E-03    0.14534E+04
    0.37434E-03    0.14816E+04
    0.38190E-03    0.15104E+04
    0.38962E-03    0.15397E+04
    0.39749E-03    0.15696E+04
    0.40552E-03    0.16001E+04
    0.41371E-03    0.16311E+04
    0.42207E-03    0.16628E+04
    0.43060E-03    0.16950E+04
    0.43929E-03    0.17279E+04
    0.44817E-03    0.17614E+04
    0.45722E-03    0.17955E+04
    0.46646E-03    0.18303E+04
    0.47588E-03    0.18657E+04
    0.48550E-03    0.19018E+04
    0.49530E-03    0.19386E+04
    0.50531E-03    0.19761E+04
    0.51552E-03    0.20143E+04
    0.52593E-03    0.20532E+04
    0.53656E-03    0.20929E+04
    0.54739E-03    0.21333E+04
    0.55845E-03    0.21745E+04
    0.56973E-03    0.22164E+04
    0.58124E-03    0.22592E+04
    0.59299E-03    0.23027E+04
    0.60496E-03    0.23470E+04
    0.61719E-03    0.23922E+04
    0.62965E-03    0.24382E+04
    0.64237E-03    0.24851E+04
    0.65535E-03    0.25329E+04
    0.66859E-03    0.25815E+04
    0.68210E-03    0.26311E+04
    0.69588E-03    0.26816E+04
    0.70993E-03    0.27330E+04
    0.72427E-03    0.27853E+04
    0.73891E-03    0.28386E+04
    0.75383E-03    0.28929E+04
    0.76906E-03    0.29482E+04
    0.78460E-03    0.30045E+04
    0.80045E-03    0.30619E+04
    0.81662E-03    0.31203E+04
    0.83311E-03    0.31797E+04
    0.84994E-03    0.32403E+04
    0.86711E-03    0.33019E+04
    0.88463E-03    0.33646E+04
    0.90250E-03    0.34285E+04
    0.92073E-03    0.34936E+04
    0.93933E-03    0.35598E+04
    0.95831E-03    0.36272E+04
    0.97767E-03    0.36957E+04
    0.99742E-03    0.37656E+04
    0.10176E-02    0.38366E+04
    0.10381E-02    0.39089E+04
    0.10591E-02    0.39825E+04
    0.10805E-02    0.40574E+04
    0.11023E-02    0.41336E+04
    0.11246E-02    0.42112E+04
    0.11473E-02    0.42900E+04
    0.11705E-02    0.43703E+04
    0.11941E-02    0.44520E+04
    0.12182E-02    0.45350E+04
    0.12429E-02    0.46195E+04
    0.12680E-02    0.47054E+04
    0.12936E-02    0.47928E+04
    0.13197E-02    0.48817E+04
    0.13464E-02    0.49721E+04
    0.13736E-02    0.50640E+04
    0.14013E-02    0.51574E+04
    0.14296E-02    0.52524E+04
    0.14585E-02    0.53490E+04
    0.14880E-02    0.54471E+04
    0.15180E-02    0.55469E+04
    0.15487E-02    0.56483E+04
    0.15800E-02    0.57513E+04
    0.16119E-02    0.58561E+04
    0.16445E-02    0.59624E+04
    0.16777E-02    0.60705E+04
    0.17116E-02    0.61803E+04
    0.17462E-02    0.62919E+04
    0.17814E-02    0.64051E+04
    0.18174E-02    0.65202E+04
    0.18541E-02    0.66370E+04
    0.18916E-02    0.67556E+04
    0.19298E-02    0.68760E+04
    0.19688E-02    0.69982E+04
    0.20086E-02    0.71222E+04
    0.20491E-02    0.72481E+04
    0.20905E-02    0.73759E+04
    0.21328E-02    0.75055E+04
    0.21758E-02    0.76370E+04
    0.22198E-02    0.77703E+04
    0.22646E-02    0.79056E+04
    0.23104E-02    0.80427E+04
    0.23571E-02    0.81818E+04
    0.24047E-02    0.83228E+04
    0.24533E-02    0.84657E+04
    0.25028E-02    0.86105E+04
    0.25534E-02    0.87572E+04
    0.26050E-02    0.89059E+04
    0.26576E-02    0.90565E+04
    0.27113E-02    0.92090E+04
    0.27660E-02    0.93635E+04
    0.28219E-02    0.95199E+04
    0.28789E-02    0.96782E+04
    0.29371E-02    0.98384E+04
    0.29964E-02    0.10001E+05
    0.30569E-02    0.10165E+05
    0.31187E-02    0.10331E+05
    0.31817E-02    0.10498E+05
    0.32460E-02    0.10668E+05
    0.33115E-02    0.10840E+05
    0.33784E-02    0.11013E+05
    0.34467E-02    0.11188E+05
    0.35163E-02    0.11365E+05
    0.35874E-02    0.11544E+05
    0.36598E-02    0.11725E+05
    0.37338E-02    0.11907E+05
    0.38092E-02    0.12091E+05
    0.38861E-02    0.12277E+05
    0.39646E-02    0.12464E+05
    0.40447E-02    0.12653E+05
    0.41264E-02    0.12844E+05
    0.42098E-02    0.13036E+05
    0.42948E-02    0.13230E+05
    0.43816E-02    0.13425E+05
    0.44701E-02    0.13621E+05
    0.45604E-02    0.13819E+05
    0.46525E-02    0.14019E+05
    0.47465E-02    0.14219E+05
    0.48424E-02    0.14421E+05
    0.49402E-02    0.14623E+05
    0.50400E-02    0.14827E+05
    0.51419E-02    0.15032E+05
    0.52457E-02    0.15238E+05
    0.53517E-02    0.15445E+05
    0.54598E-02    0.15652E+05
    0.55701E-02    0.15860E+05
    0.56826E-02    0.16069E+05
    0.57974E-02    0.16278E+05
    0.59145E-02    0.16488E+05
    0.60340E-02    0.16698E+05
    0.61559E-02    0.16909E+05
    0.62803E-02    0.17119E+05
    0.64072E-02    0.17330E+05
    0.65366E-02    0.17541E+05
    0.66686E-02    0.17751E+05
    0.68033E-02    0.17961E+05
    0.69408E-02    0.18170E+05
    0.70810E-02    0.18379E+05
    0.72240E-02    0.18587E+05
    0.73700E-02    0.18794E+05
    0.75189E-02    0.19000E+05
    0.76708E-02    0.19205E+05
    0.78257E-02    0.19409E+05
    0.79838E-02    0.19611E+05
    0.81451E-02    0.19812E+05
    0.83096E-02    0.20011E+05
    0.84775E-02    0.20208E+05
    0.86488E-02    0.20403E+05
    0.88235E-02    0.20595E+05
    0.90017E-02    0.20785E+05
    0.91836E-02    0.20973E+05
    0.93691E-02    0.21157E+05
    0.95583E-02    0.21339E+05
    0.97514E-02    0.21517E+05
    0.99484E-02    0.21691E+05
    0.10149E-01    0.21862E+05
    0.10354E-01    0.22029E+05
    0.10564E-01    0.22192E+05
    0.10777E-01    0.22350E+05
    0.10995E-01    0.22504E+05
    0.11217E-01    0.22653E+05
    0.11443E-01    0.22797E+05
    0.11675E-01    0.22935E+05
    0.11910E-01    0.23068E+05
    0.12151E-01    0.23195E+05
    0.12397E-01    0.23316E+05
    0.12647E-01    0.23430E+05
    0.12902E-01    0.23538E+05
    0.13163E-01    0.23639E+05
    0.13429E-01    0.23733E+05
    0.13700E-01    0.23819E+05
    0.13977E-01    0.23898E+05
    0.14259E-01    0.23968E+05
    0.14547E-01    0.24031E+05
    0.14841E-01    0.24085E+05
    0.15141E-01    0.24130E+05
    0.15447E-01    0.24167E+05
    0.15759E-01    0.24194E+05
    0.16077E-01    0.24211E+05
    0.16402E-01    0.24219E+05
    0.16734E-01    0.24217E+05
    0.17072E-01    0.24205E+05
    0.17416E-01    0.24183E+05
    0.17768E-01    0.24149E+05
    0.18127E-01    0.24106E+05
    0.18493E-01    0.24051E+05
    0.18867E-01    0.23985E+05
    0.19248E-01    0.23908E+05
    0.19637E-01    0.23820E+05
    0.20034E-01    0.23720E+05
    0.20438E-01    0.23609E+05
    0.20851E-01    0.23487E+05
    0.21272E-01    0.23353E+05
    0.21702E-01    0.23207E+05
    0.22141E-01    0.23050E+05
    0.22588E-01    0.22882E+05
    0.23044E-01    0.22702E+05
    0.23510E-01    0.22512E+05
    0.23985E-01    0.22310E+05
    0.24469E-01    0.22098E+05
    0.24964E-01    0.21875E+05
    0.25468E-01    0.21642E+05
    0.25982E-01    0.21400E+05
    0.26507E-01    0.21148E+05
    0.27043E-01    0.20887E+05
    0.27589E-01    0.20618E+05
    0.28146E-01    0.20341E+05
    0.28715E-01    0.20056E+05
    0.29295E-01    0.19765E+05
    0.29887E-01    0.19468E+05
    0.30490E-01    0.19165E+05
    0.31106E-01    0.18858E+05
    0.31735E-01    0.18546E+05
    0.32376E-01    0.18232E+05
    0.33030E-01    0.17916E+05
    0.33697E-01    0.17598E+05
    0.34378E-01    0.17279E+05
    0.35072E-01    0.16960E+05
    0.35781E-01    0.16643E+05
    0.36504E-01    0.16328E+05
    0.37241E-01    0.16015E+05
    0.37993E-01    0.15706E+05
    0.38761E-01    0.15402E+05
    0.39544E-01    0.15104E+05
    0.40343E-01    0.14812E+05
    0.41158E-01    0.14526E+05
    0.41989E-01    0.14247E+05
    0.42838E-01    0.13976E+05
    0.43703E-01    0.13712E+05
    0.44586E-01    0.13456E+05
    0.45486E-01    0.13210E+05
    0.46405E-01    0.12974E+05
    0.47343E-01    0.12749E+05
    0.48299E-01    0.12535E+05
    0.49275E-01    0.12333E+05
    0.50270E-01    0.12139E+05
    0.51286E-01    0.11955E+05
    0.52322E-01    0.11779E+05
    0.53379E-01    0.11609E+05
    0.54457E-01    0.11446E+05
    0.55557E-01    0.11289E+05
    0.56680E-01    0.11136E+05
    0.57825E-01    0.10987E+05
    0.58993E-01    0.10840E+05
    0.60184E-01    0.10695E+05
    0.61400E-01    0.10551E+05
    0.62641E-01    0.10406E+05
    0.63906E-01    0.10260E+05
    0.65197E-01    0.10109E+05
    0.66514E-01    0.99539E+04
    0.67858E-01    0.97918E+04
    0.69229E-01    0.96212E+04
    0.70627E-01    0.94406E+04
    0.72054E-01    0.92495E+04
    0.73510E-01    0.90470E+04
    0.74994E-01    0.88330E+04
    0.76509E-01    0.86082E+04
    0.78055E-01    0.83733E+04
    0.79632E-01    0.81295E+04
    0.81241E-01    0.78790E+04
    0.82882E-01    0.76237E+04
    0.84556E-01    0.73660E+04
    0.86264E-01    0.71081E+04
    0.88007E-01    0.68524E+04
    0.89785E-01    0.66013E+04
    0.91598E-01    0.63569E+04
    0.93449E-01    0.61214E+04
    0.95337E-01    0.58970E+04
    0.97263E-01    0.56855E+04
    0.99227E-01    0.54886E+04
    0.10123E+00    0.53077E+04
    0.10328E+00    0.51440E+04
    0.10536E+00    0.49973E+04
    0.10749E+00    0.48676E+04
    0.10966E+00    0.47535E+04
    0.11188E+00    0.46530E+04
    0.11414E+00    0.45637E+04
    0.11644E+00    0.44824E+04
    0.11880E+00    0.44056E+04
    0.12120E+00    0.43299E+04
    0.12365E+00    0.42520E+04
    0.12614E+00    0.41689E+04
    0.12869E+00    0.40781E+04
    0.13129E+00    0.39778E+04
    0.13394E+00    0.38673E+04
    0.13665E+00    0.37465E+04
    0.13941E+00    0.36165E+04
    0.14223E+00    0.34792E+04
    0.14510E+00    0.33369E+04
    0.14803E+00    0.31928E+04
    0.15102E+00    0.30502E+04
    0.15407E+00    0.29127E+04
    0.15718E+00    0.27841E+04
    0.16036E+00    0.26672E+04
    0.16360E+00    0.25642E+04
    0.16690E+00    0.24757E+04
    0.17028E+00    0.24006E+04
    0.17371E+00    0.23367E+04
    0.17722E+00    0.22812E+04
    0.18080E+00    0.22308E+04
    0.18446E+00    0.21824E+04
    0.18818E+00    0.21325E+04
    0.19198E+00    0.20782E+04
    0.19586E+00    0.20169E+04
    0.19982E+00    0.19481E+04
    0.20386E+00    0.18725E+04
    0.20797E+00    0.17925E+04
    0.21218E+00    0.17114E+04
    0.21646E+00    0.16325E+04
    0.22083E+00    0.15585E+04
    0.22530E+00    0.14919E+04
    0.22985E+00    0.14338E+04
    0.23449E+00    0.13843E+04
    0.23923E+00    0.13418E+04
    0.24406E+00    0.13042E+04
    0.24899E+00    0.12686E+04
    0.25402E+00    0.12322E+04
    0.25915E+00    0.11928E+04
    0.26439E+00    0.11495E+04
    0.26973E+00    0.11030E+04
    0.27518E+00    0.10551E+04
    0.28074E+00    0.10079E+04
    0.28641E+00    0.96342E+03
    0.29219E+00    0.92319E+03
    0.29810E+00    0.88793E+03
    0.30412E+00    0.85697E+03
    0.31026E+00    0.82870E+03
    0.31653E+00    0.80136E+03
    0.32292E+00    0.77352E+03
    0.32945E+00    0.74436E+03
    0.33610E+00    0.71392E+03
    0.34289E+00    0.68324E+03
    0.34982E+00    0.65373E+03
    0.35689E+00    0.62640E+03
    0.36409E+00    0.60155E+03
    0.37145E+00    0.57890E+03
    0.37895E+00    0.55769E+03
    0.38661E+00    0.53692E+03
    0.39442E+00    0.51593E+03
    0.40239E+00    0.49474E+03
    0.41052E+00    0.47383E+03
    0.41881E+00    0.45381E+03
    0.42727E+00    0.43509E+03
    0.43590E+00    0.41772E+03
    0.44471E+00    0.40130E+03
    0.45369E+00    0.38540E+03
    0.46286E+00    0.36974E+03
    0.47221E+00    0.35428E+03
    0.48174E+00    0.33933E+03
    0.49148E+00    0.32512E+03
    0.50141E+00    0.31169E+03
    0.51153E+00    0.29894E+03
    0.52187E+00    0.28664E+03
    0.53241E+00    0.27467E+03
    0.54317E+00    0.26306E+03
    0.55414E+00    0.25191E+03
    0.56533E+00    0.24129E+03
    0.57675E+00    0.23116E+03
    0.58840E+00    0.22143E+03
    0.60029E+00    0.21203E+03
    0.61242E+00    0.20297E+03
    0.62479E+00    0.19429E+03
    0.63741E+00    0.18599E+03
    0.65029E+00    0.17804E+03
    0.66342E+00    0.17040E+03
    0.67683E+00    0.16307E+03
    0.69050E+00    0.15604E+03
    0.70445E+00    0.14929E+03
    0.71868E+00    0.14281E+03
    0.73320E+00    0.13660E+03
    0.74801E+00    0.13065E+03
    0.76312E+00    0.12494E+03
    0.77854E+00    0.11947E+03
    0.79426E+00    0.11423E+03
    0.81031E+00    0.10921E+03
    0.82668E+00    0.10440E+03
    0.84338E+00    0.99792E+02
    0.86041E+00    0.95380E+02
    0.87780E+00    0.91155E+02
    0.89553E+00    0.87110E+02
    0.91362E+00    0.83237E+02
    0.93208E+00    0.79529E+02
    0.95091E+00    0.75980E+02
    0.97011E+00    0.72582E+02
    0.98971E+00    0.69331E+02
    0.10097E+01    0.66219E+02
    0.10301E+01    0.63242E+02
    0.10509E+01    0.60393E+02
    0.10721E+01    0.57667E+02
    0.10938E+01    0.55060E+02
    0.11159E+01    0.52566E+02
    0.11384E+01    0.50180E+02
    0.11614E+01    0.47899E+02
    0.11849E+01    0.45718E+02
    0.12088E+01    0.43633E+02
    0.12333E+01    0.41640E+02
    0.12582E+01    0.39734E+02
    0.12836E+01    0.37913E+02
    0.13095E+01    0.36172E+02
    0.13360E+01    0.34509E+02
    0.13630E+01    0.32919E+02
    0.13905E+01    0.31401E+02
    0.14186E+01    0.29950E+02
    0.14472E+01    0.28565E+02
    0.14765E+01    0.27241E+02
    0.15063E+01    0.25977E+02
    0.15367E+01    0.24770E+02
    0.15678E+01    0.23618E+02
    0.15994E+01    0.22518E+02
    0.16318E+01    0.21467E+02
    0.16647E+01    0.20464E+02
    0.16984E+01    0.19507E+02
    0.17327E+01    0.18593E+02
    0.17677E+01    0.17720E+02
    0.18034E+01    0.16888E+02
    0.18398E+01    0.16093E+02
    0.18770E+01    0.15334E+02
    0.19149E+01    0.14611E+02
    0.19536E+01    0.13920E+02
    0.19930E+01    0.13261E+02
    0.20333E+01    0.12632E+02
    0.20744E+01    0.12032E+02
    0.21163E+01    0.11460E+02
    0.21590E+01    0.10914E+02
    0.22026E+01    0.10394E+02
    0.22471E+01    0.98987E+01
    0.22925E+01    0.94264E+01
    0.23388E+01    0.89765E+01
    0.23861E+01    0.85478E+01
    0.24343E+01    0.81396E+01
