    0.10000E-03    0.82969E+03
    0.10202E-03    0.84589E+03
    0.10408E-03    0.86241E+03
    0.10618E-03    0.87926E+03
    0.10833E-03    0.89643E+03
    0.11052E-03    0.91393E+03
    0.11275E-03    0.93178E+03
    0.11503E-03    0.94998E+03
    0.11735E-03    0.96853E+03
    0.11972E-03    0.98744E+03
    0.12214E-03    0.10067E+04
    0.12461E-03    0.10264E+04
    0.12712E-03    0.10464E+04
    0.12969E-03    0.10668E+04
    0.13231E-03    0.10876E+04
    0.13499E-03    0.11089E+04
    0.13771E-03    0.11305E+04
    0.14049E-03    0.11526E+04
    0.14333E-03    0.11751E+04
    0.14623E-03    0.11980E+04
    0.14918E-03    0.12214E+04
    0.15220E-03    0.12452E+04
    0.15527E-03    0.12695E+04
    0.15841E-03    0.12942E+04
    0.16161E-03    0.13195E+04
    0.16487E-03    0.13452E+04
    0.16820E-03    0.13714E+04
    0.17160E-03    0.13982E+04
    0.17507E-03    0.14254E+04
    0.17860E-03    0.14532E+04
    0.18221E-03    0.14815E+04
    0.18589E-03    0.15104E+04
    0.18965E-03    0.15398E+04
    0.19348E-03    0.15698E+04
    0.19739E-03    0.16003E+04
    0.20138E-03    0.16315E+04
    0.20544E-03    0.16633E+04
    0.20959E-03    0.16956E+04
    0.21383E-03    0.17286E+04
    0.21815E-03    0.17623E+04
    0.22255E-03    0.17966E+04
    0.22705E-03    0.18315E+04
    0.23164E-03    0.18671E+04
    0.23632E-03    0.19034E+04
    0.24109E-03    0.19404E+04
    0.24596E-03    0.19781E+04
    0.25093E-03    0.20165E+04
    0.25600E-03    0.20557E+04
    0.26117E-03    0.20956E+04
    0.26645E-03    0.21363E+04
    0.27183E-03    0.21778E+04
    0.27732E-03    0.22200E+04
    0.28292E-03    0.22631E+04
    0.28864E-03    0.23070E+04
    0.29447E-03    0.23517E+04
    0.30042E-03    0.23972E+04
    0.30649E-03    0.24437E+04
    0.31268E-03    0.24910E+04
    0.31899E-03    0.25392E+04
    0.32544E-03    0.25883E+04
    0.33201E-03    0.26384E+04
    0.33872E-03    0.26894E+04
    0.34556E-03    0.27413E+04
    0.35254E-03    0.27943E+04
    0.35966E-03    0.28482E+04
    0.36693E-03    0.29032E+04
    0.37434E-03    0.29592E+04
    0.38190E-03    0.30162E+04
    0.38962E-03    0.30743E+04
    0.39749E-03    0.31335E+04
    0.40552E-03    0.31938E+04
    0.41371E-03    0.32553E+04
    0.42207E-03    0.33178E+04
    0.43060E-03    0.33816E+04
    0.43929E-03    0.34465E+04
    0.44817E-03    0.35126E+04
    0.45722E-03    0.35800E+04
    0.46646E-03    0.36485E+04
    0.47588E-03    0.37184E+04
    0.48550E-03    0.37895E+04
    0.49530E-03    0.38620E+04
    0.50531E-03    0.39357E+04
    0.51552E-03    0.40108E+04
    0.52593E-03    0.40873E+04
    0.53656E-03    0.41652E+04
    0.54739E-03    0.42445E+04
    0.55845E-03    0.43252E+04
    0.56973E-03    0.44074E+04
    0.58124E-03    0.44910E+04
    0.59299E-03    0.45762E+04
    0.60496E-03    0.46628E+04
    0.61719E-03    0.47511E+04
    0.62965E-03    0.48409E+04
    0.64237E-03    0.49323E+04
    0.65535E-03    0.50253E+04
    0.66859E-03    0.51199E+04
    0.68210E-03    0.52162E+04
    0.69588E-03    0.53142E+04
    0.70993E-03    0.54139E+04
    0.72427E-03    0.55154E+04
    0.73891E-03    0.56186E+04
    0.75383E-03    0.57236E+04
    0.76906E-03    0.58304E+04
    0.78460E-03    0.59390E+04
    0.80045E-03    0.60495E+04
    0.81662E-03    0.61619E+04
    0.83311E-03    0.62762E+04
    0.84994E-03    0.63923E+04
    0.86711E-03    0.65105E+04
    0.88463E-03    0.66306E+04
    0.90250E-03    0.67527E+04
    0.92073E-03    0.68769E+04
    0.93933E-03    0.70030E+04
    0.95831E-03    0.71313E+04
    0.97767E-03    0.72616E+04
    0.99742E-03    0.73941E+04
    0.10176E-02    0.75286E+04
    0.10381E-02    0.76653E+04
    0.10591E-02    0.78042E+04
    0.10805E-02    0.79453E+04
    0.11023E-02    0.80886E+04
    0.11246E-02    0.82342E+04
    0.11473E-02    0.83819E+04
    0.11705E-02    0.85320E+04
    0.11941E-02    0.86843E+04
    0.12182E-02    0.88390E+04
    0.12429E-02    0.89959E+04
    0.12680E-02    0.91552E+04
    0.12936E-02    0.93169E+04
    0.13197E-02    0.94809E+04
    0.13464E-02    0.96473E+04
    0.13736E-02    0.98161E+04
    0.14013E-02    0.99872E+04
    0.14296E-02    0.10161E+05
    0.14585E-02    0.10337E+05
    0.14880E-02    0.10515E+05
    0.15180E-02    0.10696E+05
    0.15487E-02    0.10879E+05
    0.15800E-02    0.11065E+05
    0.16119E-02    0.11253E+05
    0.16445E-02    0.11444E+05
    0.16777E-02    0.11637E+05
    0.17116E-02    0.11832E+05
    0.17462E-02    0.12030E+05
    0.17814E-02    0.12231E+05
    0.18174E-02    0.12433E+05
    0.18541E-02    0.12639E+05
    0.18916E-02    0.12846E+05
    0.19298E-02    0.13056E+05
    0.19688E-02    0.13268E+05
    0.20086E-02    0.13483E+05
    0.20491E-02    0.13700E+05
    0.20905E-02    0.13920E+05
    0.21328E-02    0.14141E+05
    0.21758E-02    0.14365E+05
    0.22198E-02    0.14591E+05
    0.22646E-02    0.14820E+05
    0.23104E-02    0.15050E+05
    0.23571E-02    0.15283E+05
    0.24047E-02    0.15518E+05
    0.24533E-02    0.15754E+05
    0.25028E-02    0.15993E+05
    0.25534E-02    0.16234E+05
    0.26050E-02    0.16477E+05
    0.26576E-02    0.16721E+05
    0.27113E-02    0.16968E+05
    0.27660E-02    0.17216E+05
    0.28219E-02    0.17466E+05
    0.28789E-02    0.17718E+05
    0.29371E-02    0.17971E+05
    0.29964E-02    0.18226E+05
    0.30569E-02    0.18482E+05
    0.31187E-02    0.18739E+05
    0.31817E-02    0.18998E+05
    0.32460E-02    0.19258E+05
    0.33115E-02    0.19519E+05
    0.33784E-02    0.19781E+05
    0.34467E-02    0.20044E+05
    0.35163E-02    0.20308E+05
    0.35874E-02    0.20572E+05
    0.36598E-02    0.20837E+05
    0.37338E-02    0.21103E+05
    0.38092E-02    0.21369E+05
    0.38861E-02    0.21635E+05
    0.39646E-02    0.21901E+05
    0.40447E-02    0.22168E+05
    0.41264E-02    0.22434E+05
    0.42098E-02    0.22700E+05
    0.42948E-02    0.22966E+05
    0.43816E-02    0.23231E+05
    0.44701E-02    0.23495E+05
    0.45604E-02    0.23759E+05
    0.46525E-02    0.24022E+05
    0.47465E-02    0.24283E+05
    0.48424E-02    0.24544E+05
    0.49402E-02    0.24803E+05
    0.50400E-02    0.25060E+05
    0.51419E-02    0.25316E+05
    0.52457E-02    0.25569E+05
    0.53517E-02    0.25820E+05
    0.54598E-02    0.26069E+05
    0.55701E-02    0.26314E+05
    0.56826E-02    0.26557E+05
    0.57974E-02    0.26797E+05
    0.59145E-02    0.27033E+05
    0.60340E-02    0.27266E+05
    0.61559E-02    0.27496E+05
    0.62803E-02    0.27721E+05
    0.64072E-02    0.27942E+05
    0.65366E-02    0.28158E+05
    0.66686E-02    0.28370E+05
    0.68033E-02    0.28576E+05
    0.69408E-02    0.28778E+05
    0.70810E-02    0.28974E+05
    0.72240E-02    0.29165E+05
    0.73700E-02    0.29349E+05
    0.75189E-02    0.29528E+05
    0.76708E-02    0.29700E+05
    0.78257E-02    0.29866E+05
    0.79838E-02    0.30024E+05
    0.81451E-02    0.30175E+05
    0.83096E-02    0.30318E+05
    0.84775E-02    0.30454E+05
    0.86488E-02    0.30581E+05
    0.88235E-02    0.30700E+05
    0.90017E-02    0.30810E+05
    0.91836E-02    0.30910E+05
    0.93691E-02    0.31002E+05
    0.95583E-02    0.31083E+05
    0.97514E-02    0.31155E+05
    0.99484E-02    0.31216E+05
    0.10149E-01    0.31266E+05
    0.10354E-01    0.31306E+05
    0.10564E-01    0.31334E+05
    0.10777E-01    0.31351E+05
    0.10995E-01    0.31356E+05
    0.11217E-01    0.31349E+05
    0.11443E-01    0.31329E+05
    0.11675E-01    0.31296E+05
    0.11910E-01    0.31251E+05
    0.12151E-01    0.31192E+05
    0.12397E-01    0.31119E+05
    0.12647E-01    0.31033E+05
    0.12902E-01    0.30932E+05
    0.13163E-01    0.30818E+05
    0.13429E-01    0.30688E+05
    0.13700E-01    0.30544E+05
    0.13977E-01    0.30385E+05
    0.14259E-01    0.30211E+05
    0.14547E-01    0.30022E+05
    0.14841E-01    0.29817E+05
    0.15141E-01    0.29597E+05
    0.15447E-01    0.29362E+05
    0.15759E-01    0.29110E+05
    0.16077E-01    0.28844E+05
    0.16402E-01    0.28561E+05
    0.16734E-01    0.28264E+05
    0.17072E-01    0.27951E+05
    0.17416E-01    0.27622E+05
    0.17768E-01    0.27279E+05
    0.18127E-01    0.26921E+05
    0.18493E-01    0.26548E+05
    0.18867E-01    0.26162E+05
    0.19248E-01    0.25761E+05
    0.19637E-01    0.25347E+05
    0.20034E-01    0.24921E+05
    0.20438E-01    0.24482E+05
    0.20851E-01    0.24031E+05
    0.21272E-01    0.23570E+05
    0.21702E-01    0.23098E+05
    0.22141E-01    0.22617E+05
    0.22588E-01    0.22127E+05
    0.23044E-01    0.21630E+05
    0.23510E-01    0.21126E+05
    0.23985E-01    0.20616E+05
    0.24469E-01    0.20102E+05
    0.24964E-01    0.19584E+05
    0.25468E-01    0.19064E+05
    0.25982E-01    0.18543E+05
    0.26507E-01    0.18023E+05
    0.27043E-01    0.17503E+05
    0.27589E-01    0.16986E+05
    0.28146E-01    0.16474E+05
    0.28715E-01    0.15966E+05
    0.29295E-01    0.15466E+05
    0.29887E-01    0.14973E+05
    0.30490E-01    0.14489E+05
    0.31106E-01    0.14015E+05
    0.31735E-01    0.13554E+05
    0.32376E-01    0.13104E+05
    0.33030E-01    0.12669E+05
    0.33697E-01    0.12248E+05
    0.34378E-01    0.11843E+05
    0.35072E-01    0.11454E+05
    0.35781E-01    0.11082E+05
    0.36504E-01    0.10728E+05
    0.37241E-01    0.10393E+05
    0.37993E-01    0.10076E+05
    0.38761E-01    0.97793E+04
    0.39544E-01    0.95017E+04
    0.40343E-01    0.92439E+04
    0.41158E-01    0.90056E+04
    0.41989E-01    0.87869E+04
    0.42838E-01    0.85878E+04
    0.43703E-01    0.84073E+04
    0.44586E-01    0.82438E+04
    0.45486E-01    0.80956E+04
    0.46405E-01    0.79613E+04
    0.47343E-01    0.78396E+04
    0.48299E-01    0.77294E+04
    0.49275E-01    0.76298E+04
    0.50270E-01    0.75398E+04
    0.51286E-01    0.74585E+04
    0.52322E-01    0.73837E+04
    0.53379E-01    0.73136E+04
    0.54457E-01    0.72462E+04
    0.55557E-01    0.71791E+04
    0.56680E-01    0.71093E+04
    0.57825E-01    0.70340E+04
    0.58993E-01    0.69504E+04
    0.60184E-01    0.68559E+04
    0.61400E-01    0.67478E+04
    0.62641E-01    0.66241E+04
    0.63906E-01    0.64837E+04
    0.65197E-01    0.63259E+04
    0.66514E-01    0.61509E+04
    0.67858E-01    0.59593E+04
    0.69229E-01    0.57527E+04
    0.70627E-01    0.55329E+04
    0.72054E-01    0.53021E+04
    0.73510E-01    0.50628E+04
    0.74994E-01    0.48177E+04
    0.76509E-01    0.45700E+04
    0.78055E-01    0.43225E+04
    0.79632E-01    0.40790E+04
    0.81241E-01    0.38434E+04
    0.82882E-01    0.36191E+04
    0.84556E-01    0.34101E+04
    0.86264E-01    0.32193E+04
    0.88007E-01    0.30488E+04
    0.89785E-01    0.28998E+04
    0.91598E-01    0.27732E+04
    0.93449E-01    0.26685E+04
    0.95337E-01    0.25845E+04
    0.97263E-01    0.25199E+04
    0.99227E-01    0.24722E+04
    0.10123E+00    0.24390E+04
    0.10328E+00    0.24169E+04
    0.10536E+00    0.24023E+04
    0.10749E+00    0.23912E+04
    0.10966E+00    0.23791E+04
    0.11188E+00    0.23616E+04
    0.11414E+00    0.23352E+04
    0.11644E+00    0.22968E+04
    0.11880E+00    0.22441E+04
    0.12120E+00    0.21762E+04
    0.12365E+00    0.20930E+04
    0.12614E+00    0.19957E+04
    0.12869E+00    0.18874E+04
    0.13129E+00    0.17722E+04
    0.13394E+00    0.16558E+04
    0.13665E+00    0.15435E+04
    0.13941E+00    0.14401E+04
    0.14223E+00    0.13490E+04
    0.14510E+00    0.12722E+04
    0.14803E+00    0.12103E+04
    0.15102E+00    0.11634E+04
    0.15407E+00    0.11304E+04
    0.15718E+00    0.11094E+04
    0.16036E+00    0.10970E+04
    0.16360E+00    0.10886E+04
    0.16690E+00    0.10796E+04
    0.17028E+00    0.10659E+04
    0.17371E+00    0.10443E+04
    0.17722E+00    0.10133E+04
    0.18080E+00    0.97254E+03
    0.18446E+00    0.92345E+03
    0.18818E+00    0.86902E+03
    0.19198E+00    0.81319E+03
    0.19586E+00    0.76003E+03
    0.19982E+00    0.71291E+03
    0.20386E+00    0.67409E+03
    0.20797E+00    0.64445E+03
    0.21218E+00    0.62336E+03
    0.21646E+00    0.60877E+03
    0.22083E+00    0.59764E+03
    0.22530E+00    0.58671E+03
    0.22985E+00    0.57327E+03
    0.23449E+00    0.55551E+03
    0.23923E+00    0.53278E+03
    0.24406E+00    0.50587E+03
    0.24899E+00    0.47705E+03
    0.25402E+00    0.44912E+03
    0.25915E+00    0.42425E+03
    0.26439E+00    0.40370E+03
    0.26973E+00    0.38773E+03
    0.27518E+00    0.37543E+03
    0.28074E+00    0.36497E+03
    0.28641E+00    0.35439E+03
    0.29219E+00    0.34227E+03
    0.29810E+00    0.32807E+03
    0.30412E+00    0.31228E+03
    0.31026E+00    0.29603E+03
    0.31653E+00    0.28075E+03
    0.32292E+00    0.26746E+03
    0.32945E+00    0.25636E+03
    0.33610E+00    0.24695E+03
    0.34289E+00    0.23824E+03
    0.34982E+00    0.22934E+03
    0.35689E+00    0.21977E+03
    0.36409E+00    0.20962E+03
    0.37145E+00    0.19952E+03
    0.37895E+00    0.19007E+03
    0.38661E+00    0.18166E+03
    0.39442E+00    0.17419E+03
    0.40239E+00    0.16725E+03
    0.41052E+00    0.16040E+03
    0.41881E+00    0.15342E+03
    0.42727E+00    0.14640E+03
    0.43590E+00    0.13964E+03
    0.44471E+00    0.13337E+03
    0.45369E+00    0.12760E+03
    0.46286E+00    0.12218E+03
    0.47221E+00    0.11692E+03
    0.48174E+00    0.11171E+03
    0.49148E+00    0.10664E+03
    0.50141E+00    0.10183E+03
    0.51153E+00    0.97312E+02
    0.52187E+00    0.93023E+02
    0.53241E+00    0.88906E+02
    0.54317E+00    0.84923E+02
    0.55414E+00    0.81077E+02
    0.56533E+00    0.77414E+02
    0.57675E+00    0.73941E+02
    0.58840E+00    0.70624E+02
    0.60029E+00    0.67445E+02
    0.61242E+00    0.64400E+02
    0.62479E+00    0.61484E+02
    0.63741E+00    0.58692E+02
    0.65029E+00    0.56020E+02
    0.66342E+00    0.53464E+02
    0.67683E+00    0.51019E+02
    0.69050E+00    0.48682E+02
    0.70445E+00    0.46448E+02
    0.71868E+00    0.44314E+02
    0.73320E+00    0.42275E+02
    0.74801E+00    0.40328E+02
    0.76312E+00    0.38468E+02
    0.77854E+00    0.36692E+02
    0.79426E+00    0.34996E+02
    0.81031E+00    0.33376E+02
    0.82668E+00    0.31829E+02
    0.84338E+00    0.30352E+02
    0.86041E+00    0.28941E+02
    0.87780E+00    0.27594E+02
    0.89553E+00    0.26308E+02
    0.91362E+00    0.25080E+02
    0.93208E+00    0.23908E+02
    0.95091E+00    0.22789E+02
    0.97011E+00    0.21720E+02
    0.98971E+00    0.20701E+02
    0.10097E+01    0.19727E+02
    0.10301E+01    0.18798E+02
    0.10509E+01    0.17912E+02
    0.10721E+01    0.17067E+02
    0.10938E+01    0.16260E+02
    0.11159E+01    0.15490E+02
    0.11384E+01    0.14756E+02
    0.11614E+01    0.14056E+02
    0.11849E+01    0.13388E+02
    0.12088E+01    0.12752E+02
    0.12333E+01    0.12144E+02
    0.12582E+01    0.11565E+02
    0.12836E+01    0.11013E+02
    0.13095E+01    0.10487E+02
    0.13360E+01    0.99855E+01
    0.13630E+01    0.95073E+01
    0.13905E+01    0.90515E+01
    0.14186E+01    0.86171E+01
    0.14472E+01    0.82031E+01
    0.14765E+01    0.78086E+01
    0.15063E+01    0.74326E+01
    0.15367E+01    0.70743E+01
    0.15678E+01    0.67329E+01
    0.15994E+01    0.64076E+01
    0.16318E+01    0.60977E+01
    0.16647E+01    0.58024E+01
    0.16984E+01    0.55210E+01
    0.17327E+01    0.52530E+01
    0.17677E+01    0.49977E+01
    0.18034E+01    0.47545E+01
    0.18398E+01    0.45228E+01
    0.18770E+01    0.43022E+01
    0.19149E+01    0.40922E+01
    0.19536E+01    0.38923E+01
    0.19930E+01    0.37020E+01
    0.20333E+01    0.35209E+01
    0.20744E+01    0.33486E+01
    0.21163E+01    0.31847E+01
    0.21590E+01    0.30287E+01
    0.22026E+01    0.28804E+01
