    0.10000E-03    0.27412E+03
    0.10202E-03    0.27948E+03
    0.10408E-03    0.28494E+03
    0.10618E-03    0.29051E+03
    0.10833E-03    0.29619E+03
    0.11052E-03    0.30198E+03
    0.11275E-03    0.30789E+03
    0.11503E-03    0.31390E+03
    0.11735E-03    0.32004E+03
    0.11972E-03    0.32630E+03
    0.12214E-03    0.33267E+03
    0.12461E-03    0.33918E+03
    0.12712E-03    0.34581E+03
    0.12969E-03    0.35256E+03
    0.13231E-03    0.35946E+03
    0.13499E-03    0.36648E+03
    0.13771E-03    0.37364E+03
    0.14049E-03    0.38095E+03
    0.14333E-03    0.38839E+03
    0.14623E-03    0.39598E+03
    0.14918E-03    0.40372E+03
    0.15220E-03    0.41161E+03
    0.15527E-03    0.41965E+03
    0.15841E-03    0.42785E+03
    0.16161E-03    0.43621E+03
    0.16487E-03    0.44474E+03
    0.16820E-03    0.45342E+03
    0.17160E-03    0.46228E+03
    0.17507E-03    0.47132E+03
    0.17860E-03    0.48052E+03
    0.18221E-03    0.48991E+03
    0.18589E-03    0.49948E+03
    0.18965E-03    0.50924E+03
    0.19348E-03    0.51919E+03
    0.19739E-03    0.52933E+03
    0.20138E-03    0.53967E+03
    0.20544E-03    0.55021E+03
    0.20959E-03    0.56095E+03
    0.21383E-03    0.57191E+03
    0.21815E-03    0.58308E+03
    0.22255E-03    0.59446E+03
    0.22705E-03    0.60607E+03
    0.23164E-03    0.61790E+03
    0.23632E-03    0.62997E+03
    0.24109E-03    0.64226E+03
    0.24596E-03    0.65480E+03
    0.25093E-03    0.66758E+03
    0.25600E-03    0.68061E+03
    0.26117E-03    0.69390E+03
    0.26645E-03    0.70744E+03
    0.27183E-03    0.72124E+03
    0.27732E-03    0.73532E+03
    0.28292E-03    0.74966E+03
    0.28864E-03    0.76429E+03
    0.29447E-03    0.77920E+03
    0.30042E-03    0.79440E+03
    0.30649E-03    0.80989E+03
    0.31268E-03    0.82568E+03
    0.31899E-03    0.84178E+03
    0.32544E-03    0.85820E+03
    0.33201E-03    0.87493E+03
    0.33872E-03    0.89198E+03
    0.34556E-03    0.90937E+03
    0.35254E-03    0.92709E+03
    0.35966E-03    0.94515E+03
    0.36693E-03    0.96357E+03
    0.37434E-03    0.98234E+03
    0.38190E-03    0.10015E+04
    0.38962E-03    0.10210E+04
    0.39749E-03    0.10409E+04
    0.40552E-03    0.10611E+04
    0.41371E-03    0.10818E+04
    0.42207E-03    0.11028E+04
    0.43060E-03    0.11243E+04
    0.43929E-03    0.11461E+04
    0.44817E-03    0.11684E+04
    0.45722E-03    0.11912E+04
    0.46646E-03    0.12143E+04
    0.47588E-03    0.12379E+04
    0.48550E-03    0.12620E+04
    0.49530E-03    0.12865E+04
    0.50531E-03    0.13115E+04
    0.51552E-03    0.13369E+04
    0.52593E-03    0.13629E+04
    0.53656E-03    0.13894E+04
    0.54739E-03    0.14163E+04
    0.55845E-03    0.14438E+04
    0.56973E-03    0.14718E+04
    0.58124E-03    0.15003E+04
    0.59299E-03    0.15294E+04
    0.60496E-03    0.15590E+04
    0.61719E-03    0.15892E+04
    0.62965E-03    0.16200E+04
    0.64237E-03    0.16513E+04
    0.65535E-03    0.16833E+04
    0.66859E-03    0.17158E+04
    0.68210E-03    0.17490E+04
    0.69588E-03    0.17828E+04
    0.70993E-03    0.18172E+04
    0.72427E-03    0.18523E+04
    0.73891E-03    0.18880E+04
    0.75383E-03    0.19245E+04
    0.76906E-03    0.19616E+04
    0.78460E-03    0.19994E+04
    0.80045E-03    0.20379E+04
    0.81662E-03    0.20771E+04
    0.83311E-03    0.21171E+04
    0.84994E-03    0.21578E+04
    0.86711E-03    0.21992E+04
    0.88463E-03    0.22415E+04
    0.90250E-03    0.22845E+04
    0.92073E-03    0.23283E+04
    0.93933E-03    0.23730E+04
    0.95831E-03    0.24184E+04
    0.97767E-03    0.24647E+04
    0.99742E-03    0.25119E+04
    0.10176E-02    0.25599E+04
    0.10381E-02    0.26088E+04
    0.10591E-02    0.26586E+04
    0.10805E-02    0.27093E+04
    0.11023E-02    0.27610E+04
    0.11246E-02    0.28136E+04
    0.11473E-02    0.28671E+04
    0.11705E-02    0.29216E+04
    0.11941E-02    0.29771E+04
    0.12182E-02    0.30336E+04
    0.12429E-02    0.30911E+04
    0.12680E-02    0.31496E+04
    0.12936E-02    0.32092E+04
    0.13197E-02    0.32699E+04
    0.13464E-02    0.33316E+04
    0.13736E-02    0.33945E+04
    0.14013E-02    0.34584E+04
    0.14296E-02    0.35235E+04
    0.14585E-02    0.35897E+04
    0.14880E-02    0.36571E+04
    0.15180E-02    0.37257E+04
    0.15487E-02    0.37954E+04
    0.15800E-02    0.38664E+04
    0.16119E-02    0.39386E+04
    0.16445E-02    0.40120E+04
    0.16777E-02    0.40867E+04
    0.17116E-02    0.41627E+04
    0.17462E-02    0.42400E+04
    0.17814E-02    0.43186E+04
    0.18174E-02    0.43985E+04
    0.18541E-02    0.44797E+04
    0.18916E-02    0.45623E+04
    0.19298E-02    0.46463E+04
    0.19688E-02    0.47317E+04
    0.20086E-02    0.48185E+04
    0.20491E-02    0.49067E+04
    0.20905E-02    0.49964E+04
    0.21328E-02    0.50875E+04
    0.21758E-02    0.51801E+04
    0.22198E-02    0.52741E+04
    0.22646E-02    0.53697E+04
    0.23104E-02    0.54668E+04
    0.23571E-02    0.55654E+04
    0.24047E-02    0.56655E+04
    0.24533E-02    0.57672E+04
    0.25028E-02    0.58705E+04
    0.25534E-02    0.59753E+04
    0.26050E-02    0.60818E+04
    0.26576E-02    0.61899E+04
    0.27113E-02    0.62995E+04
    0.27660E-02    0.64108E+04
    0.28219E-02    0.65238E+04
    0.28789E-02    0.66384E+04
    0.29371E-02    0.67546E+04
    0.29964E-02    0.68726E+04
    0.30569E-02    0.69922E+04
    0.31187E-02    0.71134E+04
    0.31817E-02    0.72364E+04
    0.32460E-02    0.73611E+04
    0.33115E-02    0.74875E+04
    0.33784E-02    0.76155E+04
    0.34467E-02    0.77453E+04
    0.35163E-02    0.78768E+04
    0.35874E-02    0.80100E+04
    0.36598E-02    0.81450E+04
    0.37338E-02    0.82816E+04
    0.38092E-02    0.84199E+04
    0.38861E-02    0.85600E+04
    0.39646E-02    0.87018E+04
    0.40447E-02    0.88452E+04
    0.41264E-02    0.89904E+04
    0.42098E-02    0.91372E+04
    0.42948E-02    0.92858E+04
    0.43816E-02    0.94359E+04
    0.44701E-02    0.95878E+04
    0.45604E-02    0.97413E+04
    0.46525E-02    0.98964E+04
    0.47465E-02    0.10053E+05
    0.48424E-02    0.10211E+05
    0.49402E-02    0.10371E+05
    0.50400E-02    0.10533E+05
    0.51419E-02    0.10696E+05
    0.52457E-02    0.10860E+05
    0.53517E-02    0.11026E+05
    0.54598E-02    0.11193E+05
    0.55701E-02    0.11362E+05
    0.56826E-02    0.11532E+05
    0.57974E-02    0.11704E+05
    0.59145E-02    0.11876E+05
    0.60340E-02    0.12050E+05
    0.61559E-02    0.12225E+05
    0.62803E-02    0.12402E+05
    0.64072E-02    0.12579E+05
    0.65366E-02    0.12758E+05
    0.66686E-02    0.12937E+05
    0.68033E-02    0.13118E+05
    0.69408E-02    0.13299E+05
    0.70810E-02    0.13481E+05
    0.72240E-02    0.13664E+05
    0.73700E-02    0.13847E+05
    0.75189E-02    0.14031E+05
    0.76708E-02    0.14215E+05
    0.78257E-02    0.14400E+05
    0.79838E-02    0.14585E+05
    0.81451E-02    0.14771E+05
    0.83096E-02    0.14956E+05
    0.84775E-02    0.15142E+05
    0.86488E-02    0.15327E+05
    0.88235E-02    0.15512E+05
    0.90017E-02    0.15697E+05
    0.91836E-02    0.15881E+05
    0.93691E-02    0.16065E+05
    0.95583E-02    0.16249E+05
    0.97514E-02    0.16431E+05
    0.99484E-02    0.16613E+05
    0.10149E-01    0.16793E+05
    0.10354E-01    0.16973E+05
    0.10564E-01    0.17151E+05
    0.10777E-01    0.17327E+05
    0.10995E-01    0.17502E+05
    0.11217E-01    0.17675E+05
    0.11443E-01    0.17847E+05
    0.11675E-01    0.18015E+05
    0.11910E-01    0.18182E+05
    0.12151E-01    0.18346E+05
    0.12397E-01    0.18508E+05
    0.12647E-01    0.18666E+05
    0.12902E-01    0.18821E+05
    0.13163E-01    0.18974E+05
    0.13429E-01    0.19122E+05
    0.13700E-01    0.19267E+05
    0.13977E-01    0.19408E+05
    0.14259E-01    0.19545E+05
    0.14547E-01    0.19678E+05
    0.14841E-01    0.19806E+05
    0.15141E-01    0.19929E+05
    0.15447E-01    0.20048E+05
    0.15759E-01    0.20161E+05
    0.16077E-01    0.20269E+05
    0.16402E-01    0.20371E+05
    0.16734E-01    0.20467E+05
    0.17072E-01    0.20557E+05
    0.17416E-01    0.20640E+05
    0.17768E-01    0.20717E+05
    0.18127E-01    0.20788E+05
    0.18493E-01    0.20851E+05
    0.18867E-01    0.20907E+05
    0.19248E-01    0.20955E+05
    0.19637E-01    0.20996E+05
    0.20034E-01    0.21029E+05
    0.20438E-01    0.21054E+05
    0.20851E-01    0.21070E+05
    0.21272E-01    0.21079E+05
    0.21702E-01    0.21078E+05
    0.22141E-01    0.21069E+05
    0.22588E-01    0.21051E+05
    0.23044E-01    0.21024E+05
    0.23510E-01    0.20989E+05
    0.23985E-01    0.20943E+05
    0.24469E-01    0.20889E+05
    0.24964E-01    0.20826E+05
    0.25468E-01    0.20753E+05
    0.25982E-01    0.20671E+05
    0.26507E-01    0.20580E+05
    0.27043E-01    0.20479E+05
    0.27589E-01    0.20370E+05
    0.28146E-01    0.20252E+05
    0.28715E-01    0.20125E+05
    0.29295E-01    0.19989E+05
    0.29887E-01    0.19845E+05
    0.30490E-01    0.19693E+05
    0.31106E-01    0.19533E+05
    0.31735E-01    0.19366E+05
    0.32376E-01    0.19191E+05
    0.33030E-01    0.19010E+05
    0.33697E-01    0.18823E+05
    0.34378E-01    0.18630E+05
    0.35072E-01    0.18431E+05
    0.35781E-01    0.18227E+05
    0.36504E-01    0.18019E+05
    0.37241E-01    0.17808E+05
    0.37993E-01    0.17593E+05
    0.38761E-01    0.17376E+05
    0.39544E-01    0.17158E+05
    0.40343E-01    0.16937E+05
    0.41158E-01    0.16716E+05
    0.41989E-01    0.16495E+05
    0.42838E-01    0.16273E+05
    0.43703E-01    0.16053E+05
    0.44586E-01    0.15834E+05
    0.45486E-01    0.15617E+05
    0.46405E-01    0.15403E+05
    0.47343E-01    0.15193E+05
    0.48299E-01    0.14986E+05
    0.49275E-01    0.14784E+05
    0.50270E-01    0.14586E+05
    0.51286E-01    0.14394E+05
    0.52322E-01    0.14207E+05
    0.53379E-01    0.14025E+05
    0.54457E-01    0.13849E+05
    0.55557E-01    0.13676E+05
    0.56680E-01    0.13508E+05
    0.57825E-01    0.13344E+05
    0.58993E-01    0.13183E+05
    0.60184E-01    0.13025E+05
    0.61400E-01    0.12869E+05
    0.62641E-01    0.12714E+05
    0.63906E-01    0.12559E+05
    0.65197E-01    0.12404E+05
    0.66514E-01    0.12248E+05
    0.67858E-01    0.12090E+05
    0.69229E-01    0.11930E+05
    0.70627E-01    0.11765E+05
    0.72054E-01    0.11596E+05
    0.73510E-01    0.11422E+05
    0.74994E-01    0.11241E+05
    0.76509E-01    0.11054E+05
    0.78055E-01    0.10858E+05
    0.79632E-01    0.10654E+05
    0.81241E-01    0.10441E+05
    0.82882E-01    0.10220E+05
    0.84556E-01    0.99923E+04
    0.86264E-01    0.97580E+04
    0.88007E-01    0.95181E+04
    0.89785E-01    0.92734E+04
    0.91598E-01    0.90255E+04
    0.93449E-01    0.87764E+04
    0.95337E-01    0.85279E+04
    0.97263E-01    0.82820E+04
    0.99227E-01    0.80405E+04
    0.10123E+00    0.78055E+04
    0.10328E+00    0.75786E+04
    0.10536E+00    0.73614E+04
    0.10749E+00    0.71553E+04
    0.10966E+00    0.69615E+04
    0.11188E+00    0.67809E+04
    0.11414E+00    0.66136E+04
    0.11644E+00    0.64595E+04
    0.11880E+00    0.63179E+04
    0.12120E+00    0.61871E+04
    0.12365E+00    0.60653E+04
    0.12614E+00    0.59499E+04
    0.12869E+00    0.58381E+04
    0.13129E+00    0.57272E+04
    0.13394E+00    0.56146E+04
    0.13665E+00    0.54978E+04
    0.13941E+00    0.53751E+04
    0.14223E+00    0.52453E+04
    0.14510E+00    0.51078E+04
    0.14803E+00    0.49628E+04
    0.15102E+00    0.48112E+04
    0.15407E+00    0.46545E+04
    0.15718E+00    0.44950E+04
    0.16036E+00    0.43350E+04
    0.16360E+00    0.41772E+04
    0.16690E+00    0.40245E+04
    0.17028E+00    0.38793E+04
    0.17371E+00    0.37438E+04
    0.17722E+00    0.36199E+04
    0.18080E+00    0.35082E+04
    0.18446E+00    0.34085E+04
    0.18818E+00    0.33192E+04
    0.19198E+00    0.32375E+04
    0.19586E+00    0.31603E+04
    0.19982E+00    0.30843E+04
    0.20386E+00    0.30069E+04
    0.20797E+00    0.29260E+04
    0.21218E+00    0.28402E+04
    0.21646E+00    0.27490E+04
    0.22083E+00    0.26531E+04
    0.22530E+00    0.25543E+04
    0.22985E+00    0.24553E+04
    0.23449E+00    0.23592E+04
    0.23923E+00    0.22683E+04
    0.24406E+00    0.21845E+04
    0.24899E+00    0.21085E+04
    0.25402E+00    0.20403E+04
    0.25915E+00    0.19787E+04
    0.26439E+00    0.19215E+04
    0.26973E+00    0.18661E+04
    0.27518E+00    0.18101E+04
    0.28074E+00    0.17521E+04
    0.28641E+00    0.16914E+04
    0.29219E+00    0.16286E+04
    0.29810E+00    0.15652E+04
    0.30412E+00    0.15033E+04
    0.31026E+00    0.14447E+04
    0.31653E+00    0.13905E+04
    0.32292E+00    0.13409E+04
    0.32945E+00    0.12955E+04
    0.33610E+00    0.12529E+04
    0.34289E+00    0.12113E+04
    0.34982E+00    0.11694E+04
    0.35689E+00    0.11268E+04
    0.36409E+00    0.10838E+04
    0.37145E+00    0.10412E+04
    0.37895E+00    0.10001E+04
    0.38661E+00    0.96148E+03
    0.39442E+00    0.92561E+03
    0.40239E+00    0.89205E+03
    0.41052E+00    0.85993E+03
    0.41881E+00    0.82845E+03
    0.42727E+00    0.79716E+03
    0.43590E+00    0.76614E+03
    0.44471E+00    0.73580E+03
    0.45369E+00    0.70670E+03
    0.46286E+00    0.67918E+03
    0.47221E+00    0.65318E+03
    0.48174E+00    0.62830E+03
    0.49148E+00    0.60412E+03
    0.50141E+00    0.58045E+03
    0.51153E+00    0.55736E+03
    0.52187E+00    0.53503E+03
    0.53241E+00    0.51367E+03
    0.54317E+00    0.49334E+03
    0.55414E+00    0.47385E+03
    0.56533E+00    0.45498E+03
    0.57675E+00    0.43670E+03
    0.58840E+00    0.41900E+03
    0.60029E+00    0.40198E+03
    0.61242E+00    0.38569E+03
    0.62479E+00    0.37006E+03
    0.63741E+00    0.35499E+03
    0.65029E+00    0.34047E+03
    0.66342E+00    0.32646E+03
    0.67683E+00    0.31299E+03
    0.69050E+00    0.30008E+03
    0.70445E+00    0.28768E+03
    0.71868E+00    0.27575E+03
    0.73320E+00    0.26428E+03
    0.74801E+00    0.25325E+03
    0.76312E+00    0.24265E+03
    0.77854E+00    0.23247E+03
    0.79426E+00    0.22268E+03
    0.81031E+00    0.21328E+03
    0.82668E+00    0.20425E+03
    0.84338E+00    0.19558E+03
    0.86041E+00    0.18726E+03
    0.87780E+00    0.17927E+03
    0.89553E+00    0.17161E+03
    0.91362E+00    0.16426E+03
    0.93208E+00    0.15721E+03
    0.95091E+00    0.15044E+03
    0.97011E+00    0.14395E+03
    0.98971E+00    0.13773E+03
    0.10097E+01    0.13176E+03
    0.10301E+01    0.12604E+03
    0.10509E+01    0.12055E+03
    0.10721E+01    0.11529E+03
    0.10938E+01    0.11025E+03
    0.11159E+01    0.10542E+03
    0.11384E+01    0.10079E+03
    0.11614E+01    0.96354E+02
    0.11849E+01    0.92105E+02
    0.12088E+01    0.88035E+02
    0.12333E+01    0.84137E+02
    0.12582E+01    0.80404E+02
    0.12836E+01    0.76830E+02
    0.13095E+01    0.73409E+02
    0.13360E+01    0.70133E+02
    0.13630E+01    0.66999E+02
    0.13905E+01    0.63999E+02
    0.14186E+01    0.61128E+02
    0.14472E+01    0.58381E+02
    0.14765E+01    0.55752E+02
    0.15063E+01    0.53237E+02
    0.15367E+01    0.50831E+02
    0.15678E+01    0.48529E+02
    0.15994E+01    0.46328E+02
    0.16318E+01    0.44221E+02
    0.16647E+01    0.42207E+02
    0.16984E+01    0.40280E+02
    0.17327E+01    0.38438E+02
    0.17677E+01    0.36677E+02
    0.18034E+01    0.34993E+02
    0.18398E+01    0.33384E+02
    0.18770E+01    0.31848E+02
    0.19149E+01    0.30380E+02
    0.19536E+01    0.28978E+02
    0.19930E+01    0.27641E+02
    0.20333E+01    0.26364E+02
    0.20744E+01    0.25145E+02
    0.21163E+01    0.23983E+02
