    0.10000E-03    0.43870E+03
    0.10202E-03    0.44728E+03
    0.10408E-03    0.45602E+03
    0.10618E-03    0.46493E+03
    0.10833E-03    0.47402E+03
    0.11052E-03    0.48328E+03
    0.11275E-03    0.49272E+03
    0.11503E-03    0.50235E+03
    0.11735E-03    0.51217E+03
    0.11972E-03    0.52218E+03
    0.12214E-03    0.53238E+03
    0.12461E-03    0.54278E+03
    0.12712E-03    0.55339E+03
    0.12969E-03    0.56420E+03
    0.13231E-03    0.57523E+03
    0.13499E-03    0.58646E+03
    0.13771E-03    0.59792E+03
    0.14049E-03    0.60960E+03
    0.14333E-03    0.62151E+03
    0.14623E-03    0.63365E+03
    0.14918E-03    0.64603E+03
    0.15220E-03    0.65865E+03
    0.15527E-03    0.67151E+03
    0.15841E-03    0.68462E+03
    0.16161E-03    0.69800E+03
    0.16487E-03    0.71163E+03
    0.16820E-03    0.72552E+03
    0.17160E-03    0.73969E+03
    0.17507E-03    0.75413E+03
    0.17860E-03    0.76885E+03
    0.18221E-03    0.78387E+03
    0.18589E-03    0.79917E+03
    0.18965E-03    0.81477E+03
    0.19348E-03    0.83067E+03
    0.19739E-03    0.84688E+03
    0.20138E-03    0.86341E+03
    0.20544E-03    0.88026E+03
    0.20959E-03    0.89744E+03
    0.21383E-03    0.91495E+03
    0.21815E-03    0.93280E+03
    0.22255E-03    0.95099E+03
    0.22705E-03    0.96954E+03
    0.23164E-03    0.98845E+03
    0.23632E-03    0.10077E+04
    0.24109E-03    0.10274E+04
    0.24596E-03    0.10474E+04
    0.25093E-03    0.10678E+04
    0.25600E-03    0.10886E+04
    0.26117E-03    0.11099E+04
    0.26645E-03    0.11315E+04
    0.27183E-03    0.11535E+04
    0.27732E-03    0.11760E+04
    0.28292E-03    0.11989E+04
    0.28864E-03    0.12223E+04
    0.29447E-03    0.12461E+04
    0.30042E-03    0.12703E+04
    0.30649E-03    0.12951E+04
    0.31268E-03    0.13203E+04
    0.31899E-03    0.13460E+04
    0.32544E-03    0.13722E+04
    0.33201E-03    0.13988E+04
    0.33872E-03    0.14261E+04
    0.34556E-03    0.14538E+04
    0.35254E-03    0.14820E+04
    0.35966E-03    0.15109E+04
    0.36693E-03    0.15402E+04
    0.37434E-03    0.15701E+04
    0.38190E-03    0.16006E+04
    0.38962E-03    0.16317E+04
    0.39749E-03    0.16634E+04
    0.40552E-03    0.16957E+04
    0.41371E-03    0.17286E+04
    0.42207E-03    0.17621E+04
    0.43060E-03    0.17963E+04
    0.43929E-03    0.18311E+04
    0.44817E-03    0.18666E+04
    0.45722E-03    0.19027E+04
    0.46646E-03    0.19396E+04
    0.47588E-03    0.19771E+04
    0.48550E-03    0.20154E+04
    0.49530E-03    0.20543E+04
    0.50531E-03    0.20941E+04
    0.51552E-03    0.21345E+04
    0.52593E-03    0.21758E+04
    0.53656E-03    0.22178E+04
    0.54739E-03    0.22606E+04
    0.55845E-03    0.23042E+04
    0.56973E-03    0.23486E+04
    0.58124E-03    0.23939E+04
    0.59299E-03    0.24400E+04
    0.60496E-03    0.24870E+04
    0.61719E-03    0.25348E+04
    0.62965E-03    0.25836E+04
    0.64237E-03    0.26332E+04
    0.65535E-03    0.26838E+04
    0.66859E-03    0.27353E+04
    0.68210E-03    0.27878E+04
    0.69588E-03    0.28413E+04
    0.70993E-03    0.28957E+04
    0.72427E-03    0.29511E+04
    0.73891E-03    0.30076E+04
    0.75383E-03    0.30651E+04
    0.76906E-03    0.31237E+04
    0.78460E-03    0.31833E+04
    0.80045E-03    0.32440E+04
    0.81662E-03    0.33058E+04
    0.83311E-03    0.33688E+04
    0.84994E-03    0.34329E+04
    0.86711E-03    0.34981E+04
    0.88463E-03    0.35645E+04
    0.90250E-03    0.36322E+04
    0.92073E-03    0.37010E+04
    0.93933E-03    0.37711E+04
    0.95831E-03    0.38424E+04
    0.97767E-03    0.39150E+04
    0.99742E-03    0.39889E+04
    0.10176E-02    0.40641E+04
    0.10381E-02    0.41406E+04
    0.10591E-02    0.42185E+04
    0.10805E-02    0.42978E+04
    0.11023E-02    0.43784E+04
    0.11246E-02    0.44604E+04
    0.11473E-02    0.45439E+04
    0.11705E-02    0.46288E+04
    0.11941E-02    0.47152E+04
    0.12182E-02    0.48031E+04
    0.12429E-02    0.48924E+04
    0.12680E-02    0.49833E+04
    0.12936E-02    0.50758E+04
    0.13197E-02    0.51698E+04
    0.13464E-02    0.52654E+04
    0.13736E-02    0.53625E+04
    0.14013E-02    0.54613E+04
    0.14296E-02    0.55618E+04
    0.14585E-02    0.56639E+04
    0.14880E-02    0.57677E+04
    0.15180E-02    0.58731E+04
    0.15487E-02    0.59803E+04
    0.15800E-02    0.60893E+04
    0.16119E-02    0.61999E+04
    0.16445E-02    0.63124E+04
    0.16777E-02    0.64266E+04
    0.17116E-02    0.65426E+04
    0.17462E-02    0.66604E+04
    0.17814E-02    0.67801E+04
    0.18174E-02    0.69016E+04
    0.18541E-02    0.70250E+04
    0.18916E-02    0.71503E+04
    0.19298E-02    0.72774E+04
    0.19688E-02    0.74065E+04
    0.20086E-02    0.75375E+04
    0.20491E-02    0.76704E+04
    0.20905E-02    0.78052E+04
    0.21328E-02    0.79420E+04
    0.21758E-02    0.80808E+04
    0.22198E-02    0.82215E+04
    0.22646E-02    0.83642E+04
    0.23104E-02    0.85089E+04
    0.23571E-02    0.86556E+04
    0.24047E-02    0.88043E+04
    0.24533E-02    0.89551E+04
    0.25028E-02    0.91078E+04
    0.25534E-02    0.92625E+04
    0.26050E-02    0.94192E+04
    0.26576E-02    0.95780E+04
    0.27113E-02    0.97387E+04
    0.27660E-02    0.99015E+04
    0.28219E-02    0.10066E+05
    0.28789E-02    0.10233E+05
    0.29371E-02    0.10402E+05
    0.29964E-02    0.10573E+05
    0.30569E-02    0.10745E+05
    0.31187E-02    0.10920E+05
    0.31817E-02    0.11097E+05
    0.32460E-02    0.11275E+05
    0.33115E-02    0.11456E+05
    0.33784E-02    0.11638E+05
    0.34467E-02    0.11823E+05
    0.35163E-02    0.12009E+05
    0.35874E-02    0.12197E+05
    0.36598E-02    0.12387E+05
    0.37338E-02    0.12578E+05
    0.38092E-02    0.12772E+05
    0.38861E-02    0.12967E+05
    0.39646E-02    0.13164E+05
    0.40447E-02    0.13362E+05
    0.41264E-02    0.13562E+05
    0.42098E-02    0.13764E+05
    0.42948E-02    0.13967E+05
    0.43816E-02    0.14172E+05
    0.44701E-02    0.14378E+05
    0.45604E-02    0.14586E+05
    0.46525E-02    0.14795E+05
    0.47465E-02    0.15005E+05
    0.48424E-02    0.15216E+05
    0.49402E-02    0.15428E+05
    0.50400E-02    0.15642E+05
    0.51419E-02    0.15856E+05
    0.52457E-02    0.16072E+05
    0.53517E-02    0.16288E+05
    0.54598E-02    0.16505E+05
    0.55701E-02    0.16723E+05
    0.56826E-02    0.16941E+05
    0.57974E-02    0.17159E+05
    0.59145E-02    0.17379E+05
    0.60340E-02    0.17598E+05
    0.61559E-02    0.17818E+05
    0.62803E-02    0.18037E+05
    0.64072E-02    0.18257E+05
    0.65366E-02    0.18476E+05
    0.66686E-02    0.18696E+05
    0.68033E-02    0.18914E+05
    0.69408E-02    0.19132E+05
    0.70810E-02    0.19349E+05
    0.72240E-02    0.19566E+05
    0.73700E-02    0.19781E+05
    0.75189E-02    0.19995E+05
    0.76708E-02    0.20208E+05
    0.78257E-02    0.20419E+05
    0.79838E-02    0.20629E+05
    0.81451E-02    0.20836E+05
    0.83096E-02    0.21042E+05
    0.84775E-02    0.21246E+05
    0.86488E-02    0.21447E+05
    0.88235E-02    0.21646E+05
    0.90017E-02    0.21842E+05
    0.91836E-02    0.22036E+05
    0.93691E-02    0.22226E+05
    0.95583E-02    0.22412E+05
    0.97514E-02    0.22595E+05
    0.99484E-02    0.22775E+05
    0.10149E-01    0.22950E+05
    0.10354E-01    0.23121E+05
    0.10564E-01    0.23287E+05
    0.10777E-01    0.23449E+05
    0.10995E-01    0.23605E+05
    0.11217E-01    0.23756E+05
    0.11443E-01    0.23902E+05
    0.11675E-01    0.24042E+05
    0.11910E-01    0.24176E+05
    0.12151E-01    0.24304E+05
    0.12397E-01    0.24425E+05
    0.12647E-01    0.24539E+05
    0.12902E-01    0.24647E+05
    0.13163E-01    0.24747E+05
    0.13429E-01    0.24839E+05
    0.13700E-01    0.24923E+05
    0.13977E-01    0.24999E+05
    0.14259E-01    0.25067E+05
    0.14547E-01    0.25125E+05
    0.14841E-01    0.25175E+05
    0.15141E-01    0.25216E+05
    0.15447E-01    0.25247E+05
    0.15759E-01    0.25268E+05
    0.16077E-01    0.25279E+05
    0.16402E-01    0.25280E+05
    0.16734E-01    0.25270E+05
    0.17072E-01    0.25250E+05
    0.17416E-01    0.25218E+05
    0.17768E-01    0.25176E+05
    0.18127E-01    0.25122E+05
    0.18493E-01    0.25056E+05
    0.18867E-01    0.24979E+05
    0.19248E-01    0.24890E+05
    0.19637E-01    0.24790E+05
    0.20034E-01    0.24677E+05
    0.20438E-01    0.24552E+05
    0.20851E-01    0.24416E+05
    0.21272E-01    0.24267E+05
    0.21702E-01    0.24106E+05
    0.22141E-01    0.23933E+05
    0.22588E-01    0.23749E+05
    0.23044E-01    0.23553E+05
    0.23510E-01    0.23345E+05
    0.23985E-01    0.23126E+05
    0.24469E-01    0.22895E+05
    0.24964E-01    0.22654E+05
    0.25468E-01    0.22403E+05
    0.25982E-01    0.22142E+05
    0.26507E-01    0.21871E+05
    0.27043E-01    0.21591E+05
    0.27589E-01    0.21302E+05
    0.28146E-01    0.21006E+05
    0.28715E-01    0.20702E+05
    0.29295E-01    0.20391E+05
    0.29887E-01    0.20074E+05
    0.30490E-01    0.19752E+05
    0.31106E-01    0.19426E+05
    0.31735E-01    0.19096E+05
    0.32376E-01    0.18763E+05
    0.33030E-01    0.18428E+05
    0.33697E-01    0.18092E+05
    0.34378E-01    0.17756E+05
    0.35072E-01    0.17421E+05
    0.35781E-01    0.17087E+05
    0.36504E-01    0.16755E+05
    0.37241E-01    0.16427E+05
    0.37993E-01    0.16104E+05
    0.38761E-01    0.15786E+05
    0.39544E-01    0.15474E+05
    0.40343E-01    0.15169E+05
    0.41158E-01    0.14872E+05
    0.41989E-01    0.14582E+05
    0.42838E-01    0.14299E+05
    0.43703E-01    0.14025E+05
    0.44586E-01    0.13761E+05
    0.45486E-01    0.13506E+05
    0.46405E-01    0.13263E+05
    0.47343E-01    0.13032E+05
    0.48299E-01    0.12813E+05
    0.49275E-01    0.12604E+05
    0.50270E-01    0.12407E+05
    0.51286E-01    0.12218E+05
    0.52322E-01    0.12037E+05
    0.53379E-01    0.11864E+05
    0.54457E-01    0.11697E+05
    0.55557E-01    0.11536E+05
    0.56680E-01    0.11380E+05
    0.57825E-01    0.11227E+05
    0.58993E-01    0.11077E+05
    0.60184E-01    0.10929E+05
    0.61400E-01    0.10782E+05
    0.62641E-01    0.10634E+05
    0.63906E-01    0.10483E+05
    0.65197E-01    0.10328E+05
    0.66514E-01    0.10167E+05
    0.67858E-01    0.99986E+04
    0.69229E-01    0.98207E+04
    0.70627E-01    0.96322E+04
    0.72054E-01    0.94324E+04
    0.73510E-01    0.92206E+04
    0.74994E-01    0.89969E+04
    0.76509E-01    0.87621E+04
    0.78055E-01    0.85169E+04
    0.79632E-01    0.82630E+04
    0.81241E-01    0.80025E+04
    0.82882E-01    0.77376E+04
    0.84556E-01    0.74706E+04
    0.86264E-01    0.72040E+04
    0.88007E-01    0.69402E+04
    0.89785E-01    0.66815E+04
    0.91598E-01    0.64304E+04
    0.93449E-01    0.61890E+04
    0.95337E-01    0.59597E+04
    0.97263E-01    0.57443E+04
    0.99227E-01    0.55447E+04
    0.10123E+00    0.53622E+04
    0.10328E+00    0.51978E+04
    0.10536E+00    0.50514E+04
    0.10749E+00    0.49226E+04
    0.10966E+00    0.48098E+04
    0.11188E+00    0.47106E+04
    0.11414E+00    0.46224E+04
    0.11644E+00    0.45417E+04
    0.11880E+00    0.44649E+04
    0.12120E+00    0.43886E+04
    0.12365E+00    0.43091E+04
    0.12614E+00    0.42235E+04
    0.12869E+00    0.41295E+04
    0.13129E+00    0.40253E+04
    0.13394E+00    0.39104E+04
    0.13665E+00    0.37848E+04
    0.13941E+00    0.36499E+04
    0.14223E+00    0.35077E+04
    0.14510E+00    0.33608E+04
    0.14803E+00    0.32125E+04
    0.15102E+00    0.30665E+04
    0.15407E+00    0.29268E+04
    0.15718E+00    0.27970E+04
    0.16036E+00    0.26802E+04
    0.16360E+00    0.25781E+04
    0.16690E+00    0.24909E+04
    0.17028E+00    0.24172E+04
    0.17371E+00    0.23546E+04
    0.17722E+00    0.23000E+04
    0.18080E+00    0.22501E+04
    0.18446E+00    0.22016E+04
    0.18818E+00    0.21508E+04
    0.19198E+00    0.20947E+04
    0.19586E+00    0.20311E+04
    0.19982E+00    0.19593E+04
    0.20386E+00    0.18810E+04
    0.20797E+00    0.17987E+04
    0.21218E+00    0.17160E+04
    0.21646E+00    0.16361E+04
    0.22083E+00    0.15620E+04
    0.22530E+00    0.14957E+04
    0.22985E+00    0.14384E+04
    0.23449E+00    0.13899E+04
    0.23923E+00    0.13483E+04
    0.24406E+00    0.13111E+04
    0.24899E+00    0.12754E+04
    0.25402E+00    0.12382E+04
    0.25915E+00    0.11976E+04
    0.26439E+00    0.11529E+04
    0.26973E+00    0.11052E+04
    0.27518E+00    0.10564E+04
    0.28074E+00    0.10087E+04
    0.28641E+00    0.96419E+03
    0.29219E+00    0.92439E+03
    0.29810E+00    0.88969E+03
    0.30412E+00    0.85910E+03
    0.31026E+00    0.83092E+03
    0.31653E+00    0.80338E+03
    0.32292E+00    0.77507E+03
    0.32945E+00    0.74523E+03
    0.33610E+00    0.71418E+03
    0.34289E+00    0.68320E+03
    0.34982E+00    0.65367E+03
    0.35689E+00    0.62646E+03
    0.36409E+00    0.60182E+03
    0.37145E+00    0.57935E+03
    0.37895E+00    0.55813E+03
    0.38661E+00    0.53713E+03
    0.39442E+00    0.51587E+03
    0.40239E+00    0.49445E+03
    0.41052E+00    0.47341E+03
    0.41881E+00    0.45340E+03
    0.42727E+00    0.43478E+03
    0.43590E+00    0.41747E+03
    0.44471E+00    0.40104E+03
    0.45369E+00    0.38507E+03
    0.46286E+00    0.36927E+03
    0.47221E+00    0.35374E+03
    0.48174E+00    0.33878E+03
    0.49148E+00    0.32459E+03
    0.50141E+00    0.31120E+03
    0.51153E+00    0.29844E+03
    0.52187E+00    0.28611E+03
    0.53241E+00    0.27410E+03
    0.54317E+00    0.26246E+03
    0.55414E+00    0.25133E+03
    0.56533E+00    0.24072E+03
    0.57675E+00    0.23060E+03
    0.58840E+00    0.22085E+03
    0.60029E+00    0.21144E+03
    0.61242E+00    0.20239E+03
    0.62479E+00    0.19371E+03
    0.63741E+00    0.18542E+03
    0.65029E+00    0.17748E+03
    0.66342E+00    0.16985E+03
    0.67683E+00    0.16253E+03
    0.69050E+00    0.15550E+03
    0.70445E+00    0.14876E+03
    0.71868E+00    0.14230E+03
    0.73320E+00    0.13610E+03
    0.74801E+00    0.13015E+03
    0.76312E+00    0.12445E+03
    0.77854E+00    0.11899E+03
    0.79426E+00    0.11376E+03
    0.81031E+00    0.10875E+03
    0.82668E+00    0.10395E+03
    0.84338E+00    0.99350E+02
    0.86041E+00    0.94949E+02
    0.87780E+00    0.90735E+02
    0.89553E+00    0.86700E+02
    0.91362E+00    0.82838E+02
    0.93208E+00    0.79141E+02
    0.95091E+00    0.75602E+02
    0.97011E+00    0.72216E+02
    0.98971E+00    0.68975E+02
    0.10097E+01    0.65874E+02
    0.10301E+01    0.62906E+02
    0.10509E+01    0.60068E+02
    0.10721E+01    0.57352E+02
    0.10938E+01    0.54754E+02
    0.11159E+01    0.52270E+02
    0.11384E+01    0.49894E+02
    0.11614E+01    0.47622E+02
    0.11849E+01    0.45451E+02
    0.12088E+01    0.43374E+02
    0.12333E+01    0.41389E+02
    0.12582E+01    0.39492E+02
    0.12836E+01    0.37679E+02
    0.13095E+01    0.35947E+02
    0.13360E+01    0.34291E+02
    0.13630E+01    0.32709E+02
    0.13905E+01    0.31198E+02
    0.14186E+01    0.29755E+02
    0.14472E+01    0.28376E+02
    0.14765E+01    0.27060E+02
    0.15063E+01    0.25802E+02
    0.15367E+01    0.24602E+02
    0.15678E+01    0.23456E+02
    0.15994E+01    0.22361E+02
    0.16318E+01    0.21317E+02
    0.16647E+01    0.20319E+02
    0.16984E+01    0.19367E+02
    0.17327E+01    0.18459E+02
    0.17677E+01    0.17592E+02
    0.18034E+01    0.16764E+02
    0.18398E+01    0.15974E+02
    0.18770E+01    0.15220E+02
    0.19149E+01    0.14501E+02
    0.19536E+01    0.13814E+02
    0.19930E+01    0.13159E+02
    0.20333E+01    0.12534E+02
    0.20744E+01    0.11938E+02
    0.21163E+01    0.11370E+02
    0.21590E+01    0.10828E+02
    0.22026E+01    0.10312E+02
    0.22471E+01    0.98195E+01
    0.22925E+01    0.93505E+01
    0.23388E+01    0.89036E+01
    0.23861E+01    0.84780E+01
    0.24343E+01    0.80726E+01
