    0.10000E-03    0.66366E+03
    0.10202E-03    0.67663E+03
    0.10408E-03    0.68985E+03
    0.10618E-03    0.70333E+03
    0.10833E-03    0.71707E+03
    0.11052E-03    0.73108E+03
    0.11275E-03    0.74536E+03
    0.11503E-03    0.75992E+03
    0.11735E-03    0.77476E+03
    0.11972E-03    0.78989E+03
    0.12214E-03    0.80532E+03
    0.12461E-03    0.82105E+03
    0.12712E-03    0.83708E+03
    0.12969E-03    0.85343E+03
    0.13231E-03    0.87009E+03
    0.13499E-03    0.88708E+03
    0.13771E-03    0.90440E+03
    0.14049E-03    0.92206E+03
    0.14333E-03    0.94006E+03
    0.14623E-03    0.95841E+03
    0.14918E-03    0.97712E+03
    0.15220E-03    0.99619E+03
    0.15527E-03    0.10156E+04
    0.15841E-03    0.10355E+04
    0.16161E-03    0.10557E+04
    0.16487E-03    0.10763E+04
    0.16820E-03    0.10973E+04
    0.17160E-03    0.11187E+04
    0.17507E-03    0.11405E+04
    0.17860E-03    0.11627E+04
    0.18221E-03    0.11854E+04
    0.18589E-03    0.12085E+04
    0.18965E-03    0.12321E+04
    0.19348E-03    0.12561E+04
    0.19739E-03    0.12806E+04
    0.20138E-03    0.13056E+04
    0.20544E-03    0.13310E+04
    0.20959E-03    0.13569E+04
    0.21383E-03    0.13834E+04
    0.21815E-03    0.14103E+04
    0.22255E-03    0.14378E+04
    0.22705E-03    0.14658E+04
    0.23164E-03    0.14943E+04
    0.23632E-03    0.15234E+04
    0.24109E-03    0.15531E+04
    0.24596E-03    0.15833E+04
    0.25093E-03    0.16141E+04
    0.25600E-03    0.16455E+04
    0.26117E-03    0.16775E+04
    0.26645E-03    0.17101E+04
    0.27183E-03    0.17434E+04
    0.27732E-03    0.17773E+04
    0.28292E-03    0.18118E+04
    0.28864E-03    0.18470E+04
    0.29447E-03    0.18829E+04
    0.30042E-03    0.19195E+04
    0.30649E-03    0.19567E+04
    0.31268E-03    0.19947E+04
    0.31899E-03    0.20334E+04
    0.32544E-03    0.20728E+04
    0.33201E-03    0.21130E+04
    0.33872E-03    0.21540E+04
    0.34556E-03    0.21957E+04
    0.35254E-03    0.22383E+04
    0.35966E-03    0.22816E+04
    0.36693E-03    0.23258E+04
    0.37434E-03    0.23708E+04
    0.38190E-03    0.24167E+04
    0.38962E-03    0.24634E+04
    0.39749E-03    0.25110E+04
    0.40552E-03    0.25595E+04
    0.41371E-03    0.26089E+04
    0.42207E-03    0.26593E+04
    0.43060E-03    0.27106E+04
    0.43929E-03    0.27628E+04
    0.44817E-03    0.28161E+04
    0.45722E-03    0.28703E+04
    0.46646E-03    0.29256E+04
    0.47588E-03    0.29819E+04
    0.48550E-03    0.30392E+04
    0.49530E-03    0.30976E+04
    0.50531E-03    0.31571E+04
    0.51552E-03    0.32177E+04
    0.52593E-03    0.32794E+04
    0.53656E-03    0.33423E+04
    0.54739E-03    0.34063E+04
    0.55845E-03    0.34715E+04
    0.56973E-03    0.35379E+04
    0.58124E-03    0.36055E+04
    0.59299E-03    0.36743E+04
    0.60496E-03    0.37444E+04
    0.61719E-03    0.38158E+04
    0.62965E-03    0.38885E+04
    0.64237E-03    0.39625E+04
    0.65535E-03    0.40379E+04
    0.66859E-03    0.41146E+04
    0.68210E-03    0.41926E+04
    0.69588E-03    0.42721E+04
    0.70993E-03    0.43530E+04
    0.72427E-03    0.44354E+04
    0.73891E-03    0.45192E+04
    0.75383E-03    0.46045E+04
    0.76906E-03    0.46914E+04
    0.78460E-03    0.47797E+04
    0.80045E-03    0.48696E+04
    0.81662E-03    0.49611E+04
    0.83311E-03    0.50542E+04
    0.84994E-03    0.51489E+04
    0.86711E-03    0.52453E+04
    0.88463E-03    0.53433E+04
    0.90250E-03    0.54430E+04
    0.92073E-03    0.55444E+04
    0.93933E-03    0.56476E+04
    0.95831E-03    0.57525E+04
    0.97767E-03    0.58592E+04
    0.99742E-03    0.59677E+04
    0.10176E-02    0.60781E+04
    0.10381E-02    0.61902E+04
    0.10591E-02    0.63043E+04
    0.10805E-02    0.64202E+04
    0.11023E-02    0.65380E+04
    0.11246E-02    0.66578E+04
    0.11473E-02    0.67795E+04
    0.11705E-02    0.69032E+04
    0.11941E-02    0.70289E+04
    0.12182E-02    0.71566E+04
    0.12429E-02    0.72863E+04
    0.12680E-02    0.74181E+04
    0.12936E-02    0.75520E+04
    0.13197E-02    0.76879E+04
    0.13464E-02    0.78260E+04
    0.13736E-02    0.79662E+04
    0.14013E-02    0.81085E+04
    0.14296E-02    0.82530E+04
    0.14585E-02    0.83997E+04
    0.14880E-02    0.85485E+04
    0.15180E-02    0.86996E+04
    0.15487E-02    0.88529E+04
    0.15800E-02    0.90084E+04
    0.16119E-02    0.91661E+04
    0.16445E-02    0.93261E+04
    0.16777E-02    0.94884E+04
    0.17116E-02    0.96529E+04
    0.17462E-02    0.98197E+04
    0.17814E-02    0.99888E+04
    0.18174E-02    0.10160E+05
    0.18541E-02    0.10334E+05
    0.18916E-02    0.10510E+05
    0.19298E-02    0.10688E+05
    0.19688E-02    0.10869E+05
    0.20086E-02    0.11052E+05
    0.20491E-02    0.11237E+05
    0.20905E-02    0.11424E+05
    0.21328E-02    0.11614E+05
    0.21758E-02    0.11806E+05
    0.22198E-02    0.12000E+05
    0.22646E-02    0.12197E+05
    0.23104E-02    0.12395E+05
    0.23571E-02    0.12596E+05
    0.24047E-02    0.12800E+05
    0.24533E-02    0.13005E+05
    0.25028E-02    0.13213E+05
    0.25534E-02    0.13423E+05
    0.26050E-02    0.13634E+05
    0.26576E-02    0.13848E+05
    0.27113E-02    0.14064E+05
    0.27660E-02    0.14283E+05
    0.28219E-02    0.14503E+05
    0.28789E-02    0.14725E+05
    0.29371E-02    0.14949E+05
    0.29964E-02    0.15175E+05
    0.30569E-02    0.15403E+05
    0.31187E-02    0.15632E+05
    0.31817E-02    0.15864E+05
    0.32460E-02    0.16097E+05
    0.33115E-02    0.16331E+05
    0.33784E-02    0.16568E+05
    0.34467E-02    0.16806E+05
    0.35163E-02    0.17045E+05
    0.35874E-02    0.17286E+05
    0.36598E-02    0.17528E+05
    0.37338E-02    0.17771E+05
    0.38092E-02    0.18015E+05
    0.38861E-02    0.18261E+05
    0.39646E-02    0.18507E+05
    0.40447E-02    0.18755E+05
    0.41264E-02    0.19003E+05
    0.42098E-02    0.19252E+05
    0.42948E-02    0.19502E+05
    0.43816E-02    0.19752E+05
    0.44701E-02    0.20003E+05
    0.45604E-02    0.20254E+05
    0.46525E-02    0.20505E+05
    0.47465E-02    0.20756E+05
    0.48424E-02    0.21007E+05
    0.49402E-02    0.21258E+05
    0.50400E-02    0.21509E+05
    0.51419E-02    0.21759E+05
    0.52457E-02    0.22009E+05
    0.53517E-02    0.22258E+05
    0.54598E-02    0.22506E+05
    0.55701E-02    0.22753E+05
    0.56826E-02    0.22999E+05
    0.57974E-02    0.23243E+05
    0.59145E-02    0.23485E+05
    0.60340E-02    0.23726E+05
    0.61559E-02    0.23965E+05
    0.62803E-02    0.24201E+05
    0.64072E-02    0.24436E+05
    0.65366E-02    0.24667E+05
    0.66686E-02    0.24896E+05
    0.68033E-02    0.25122E+05
    0.69408E-02    0.25345E+05
    0.70810E-02    0.25564E+05
    0.72240E-02    0.25780E+05
    0.73700E-02    0.25992E+05
    0.75189E-02    0.26200E+05
    0.76708E-02    0.26404E+05
    0.78257E-02    0.26603E+05
    0.79838E-02    0.26798E+05
    0.81451E-02    0.26987E+05
    0.83096E-02    0.27172E+05
    0.84775E-02    0.27351E+05
    0.86488E-02    0.27524E+05
    0.88235E-02    0.27690E+05
    0.90017E-02    0.27851E+05
    0.91836E-02    0.28005E+05
    0.93691E-02    0.28152E+05
    0.95583E-02    0.28291E+05
    0.97514E-02    0.28424E+05
    0.99484E-02    0.28548E+05
    0.10149E-01    0.28664E+05
    0.10354E-01    0.28772E+05
    0.10564E-01    0.28872E+05
    0.10777E-01    0.28962E+05
    0.10995E-01    0.29043E+05
    0.11217E-01    0.29114E+05
    0.11443E-01    0.29176E+05
    0.11675E-01    0.29227E+05
    0.11910E-01    0.29268E+05
    0.12151E-01    0.29298E+05
    0.12397E-01    0.29317E+05
    0.12647E-01    0.29324E+05
    0.12902E-01    0.29320E+05
    0.13163E-01    0.29304E+05
    0.13429E-01    0.29276E+05
    0.13700E-01    0.29235E+05
    0.13977E-01    0.29181E+05
    0.14259E-01    0.29115E+05
    0.14547E-01    0.29035E+05
    0.14841E-01    0.28941E+05
    0.15141E-01    0.28834E+05
    0.15447E-01    0.28713E+05
    0.15759E-01    0.28579E+05
    0.16077E-01    0.28429E+05
    0.16402E-01    0.28266E+05
    0.16734E-01    0.28088E+05
    0.17072E-01    0.27896E+05
    0.17416E-01    0.27690E+05
    0.17768E-01    0.27468E+05
    0.18127E-01    0.27233E+05
    0.18493E-01    0.26983E+05
    0.18867E-01    0.26718E+05
    0.19248E-01    0.26440E+05
    0.19637E-01    0.26147E+05
    0.20034E-01    0.25841E+05
    0.20438E-01    0.25521E+05
    0.20851E-01    0.25188E+05
    0.21272E-01    0.24843E+05
    0.21702E-01    0.24485E+05
    0.22141E-01    0.24115E+05
    0.22588E-01    0.23733E+05
    0.23044E-01    0.23341E+05
    0.23510E-01    0.22939E+05
    0.23985E-01    0.22528E+05
    0.24469E-01    0.22108E+05
    0.24964E-01    0.21680E+05
    0.25468E-01    0.21245E+05
    0.25982E-01    0.20804E+05
    0.26507E-01    0.20358E+05
    0.27043E-01    0.19908E+05
    0.27589E-01    0.19455E+05
    0.28146E-01    0.19000E+05
    0.28715E-01    0.18544E+05
    0.29295E-01    0.18089E+05
    0.29887E-01    0.17635E+05
    0.30490E-01    0.17184E+05
    0.31106E-01    0.16736E+05
    0.31735E-01    0.16294E+05
    0.32376E-01    0.15858E+05
    0.33030E-01    0.15429E+05
    0.33697E-01    0.15008E+05
    0.34378E-01    0.14597E+05
    0.35072E-01    0.14196E+05
    0.35781E-01    0.13807E+05
    0.36504E-01    0.13431E+05
    0.37241E-01    0.13068E+05
    0.37993E-01    0.12718E+05
    0.38761E-01    0.12383E+05
    0.39544E-01    0.12063E+05
    0.40343E-01    0.11759E+05
    0.41158E-01    0.11470E+05
    0.41989E-01    0.11198E+05
    0.42838E-01    0.10942E+05
    0.43703E-01    0.10703E+05
    0.44586E-01    0.10481E+05
    0.45486E-01    0.10276E+05
    0.46405E-01    0.10086E+05
    0.47343E-01    0.99106E+04
    0.48299E-01    0.97482E+04
    0.49275E-01    0.95980E+04
    0.50270E-01    0.94583E+04
    0.51286E-01    0.93277E+04
    0.52322E-01    0.92049E+04
    0.53379E-01    0.90883E+04
    0.54457E-01    0.89764E+04
    0.55557E-01    0.88676E+04
    0.56680E-01    0.87604E+04
    0.57825E-01    0.86529E+04
    0.58993E-01    0.85430E+04
    0.60184E-01    0.84285E+04
    0.61400E-01    0.83073E+04
    0.62641E-01    0.81772E+04
    0.63906E-01    0.80361E+04
    0.65197E-01    0.78821E+04
    0.66514E-01    0.77141E+04
    0.67858E-01    0.75311E+04
    0.69229E-01    0.73325E+04
    0.70627E-01    0.71192E+04
    0.72054E-01    0.68922E+04
    0.73510E-01    0.66530E+04
    0.74994E-01    0.64040E+04
    0.76509E-01    0.61474E+04
    0.78055E-01    0.58860E+04
    0.79632E-01    0.56231E+04
    0.81241E-01    0.53618E+04
    0.82882E-01    0.51053E+04
    0.84556E-01    0.48568E+04
    0.86264E-01    0.46193E+04
    0.88007E-01    0.43959E+04
    0.89785E-01    0.41891E+04
    0.91598E-01    0.40010E+04
    0.93449E-01    0.38332E+04
    0.95337E-01    0.36868E+04
    0.97263E-01    0.35617E+04
    0.99227E-01    0.34571E+04
    0.10123E+00    0.33718E+04
    0.10328E+00    0.33031E+04
    0.10536E+00    0.32483E+04
    0.10749E+00    0.32039E+04
    0.10966E+00    0.31660E+04
    0.11188E+00    0.31305E+04
    0.11414E+00    0.30934E+04
    0.11644E+00    0.30508E+04
    0.11880E+00    0.29994E+04
    0.12120E+00    0.29366E+04
    0.12365E+00    0.28606E+04
    0.12614E+00    0.27706E+04
    0.12869E+00    0.26673E+04
    0.13129E+00    0.25519E+04
    0.13394E+00    0.24274E+04
    0.13665E+00    0.22976E+04
    0.13941E+00    0.21675E+04
    0.14223E+00    0.20419E+04
    0.14510E+00    0.19257E+04
    0.14803E+00    0.18224E+04
    0.15102E+00    0.17340E+04
    0.15407E+00    0.16610E+04
    0.15718E+00    0.16030E+04
    0.16036E+00    0.15584E+04
    0.16360E+00    0.15250E+04
    0.16690E+00    0.14995E+04
    0.17028E+00    0.14777E+04
    0.17371E+00    0.14549E+04
    0.17722E+00    0.14268E+04
    0.18080E+00    0.13907E+04
    0.18446E+00    0.13452E+04
    0.18818E+00    0.12909E+04
    0.19198E+00    0.12295E+04
    0.19586E+00    0.11640E+04
    0.19982E+00    0.10982E+04
    0.20386E+00    0.10361E+04
    0.20797E+00    0.98088E+03
    0.21218E+00    0.93448E+03
    0.21646E+00    0.89738E+03
    0.22083E+00    0.86880E+03
    0.22530E+00    0.84656E+03
    0.22985E+00    0.82742E+03
    0.23449E+00    0.80794E+03
    0.23923E+00    0.78545E+03
    0.24406E+00    0.75858E+03
    0.24899E+00    0.72717E+03
    0.25402E+00    0.69233E+03
    0.25915E+00    0.65635E+03
    0.26439E+00    0.62195E+03
    0.26973E+00    0.59131E+03
    0.27518E+00    0.56548E+03
    0.28074E+00    0.54434E+03
    0.28641E+00    0.52669E+03
    0.29219E+00    0.51067E+03
    0.29810E+00    0.49435E+03
    0.30412E+00    0.47634E+03
    0.31026E+00    0.45636E+03
    0.31653E+00    0.43519E+03
    0.32292E+00    0.41415E+03
    0.32945E+00    0.39450E+03
    0.33610E+00    0.37716E+03
    0.34289E+00    0.36219E+03
    0.34982E+00    0.34886E+03
    0.35689E+00    0.33616E+03
    0.36409E+00    0.32319E+03
    0.37145E+00    0.30962E+03
    0.37895E+00    0.29574E+03
    0.38661E+00    0.28216E+03
    0.39442E+00    0.26954E+03
    0.40239E+00    0.25811E+03
    0.41052E+00    0.24767E+03
    0.41881E+00    0.23779E+03
    0.42727E+00    0.22799E+03
    0.43590E+00    0.21815E+03
    0.44471E+00    0.20845E+03
    0.45369E+00    0.19918E+03
    0.46286E+00    0.19053E+03
    0.47221E+00    0.18246E+03
    0.48174E+00    0.17478E+03
    0.49148E+00    0.16730E+03
    0.50141E+00    0.15997E+03
    0.51153E+00    0.15289E+03
    0.52187E+00    0.14616E+03
    0.53241E+00    0.13981E+03
    0.54317E+00    0.13374E+03
    0.55414E+00    0.12790E+03
    0.56533E+00    0.12226E+03
    0.57675E+00    0.11683E+03
    0.58840E+00    0.11165E+03
    0.60029E+00    0.10673E+03
    0.61242E+00    0.10201E+03
    0.62479E+00    0.97492E+02
    0.63741E+00    0.93159E+02
    0.65029E+00    0.89006E+02
    0.66342E+00    0.85028E+02
    0.67683E+00    0.81218E+02
    0.69050E+00    0.77571E+02
    0.70445E+00    0.74080E+02
    0.71868E+00    0.70739E+02
    0.73320E+00    0.67544E+02
    0.74801E+00    0.64488E+02
    0.76312E+00    0.61565E+02
    0.77854E+00    0.58772E+02
    0.79426E+00    0.56101E+02
    0.81031E+00    0.53548E+02
    0.82668E+00    0.51107E+02
    0.84338E+00    0.48774E+02
    0.86041E+00    0.46545E+02
    0.87780E+00    0.44414E+02
    0.89553E+00    0.42377E+02
    0.91362E+00    0.40431E+02
    0.93208E+00    0.38571E+02
    0.95091E+00    0.36794E+02
    0.97011E+00    0.35096E+02
    0.98971E+00    0.33474E+02
    0.10097E+01    0.31924E+02
    0.10301E+01    0.30444E+02
    0.10509E+01    0.29030E+02
    0.10721E+01    0.27680E+02
    0.10938E+01    0.26391E+02
    0.11159E+01    0.25160E+02
    0.11384E+01    0.23984E+02
    0.11614E+01    0.22862E+02
    0.11849E+01    0.21792E+02
    0.12088E+01    0.20769E+02
    0.12333E+01    0.19794E+02
    0.12582E+01    0.18863E+02
    0.12836E+01    0.17975E+02
    0.13095E+01    0.17127E+02
    0.13360E+01    0.16319E+02
    0.13630E+01    0.15547E+02
    0.13905E+01    0.14811E+02
    0.14186E+01    0.14110E+02
    0.14472E+01    0.13440E+02
    0.14765E+01    0.12802E+02
    0.15063E+01    0.12193E+02
    0.15367E+01    0.11612E+02
    0.15678E+01    0.11059E+02
    0.15994E+01    0.10531E+02
    0.16318E+01    0.10028E+02
    0.16647E+01    0.95481E+01
    0.16984E+01    0.90907E+01
    0.17327E+01    0.86546E+01
    0.17677E+01    0.82389E+01
    0.18034E+01    0.78426E+01
    0.18398E+01    0.74649E+01
    0.18770E+01    0.71049E+01
    0.19149E+01    0.67619E+01
    0.19536E+01    0.64350E+01
    0.19930E+01    0.61237E+01
    0.20333E+01    0.58271E+01
    0.20744E+01    0.55447E+01
    0.21163E+01    0.52758E+01
    0.21590E+01    0.50199E+01
    0.22026E+01    0.47762E+01
    0.22471E+01    0.45444E+01
