    0.10000E-03    0.82566E+03
    0.10202E-03    0.84179E+03
    0.10408E-03    0.85823E+03
    0.10618E-03    0.87500E+03
    0.10833E-03    0.89209E+03
    0.11052E-03    0.90951E+03
    0.11275E-03    0.92727E+03
    0.11503E-03    0.94538E+03
    0.11735E-03    0.96385E+03
    0.11972E-03    0.98267E+03
    0.12214E-03    0.10019E+04
    0.12461E-03    0.10214E+04
    0.12712E-03    0.10414E+04
    0.12969E-03    0.10617E+04
    0.13231E-03    0.10824E+04
    0.13499E-03    0.11035E+04
    0.13771E-03    0.11251E+04
    0.14049E-03    0.11471E+04
    0.14333E-03    0.11694E+04
    0.14623E-03    0.11923E+04
    0.14918E-03    0.12155E+04
    0.15220E-03    0.12392E+04
    0.15527E-03    0.12634E+04
    0.15841E-03    0.12881E+04
    0.16161E-03    0.13132E+04
    0.16487E-03    0.13388E+04
    0.16820E-03    0.13649E+04
    0.17160E-03    0.13915E+04
    0.17507E-03    0.14187E+04
    0.17860E-03    0.14463E+04
    0.18221E-03    0.14745E+04
    0.18589E-03    0.15033E+04
    0.18965E-03    0.15326E+04
    0.19348E-03    0.15624E+04
    0.19739E-03    0.15929E+04
    0.20138E-03    0.16239E+04
    0.20544E-03    0.16555E+04
    0.20959E-03    0.16878E+04
    0.21383E-03    0.17206E+04
    0.21815E-03    0.17541E+04
    0.22255E-03    0.17883E+04
    0.22705E-03    0.18231E+04
    0.23164E-03    0.18586E+04
    0.23632E-03    0.18947E+04
    0.24109E-03    0.19316E+04
    0.24596E-03    0.19691E+04
    0.25093E-03    0.20074E+04
    0.25600E-03    0.20464E+04
    0.26117E-03    0.20862E+04
    0.26645E-03    0.21267E+04
    0.27183E-03    0.21680E+04
    0.27732E-03    0.22101E+04
    0.28292E-03    0.22530E+04
    0.28864E-03    0.22968E+04
    0.29447E-03    0.23413E+04
    0.30042E-03    0.23867E+04
    0.30649E-03    0.24330E+04
    0.31268E-03    0.24802E+04
    0.31899E-03    0.25282E+04
    0.32544E-03    0.25772E+04
    0.33201E-03    0.26271E+04
    0.33872E-03    0.26780E+04
    0.34556E-03    0.27298E+04
    0.35254E-03    0.27826E+04
    0.35966E-03    0.28364E+04
    0.36693E-03    0.28912E+04
    0.37434E-03    0.29471E+04
    0.38190E-03    0.30040E+04
    0.38962E-03    0.30619E+04
    0.39749E-03    0.31210E+04
    0.40552E-03    0.31812E+04
    0.41371E-03    0.32425E+04
    0.42207E-03    0.33049E+04
    0.43060E-03    0.33685E+04
    0.43929E-03    0.34333E+04
    0.44817E-03    0.34994E+04
    0.45722E-03    0.35666E+04
    0.46646E-03    0.36351E+04
    0.47588E-03    0.37048E+04
    0.48550E-03    0.37759E+04
    0.49530E-03    0.38483E+04
    0.50531E-03    0.39219E+04
    0.51552E-03    0.39970E+04
    0.52593E-03    0.40734E+04
    0.53656E-03    0.41513E+04
    0.54739E-03    0.42305E+04
    0.55845E-03    0.43112E+04
    0.56973E-03    0.43934E+04
    0.58124E-03    0.44770E+04
    0.59299E-03    0.45622E+04
    0.60496E-03    0.46489E+04
    0.61719E-03    0.47372E+04
    0.62965E-03    0.48271E+04
    0.64237E-03    0.49186E+04
    0.65535E-03    0.50117E+04
    0.66859E-03    0.51065E+04
    0.68210E-03    0.52029E+04
    0.69588E-03    0.53011E+04
    0.70993E-03    0.54010E+04
    0.72427E-03    0.55027E+04
    0.73891E-03    0.56062E+04
    0.75383E-03    0.57114E+04
    0.76906E-03    0.58185E+04
    0.78460E-03    0.59275E+04
    0.80045E-03    0.60384E+04
    0.81662E-03    0.61511E+04
    0.83311E-03    0.62659E+04
    0.84994E-03    0.63825E+04
    0.86711E-03    0.65012E+04
    0.88463E-03    0.66219E+04
    0.90250E-03    0.67446E+04
    0.92073E-03    0.68694E+04
    0.93933E-03    0.69963E+04
    0.95831E-03    0.71253E+04
    0.97767E-03    0.72564E+04
    0.99742E-03    0.73898E+04
    0.10176E-02    0.75253E+04
    0.10381E-02    0.76630E+04
    0.10591E-02    0.78029E+04
    0.10805E-02    0.79451E+04
    0.11023E-02    0.80896E+04
    0.11246E-02    0.82364E+04
    0.11473E-02    0.83856E+04
    0.11705E-02    0.85371E+04
    0.11941E-02    0.86909E+04
    0.12182E-02    0.88472E+04
    0.12429E-02    0.90058E+04
    0.12680E-02    0.91669E+04
    0.12936E-02    0.93305E+04
    0.13197E-02    0.94965E+04
    0.13464E-02    0.96650E+04
    0.13736E-02    0.98360E+04
    0.14013E-02    0.10009E+05
    0.14296E-02    0.10186E+05
    0.14585E-02    0.10364E+05
    0.14880E-02    0.10545E+05
    0.15180E-02    0.10729E+05
    0.15487E-02    0.10915E+05
    0.15800E-02    0.11104E+05
    0.16119E-02    0.11296E+05
    0.16445E-02    0.11490E+05
    0.16777E-02    0.11686E+05
    0.17116E-02    0.11886E+05
    0.17462E-02    0.12088E+05
    0.17814E-02    0.12292E+05
    0.18174E-02    0.12499E+05
    0.18541E-02    0.12709E+05
    0.18916E-02    0.12921E+05
    0.19298E-02    0.13136E+05
    0.19688E-02    0.13354E+05
    0.20086E-02    0.13574E+05
    0.20491E-02    0.13797E+05
    0.20905E-02    0.14022E+05
    0.21328E-02    0.14250E+05
    0.21758E-02    0.14480E+05
    0.22198E-02    0.14713E+05
    0.22646E-02    0.14948E+05
    0.23104E-02    0.15186E+05
    0.23571E-02    0.15426E+05
    0.24047E-02    0.15669E+05
    0.24533E-02    0.15914E+05
    0.25028E-02    0.16161E+05
    0.25534E-02    0.16410E+05
    0.26050E-02    0.16662E+05
    0.26576E-02    0.16916E+05
    0.27113E-02    0.17172E+05
    0.27660E-02    0.17431E+05
    0.28219E-02    0.17691E+05
    0.28789E-02    0.17953E+05
    0.29371E-02    0.18218E+05
    0.29964E-02    0.18484E+05
    0.30569E-02    0.18752E+05
    0.31187E-02    0.19022E+05
    0.31817E-02    0.19293E+05
    0.32460E-02    0.19566E+05
    0.33115E-02    0.19841E+05
    0.33784E-02    0.20117E+05
    0.34467E-02    0.20394E+05
    0.35163E-02    0.20673E+05
    0.35874E-02    0.20953E+05
    0.36598E-02    0.21234E+05
    0.37338E-02    0.21516E+05
    0.38092E-02    0.21798E+05
    0.38861E-02    0.22082E+05
    0.39646E-02    0.22366E+05
    0.40447E-02    0.22651E+05
    0.41264E-02    0.22936E+05
    0.42098E-02    0.23221E+05
    0.42948E-02    0.23506E+05
    0.43816E-02    0.23792E+05
    0.44701E-02    0.24077E+05
    0.45604E-02    0.24362E+05
    0.46525E-02    0.24646E+05
    0.47465E-02    0.24930E+05
    0.48424E-02    0.25214E+05
    0.49402E-02    0.25496E+05
    0.50400E-02    0.25778E+05
    0.51419E-02    0.26058E+05
    0.52457E-02    0.26337E+05
    0.53517E-02    0.26613E+05
    0.54598E-02    0.26888E+05
    0.55701E-02    0.27161E+05
    0.56826E-02    0.27431E+05
    0.57974E-02    0.27699E+05
    0.59145E-02    0.27964E+05
    0.60340E-02    0.28226E+05
    0.61559E-02    0.28485E+05
    0.62803E-02    0.28741E+05
    0.64072E-02    0.28993E+05
    0.65366E-02    0.29240E+05
    0.66686E-02    0.29484E+05
    0.68033E-02    0.29723E+05
    0.69408E-02    0.29958E+05
    0.70810E-02    0.30187E+05
    0.72240E-02    0.30412E+05
    0.73700E-02    0.30631E+05
    0.75189E-02    0.30845E+05
    0.76708E-02    0.31052E+05
    0.78257E-02    0.31254E+05
    0.79838E-02    0.31448E+05
    0.81451E-02    0.31636E+05
    0.83096E-02    0.31817E+05
    0.84775E-02    0.31990E+05
    0.86488E-02    0.32156E+05
    0.88235E-02    0.32313E+05
    0.90017E-02    0.32462E+05
    0.91836E-02    0.32602E+05
    0.93691E-02    0.32732E+05
    0.95583E-02    0.32854E+05
    0.97514E-02    0.32965E+05
    0.99484E-02    0.33067E+05
    0.10149E-01    0.33158E+05
    0.10354E-01    0.33238E+05
    0.10564E-01    0.33307E+05
    0.10777E-01    0.33365E+05
    0.10995E-01    0.33411E+05
    0.11217E-01    0.33445E+05
    0.11443E-01    0.33466E+05
    0.11675E-01    0.33475E+05
    0.11910E-01    0.33470E+05
    0.12151E-01    0.33452E+05
    0.12397E-01    0.33421E+05
    0.12647E-01    0.33375E+05
    0.12902E-01    0.33315E+05
    0.13163E-01    0.33240E+05
    0.13429E-01    0.33150E+05
    0.13700E-01    0.33045E+05
    0.13977E-01    0.32925E+05
    0.14259E-01    0.32789E+05
    0.14547E-01    0.32637E+05
    0.14841E-01    0.32469E+05
    0.15141E-01    0.32285E+05
    0.15447E-01    0.32085E+05
    0.15759E-01    0.31868E+05
    0.16077E-01    0.31635E+05
    0.16402E-01    0.31385E+05
    0.16734E-01    0.31118E+05
    0.17072E-01    0.30835E+05
    0.17416E-01    0.30535E+05
    0.17768E-01    0.30219E+05
    0.18127E-01    0.29886E+05
    0.18493E-01    0.29538E+05
    0.18867E-01    0.29173E+05
    0.19248E-01    0.28793E+05
    0.19637E-01    0.28398E+05
    0.20034E-01    0.27988E+05
    0.20438E-01    0.27564E+05
    0.20851E-01    0.27126E+05
    0.21272E-01    0.26675E+05
    0.21702E-01    0.26211E+05
    0.22141E-01    0.25735E+05
    0.22588E-01    0.25249E+05
    0.23044E-01    0.24752E+05
    0.23510E-01    0.24246E+05
    0.23985E-01    0.23732E+05
    0.24469E-01    0.23210E+05
    0.24964E-01    0.22682E+05
    0.25468E-01    0.22149E+05
    0.25982E-01    0.21612E+05
    0.26507E-01    0.21073E+05
    0.27043E-01    0.20532E+05
    0.27589E-01    0.19991E+05
    0.28146E-01    0.19452E+05
    0.28715E-01    0.18915E+05
    0.29295E-01    0.18382E+05
    0.29887E-01    0.17854E+05
    0.30490E-01    0.17334E+05
    0.31106E-01    0.16821E+05
    0.31735E-01    0.16318E+05
    0.32376E-01    0.15825E+05
    0.33030E-01    0.15344E+05
    0.33697E-01    0.14876E+05
    0.34378E-01    0.14423E+05
    0.35072E-01    0.13985E+05
    0.35781E-01    0.13563E+05
    0.36504E-01    0.13159E+05
    0.37241E-01    0.12772E+05
    0.37993E-01    0.12403E+05
    0.38761E-01    0.12053E+05
    0.39544E-01    0.11722E+05
    0.40343E-01    0.11411E+05
    0.41158E-01    0.11120E+05
    0.41989E-01    0.10849E+05
    0.42838E-01    0.10599E+05
    0.43703E-01    0.10371E+05
    0.44586E-01    0.10162E+05
    0.45486E-01    0.99708E+04
    0.46405E-01    0.97958E+04
    0.47343E-01    0.96353E+04
    0.48299E-01    0.94878E+04
    0.49275E-01    0.93520E+04
    0.50270E-01    0.92267E+04
    0.51286E-01    0.91108E+04
    0.52322E-01    0.90030E+04
    0.53379E-01    0.89014E+04
    0.54457E-01    0.88039E+04
    0.55557E-01    0.87090E+04
    0.56680E-01    0.86139E+04
    0.57825E-01    0.85160E+04
    0.58993E-01    0.84125E+04
    0.60184E-01    0.83006E+04
    0.61400E-01    0.81775E+04
    0.62641E-01    0.80405E+04
    0.63906E-01    0.78873E+04
    0.65197E-01    0.77168E+04
    0.66514E-01    0.75280E+04
    0.67858E-01    0.73206E+04
    0.69229E-01    0.70959E+04
    0.70627E-01    0.68555E+04
    0.72054E-01    0.66016E+04
    0.73510E-01    0.63366E+04
    0.74994E-01    0.60633E+04
    0.76509E-01    0.57847E+04
    0.78055E-01    0.55043E+04
    0.79632E-01    0.52256E+04
    0.81241E-01    0.49522E+04
    0.82882E-01    0.46877E+04
    0.84556E-01    0.44356E+04
    0.86264E-01    0.42000E+04
    0.88007E-01    0.39837E+04
    0.89785E-01    0.37893E+04
    0.91598E-01    0.36184E+04
    0.93449E-01    0.34721E+04
    0.95337E-01    0.33499E+04
    0.97263E-01    0.32504E+04
    0.99227E-01    0.31720E+04
    0.10123E+00    0.31116E+04
    0.10328E+00    0.30662E+04
    0.10536E+00    0.30319E+04
    0.10749E+00    0.30049E+04
    0.10966E+00    0.29807E+04
    0.11188E+00    0.29548E+04
    0.11414E+00    0.29228E+04
    0.11644E+00    0.28806E+04
    0.11880E+00    0.28249E+04
    0.12120E+00    0.27536E+04
    0.12365E+00    0.26659E+04
    0.12614E+00    0.25623E+04
    0.12869E+00    0.24448E+04
    0.13129E+00    0.23167E+04
    0.13394E+00    0.21825E+04
    0.13665E+00    0.20480E+04
    0.13941E+00    0.19187E+04
    0.14223E+00    0.17999E+04
    0.14510E+00    0.16954E+04
    0.14803E+00    0.16073E+04
    0.15102E+00    0.15361E+04
    0.15407E+00    0.14811E+04
    0.15718E+00    0.14410E+04
    0.16036E+00    0.14132E+04
    0.16360E+00    0.13942E+04
    0.16690E+00    0.13790E+04
    0.17028E+00    0.13623E+04
    0.17371E+00    0.13395E+04
    0.17722E+00    0.13075E+04
    0.18080E+00    0.12651E+04
    0.18446E+00    0.12126E+04
    0.18818E+00    0.11519E+04
    0.19198E+00    0.10863E+04
    0.19586E+00    0.10201E+04
    0.19982E+00    0.95795E+03
    0.20386E+00    0.90332E+03
    0.20797E+00    0.85823E+03
    0.21218E+00    0.82327E+03
    0.21646E+00    0.79755E+03
    0.22083E+00    0.77863E+03
    0.22530E+00    0.76289E+03
    0.22985E+00    0.74661E+03
    0.23449E+00    0.72705E+03
    0.23923E+00    0.70260E+03
    0.24406E+00    0.67289E+03
    0.24899E+00    0.63911E+03
    0.25402E+00    0.60397E+03
    0.25915E+00    0.57049E+03
    0.26439E+00    0.54096E+03
    0.26973E+00    0.51650E+03
    0.27518E+00    0.49708E+03
    0.28074E+00    0.48142E+03
    0.28641E+00    0.46744E+03
    0.29219E+00    0.45298E+03
    0.29810E+00    0.43660E+03
    0.30412E+00    0.41802E+03
    0.31026E+00    0.39801E+03
    0.31653E+00    0.37794E+03
    0.32292E+00    0.35930E+03
    0.32945E+00    0.34311E+03
    0.33610E+00    0.32937E+03
    0.34289E+00    0.31735E+03
    0.34982E+00    0.30594E+03
    0.35689E+00    0.29418E+03
    0.36409E+00    0.28171E+03
    0.37145E+00    0.26876E+03
    0.37895E+00    0.25610E+03
    0.38661E+00    0.24436E+03
    0.39442E+00    0.23384E+03
    0.40239E+00    0.22437E+03
    0.41052E+00    0.21540E+03
    0.41881E+00    0.20649E+03
    0.42727E+00    0.19747E+03
    0.43590E+00    0.18853E+03
    0.44471E+00    0.17998E+03
    0.45369E+00    0.17206E+03
    0.46286E+00    0.16471E+03
    0.47221E+00    0.15774E+03
    0.48174E+00    0.15093E+03
    0.49148E+00    0.14425E+03
    0.50141E+00    0.13777E+03
    0.51153E+00    0.13163E+03
    0.52187E+00    0.12585E+03
    0.53241E+00    0.12034E+03
    0.54317E+00    0.11504E+03
    0.55414E+00    0.10991E+03
    0.56533E+00    0.10498E+03
    0.57675E+00    0.10028E+03
    0.58840E+00    0.95818E+02
    0.60029E+00    0.91545E+02
    0.61242E+00    0.87450E+02
    0.62479E+00    0.83526E+02
    0.63741E+00    0.79769E+02
    0.65029E+00    0.76171E+02
    0.66342E+00    0.72727E+02
    0.67683E+00    0.69432E+02
    0.69050E+00    0.66279E+02
    0.70445E+00    0.63264E+02
    0.71868E+00    0.60382E+02
    0.73320E+00    0.57626E+02
    0.74801E+00    0.54993E+02
    0.76312E+00    0.52477E+02
    0.77854E+00    0.50072E+02
    0.79426E+00    0.47775E+02
    0.81031E+00    0.45580E+02
    0.82668E+00    0.43483E+02
    0.84338E+00    0.41479E+02
    0.86041E+00    0.39566E+02
    0.87780E+00    0.37737E+02
    0.89553E+00    0.35991E+02
    0.91362E+00    0.34323E+02
    0.93208E+00    0.32729E+02
    0.95091E+00    0.31208E+02
    0.97011E+00    0.29755E+02
    0.98971E+00    0.28367E+02
    0.10097E+01    0.27043E+02
    0.10301E+01    0.25778E+02
    0.10509E+01    0.24571E+02
    0.10721E+01    0.23418E+02
    0.10938E+01    0.22319E+02
    0.11159E+01    0.21269E+02
    0.11384E+01    0.20268E+02
    0.11614E+01    0.19312E+02
    0.11849E+01    0.18400E+02
    0.12088E+01    0.17530E+02
    0.12333E+01    0.16701E+02
    0.12582E+01    0.15909E+02
    0.12836E+01    0.15154E+02
    0.13095E+01    0.14435E+02
    0.13360E+01    0.13748E+02
    0.13630E+01    0.13093E+02
    0.13905E+01    0.12469E+02
    0.14186E+01    0.11874E+02
    0.14472E+01    0.11307E+02
    0.14765E+01    0.10766E+02
    0.15063E+01    0.10250E+02
    0.15367E+01    0.97591E+01
    0.15678E+01    0.92907E+01
    0.15994E+01    0.88442E+01
    0.16318E+01    0.84187E+01
    0.16647E+01    0.80132E+01
    0.16984E+01    0.76267E+01
    0.17327E+01    0.72584E+01
    0.17677E+01    0.69074E+01
    0.18034E+01    0.65730E+01
    0.18398E+01    0.62544E+01
    0.18770E+01    0.59508E+01
    0.19149E+01    0.56617E+01
    0.19536E+01    0.53864E+01
    0.19930E+01    0.51243E+01
    0.20333E+01    0.48747E+01
    0.20744E+01    0.46372E+01
    0.21163E+01    0.44111E+01
    0.21590E+01    0.41960E+01
    0.22026E+01    0.39914E+01
