    0.10000E-03    0.57644E+03
    0.10202E-03    0.58770E+03
    0.10408E-03    0.59919E+03
    0.10618E-03    0.61090E+03
    0.10833E-03    0.62283E+03
    0.11052E-03    0.63500E+03
    0.11275E-03    0.64741E+03
    0.11503E-03    0.66006E+03
    0.11735E-03    0.67296E+03
    0.11972E-03    0.68610E+03
    0.12214E-03    0.69951E+03
    0.12461E-03    0.71317E+03
    0.12712E-03    0.72710E+03
    0.12969E-03    0.74131E+03
    0.13231E-03    0.75579E+03
    0.13499E-03    0.77055E+03
    0.13771E-03    0.78560E+03
    0.14049E-03    0.80094E+03
    0.14333E-03    0.81658E+03
    0.14623E-03    0.83253E+03
    0.14918E-03    0.84879E+03
    0.15220E-03    0.86536E+03
    0.15527E-03    0.88226E+03
    0.15841E-03    0.89948E+03
    0.16161E-03    0.91704E+03
    0.16487E-03    0.93494E+03
    0.16820E-03    0.95319E+03
    0.17160E-03    0.97180E+03
    0.17507E-03    0.99076E+03
    0.17860E-03    0.10101E+04
    0.18221E-03    0.10298E+04
    0.18589E-03    0.10499E+04
    0.18965E-03    0.10704E+04
    0.19348E-03    0.10913E+04
    0.19739E-03    0.11126E+04
    0.20138E-03    0.11343E+04
    0.20544E-03    0.11564E+04
    0.20959E-03    0.11789E+04
    0.21383E-03    0.12019E+04
    0.21815E-03    0.12254E+04
    0.22255E-03    0.12492E+04
    0.22705E-03    0.12736E+04
    0.23164E-03    0.12984E+04
    0.23632E-03    0.13237E+04
    0.24109E-03    0.13495E+04
    0.24596E-03    0.13758E+04
    0.25093E-03    0.14026E+04
    0.25600E-03    0.14299E+04
    0.26117E-03    0.14578E+04
    0.26645E-03    0.14861E+04
    0.27183E-03    0.15151E+04
    0.27732E-03    0.15446E+04
    0.28292E-03    0.15746E+04
    0.28864E-03    0.16053E+04
    0.29447E-03    0.16365E+04
    0.30042E-03    0.16683E+04
    0.30649E-03    0.17007E+04
    0.31268E-03    0.17338E+04
    0.31899E-03    0.17675E+04
    0.32544E-03    0.18018E+04
    0.33201E-03    0.18368E+04
    0.33872E-03    0.18725E+04
    0.34556E-03    0.19089E+04
    0.35254E-03    0.19459E+04
    0.35966E-03    0.19837E+04
    0.36693E-03    0.20222E+04
    0.37434E-03    0.20614E+04
    0.38190E-03    0.21013E+04
    0.38962E-03    0.21421E+04
    0.39749E-03    0.21836E+04
    0.40552E-03    0.22259E+04
    0.41371E-03    0.22690E+04
    0.42207E-03    0.23129E+04
    0.43060E-03    0.23576E+04
    0.43929E-03    0.24032E+04
    0.44817E-03    0.24497E+04
    0.45722E-03    0.24970E+04
    0.46646E-03    0.25452E+04
    0.47588E-03    0.25944E+04
    0.48550E-03    0.26444E+04
    0.49530E-03    0.26954E+04
    0.50531E-03    0.27474E+04
    0.51552E-03    0.28003E+04
    0.52593E-03    0.28542E+04
    0.53656E-03    0.29092E+04
    0.54739E-03    0.29651E+04
    0.55845E-03    0.30221E+04
    0.56973E-03    0.30802E+04
    0.58124E-03    0.31393E+04
    0.59299E-03    0.31996E+04
    0.60496E-03    0.32609E+04
    0.61719E-03    0.33234E+04
    0.62965E-03    0.33871E+04
    0.64237E-03    0.34519E+04
    0.65535E-03    0.35179E+04
    0.66859E-03    0.35851E+04
    0.68210E-03    0.36535E+04
    0.69588E-03    0.37232E+04
    0.70993E-03    0.37942E+04
    0.72427E-03    0.38665E+04
    0.73891E-03    0.39400E+04
    0.75383E-03    0.40149E+04
    0.76906E-03    0.40912E+04
    0.78460E-03    0.41688E+04
    0.80045E-03    0.42478E+04
    0.81662E-03    0.43283E+04
    0.83311E-03    0.44102E+04
    0.84994E-03    0.44935E+04
    0.86711E-03    0.45783E+04
    0.88463E-03    0.46646E+04
    0.90250E-03    0.47525E+04
    0.92073E-03    0.48419E+04
    0.93933E-03    0.49328E+04
    0.95831E-03    0.50254E+04
    0.97767E-03    0.51196E+04
    0.99742E-03    0.52154E+04
    0.10176E-02    0.53128E+04
    0.10381E-02    0.54120E+04
    0.10591E-02    0.55128E+04
    0.10805E-02    0.56154E+04
    0.11023E-02    0.57197E+04
    0.11246E-02    0.58258E+04
    0.11473E-02    0.59337E+04
    0.11705E-02    0.60434E+04
    0.11941E-02    0.61550E+04
    0.12182E-02    0.62684E+04
    0.12429E-02    0.63836E+04
    0.12680E-02    0.65008E+04
    0.12936E-02    0.66199E+04
    0.13197E-02    0.67410E+04
    0.13464E-02    0.68640E+04
    0.13736E-02    0.69890E+04
    0.14013E-02    0.71160E+04
    0.14296E-02    0.72450E+04
    0.14585E-02    0.73761E+04
    0.14880E-02    0.75092E+04
    0.15180E-02    0.76444E+04
    0.15487E-02    0.77818E+04
    0.15800E-02    0.79212E+04
    0.16119E-02    0.80628E+04
    0.16445E-02    0.82065E+04
    0.16777E-02    0.83524E+04
    0.17116E-02    0.85005E+04
    0.17462E-02    0.86507E+04
    0.17814E-02    0.88032E+04
    0.18174E-02    0.89579E+04
    0.18541E-02    0.91149E+04
    0.18916E-02    0.92740E+04
    0.19298E-02    0.94355E+04
    0.19688E-02    0.95992E+04
    0.20086E-02    0.97652E+04
    0.20491E-02    0.99334E+04
    0.20905E-02    0.10104E+05
    0.21328E-02    0.10277E+05
    0.21758E-02    0.10452E+05
    0.22198E-02    0.10629E+05
    0.22646E-02    0.10809E+05
    0.23104E-02    0.10991E+05
    0.23571E-02    0.11175E+05
    0.24047E-02    0.11362E+05
    0.24533E-02    0.11551E+05
    0.25028E-02    0.11742E+05
    0.25534E-02    0.11936E+05
    0.26050E-02    0.12131E+05
    0.26576E-02    0.12329E+05
    0.27113E-02    0.12530E+05
    0.27660E-02    0.12732E+05
    0.28219E-02    0.12937E+05
    0.28789E-02    0.13143E+05
    0.29371E-02    0.13353E+05
    0.29964E-02    0.13564E+05
    0.30569E-02    0.13777E+05
    0.31187E-02    0.13992E+05
    0.31817E-02    0.14210E+05
    0.32460E-02    0.14429E+05
    0.33115E-02    0.14651E+05
    0.33784E-02    0.14874E+05
    0.34467E-02    0.15099E+05
    0.35163E-02    0.15327E+05
    0.35874E-02    0.15556E+05
    0.36598E-02    0.15787E+05
    0.37338E-02    0.16019E+05
    0.38092E-02    0.16253E+05
    0.38861E-02    0.16489E+05
    0.39646E-02    0.16727E+05
    0.40447E-02    0.16965E+05
    0.41264E-02    0.17206E+05
    0.42098E-02    0.17447E+05
    0.42948E-02    0.17690E+05
    0.43816E-02    0.17935E+05
    0.44701E-02    0.18180E+05
    0.45604E-02    0.18426E+05
    0.46525E-02    0.18673E+05
    0.47465E-02    0.18922E+05
    0.48424E-02    0.19170E+05
    0.49402E-02    0.19420E+05
    0.50400E-02    0.19670E+05
    0.51419E-02    0.19920E+05
    0.52457E-02    0.20171E+05
    0.53517E-02    0.20423E+05
    0.54598E-02    0.20674E+05
    0.55701E-02    0.20925E+05
    0.56826E-02    0.21176E+05
    0.57974E-02    0.21427E+05
    0.59145E-02    0.21677E+05
    0.60340E-02    0.21926E+05
    0.61559E-02    0.22175E+05
    0.62803E-02    0.22422E+05
    0.64072E-02    0.22669E+05
    0.65366E-02    0.22914E+05
    0.66686E-02    0.23158E+05
    0.68033E-02    0.23400E+05
    0.69408E-02    0.23641E+05
    0.70810E-02    0.23879E+05
    0.72240E-02    0.24115E+05
    0.73700E-02    0.24349E+05
    0.75189E-02    0.24580E+05
    0.76708E-02    0.24808E+05
    0.78257E-02    0.25033E+05
    0.79838E-02    0.25255E+05
    0.81451E-02    0.25474E+05
    0.83096E-02    0.25689E+05
    0.84775E-02    0.25900E+05
    0.86488E-02    0.26107E+05
    0.88235E-02    0.26309E+05
    0.90017E-02    0.26507E+05
    0.91836E-02    0.26700E+05
    0.93691E-02    0.26887E+05
    0.95583E-02    0.27069E+05
    0.97514E-02    0.27246E+05
    0.99484E-02    0.27416E+05
    0.10149E-01    0.27580E+05
    0.10354E-01    0.27737E+05
    0.10564E-01    0.27887E+05
    0.10777E-01    0.28030E+05
    0.10995E-01    0.28166E+05
    0.11217E-01    0.28294E+05
    0.11443E-01    0.28414E+05
    0.11675E-01    0.28525E+05
    0.11910E-01    0.28628E+05
    0.12151E-01    0.28721E+05
    0.12397E-01    0.28806E+05
    0.12647E-01    0.28880E+05
    0.12902E-01    0.28945E+05
    0.13163E-01    0.28999E+05
    0.13429E-01    0.29043E+05
    0.13700E-01    0.29076E+05
    0.13977E-01    0.29097E+05
    0.14259E-01    0.29107E+05
    0.14547E-01    0.29106E+05
    0.14841E-01    0.29092E+05
    0.15141E-01    0.29066E+05
    0.15447E-01    0.29028E+05
    0.15759E-01    0.28977E+05
    0.16077E-01    0.28912E+05
    0.16402E-01    0.28835E+05
    0.16734E-01    0.28744E+05
    0.17072E-01    0.28639E+05
    0.17416E-01    0.28520E+05
    0.17768E-01    0.28388E+05
    0.18127E-01    0.28241E+05
    0.18493E-01    0.28081E+05
    0.18867E-01    0.27906E+05
    0.19248E-01    0.27717E+05
    0.19637E-01    0.27514E+05
    0.20034E-01    0.27297E+05
    0.20438E-01    0.27065E+05
    0.20851E-01    0.26820E+05
    0.21272E-01    0.26561E+05
    0.21702E-01    0.26288E+05
    0.22141E-01    0.26003E+05
    0.22588E-01    0.25704E+05
    0.23044E-01    0.25392E+05
    0.23510E-01    0.25069E+05
    0.23985E-01    0.24734E+05
    0.24469E-01    0.24387E+05
    0.24964E-01    0.24030E+05
    0.25468E-01    0.23663E+05
    0.25982E-01    0.23287E+05
    0.26507E-01    0.22902E+05
    0.27043E-01    0.22509E+05
    0.27589E-01    0.22110E+05
    0.28146E-01    0.21704E+05
    0.28715E-01    0.21293E+05
    0.29295E-01    0.20878E+05
    0.29887E-01    0.20460E+05
    0.30490E-01    0.20040E+05
    0.31106E-01    0.19619E+05
    0.31735E-01    0.19198E+05
    0.32376E-01    0.18778E+05
    0.33030E-01    0.18361E+05
    0.33697E-01    0.17947E+05
    0.34378E-01    0.17537E+05
    0.35072E-01    0.17133E+05
    0.35781E-01    0.16735E+05
    0.36504E-01    0.16346E+05
    0.37241E-01    0.15965E+05
    0.37993E-01    0.15594E+05
    0.38761E-01    0.15234E+05
    0.39544E-01    0.14885E+05
    0.40343E-01    0.14548E+05
    0.41158E-01    0.14222E+05
    0.41989E-01    0.13909E+05
    0.42838E-01    0.13609E+05
    0.43703E-01    0.13323E+05
    0.44586E-01    0.13052E+05
    0.45486E-01    0.12796E+05
    0.46405E-01    0.12557E+05
    0.47343E-01    0.12333E+05
    0.48299E-01    0.12122E+05
    0.49275E-01    0.11923E+05
    0.50270E-01    0.11736E+05
    0.51286E-01    0.11558E+05
    0.52322E-01    0.11390E+05
    0.53379E-01    0.11230E+05
    0.54457E-01    0.11078E+05
    0.55557E-01    0.10932E+05
    0.56680E-01    0.10790E+05
    0.57825E-01    0.10651E+05
    0.58993E-01    0.10513E+05
    0.60184E-01    0.10373E+05
    0.61400E-01    0.10229E+05
    0.62641E-01    0.10081E+05
    0.63906E-01    0.99246E+04
    0.65197E-01    0.97595E+04
    0.66514E-01    0.95833E+04
    0.67858E-01    0.93946E+04
    0.69229E-01    0.91928E+04
    0.70627E-01    0.89770E+04
    0.72054E-01    0.87474E+04
    0.73510E-01    0.85047E+04
    0.74994E-01    0.82497E+04
    0.76509E-01    0.79841E+04
    0.78055E-01    0.77099E+04
    0.79632E-01    0.74295E+04
    0.81241E-01    0.71455E+04
    0.82882E-01    0.68607E+04
    0.84556E-01    0.65780E+04
    0.86264E-01    0.63004E+04
    0.88007E-01    0.60310E+04
    0.89785E-01    0.57729E+04
    0.91598E-01    0.55292E+04
    0.93449E-01    0.53024E+04
    0.95337E-01    0.50947E+04
    0.97263E-01    0.49077E+04
    0.99227E-01    0.47423E+04
    0.10123E+00    0.45980E+04
    0.10328E+00    0.44741E+04
    0.10536E+00    0.43686E+04
    0.10749E+00    0.42789E+04
    0.10966E+00    0.42020E+04
    0.11188E+00    0.41344E+04
    0.11414E+00    0.40723E+04
    0.11644E+00    0.40117E+04
    0.11880E+00    0.39488E+04
    0.12120E+00    0.38798E+04
    0.12365E+00    0.38014E+04
    0.12614E+00    0.37111E+04
    0.12869E+00    0.36075E+04
    0.13129E+00    0.34905E+04
    0.13394E+00    0.33612E+04
    0.13665E+00    0.32218E+04
    0.13941E+00    0.30755E+04
    0.14223E+00    0.29262E+04
    0.14510E+00    0.27783E+04
    0.14803E+00    0.26365E+04
    0.15102E+00    0.25051E+04
    0.15407E+00    0.23877E+04
    0.15718E+00    0.22863E+04
    0.16036E+00    0.22015E+04
    0.16360E+00    0.21320E+04
    0.16690E+00    0.20757E+04
    0.17028E+00    0.20295E+04
    0.17371E+00    0.19899E+04
    0.17722E+00    0.19527E+04
    0.18080E+00    0.19135E+04
    0.18446E+00    0.18683E+04
    0.18818E+00    0.18145E+04
    0.19198E+00    0.17512E+04
    0.19586E+00    0.16797E+04
    0.19982E+00    0.16025E+04
    0.20386E+00    0.15230E+04
    0.20797E+00    0.14450E+04
    0.21218E+00    0.13723E+04
    0.21646E+00    0.13079E+04
    0.22083E+00    0.12532E+04
    0.22530E+00    0.12081E+04
    0.22985E+00    0.11713E+04
    0.23449E+00    0.11403E+04
    0.23923E+00    0.11115E+04
    0.24406E+00    0.10815E+04
    0.24899E+00    0.10478E+04
    0.25402E+00    0.10094E+04
    0.25915E+00    0.96700E+03
    0.26439E+00    0.92225E+03
    0.26973E+00    0.87753E+03
    0.27518E+00    0.83554E+03
    0.28074E+00    0.79832E+03
    0.28641E+00    0.76648E+03
    0.29219E+00    0.73932E+03
    0.29810E+00    0.71531E+03
    0.30412E+00    0.69245E+03
    0.31026E+00    0.66881E+03
    0.31653E+00    0.64330E+03
    0.32292E+00    0.61611E+03
    0.32945E+00    0.58835E+03
    0.33610E+00    0.56146E+03
    0.34289E+00    0.53668E+03
    0.34982E+00    0.51462E+03
    0.35689E+00    0.49496E+03
    0.36409E+00    0.47680E+03
    0.37145E+00    0.45907E+03
    0.37895E+00    0.44095E+03
    0.38661E+00    0.42237E+03
    0.39442E+00    0.40387E+03
    0.40239E+00    0.38610E+03
    0.41052E+00    0.36963E+03
    0.41881E+00    0.35454E+03
    0.42727E+00    0.34042E+03
    0.43590E+00    0.32682E+03
    0.44471E+00    0.31331E+03
    0.45369E+00    0.29990E+03
    0.46286E+00    0.28689E+03
    0.47221E+00    0.27452E+03
    0.48174E+00    0.26294E+03
    0.49148E+00    0.25200E+03
    0.50141E+00    0.24148E+03
    0.51153E+00    0.23122E+03
    0.52187E+00    0.22123E+03
    0.53241E+00    0.21164E+03
    0.54317E+00    0.20252E+03
    0.55414E+00    0.19388E+03
    0.56533E+00    0.18557E+03
    0.57675E+00    0.17756E+03
    0.58840E+00    0.16983E+03
    0.60029E+00    0.16242E+03
    0.61242E+00    0.15535E+03
    0.62479E+00    0.14860E+03
    0.63741E+00    0.14212E+03
    0.65029E+00    0.13591E+03
    0.66342E+00    0.12995E+03
    0.67683E+00    0.12424E+03
    0.69050E+00    0.11876E+03
    0.70445E+00    0.11351E+03
    0.71868E+00    0.10848E+03
    0.73320E+00    0.10366E+03
    0.74801E+00    0.99051E+02
    0.76312E+00    0.94635E+02
    0.77854E+00    0.90409E+02
    0.79426E+00    0.86365E+02
    0.81031E+00    0.82495E+02
    0.82668E+00    0.78793E+02
    0.84338E+00    0.75251E+02
    0.86041E+00    0.71863E+02
    0.87780E+00    0.68622E+02
    0.89553E+00    0.65522E+02
    0.91362E+00    0.62557E+02
    0.93208E+00    0.59722E+02
    0.95091E+00    0.57010E+02
    0.97011E+00    0.54417E+02
    0.98971E+00    0.51937E+02
    0.10097E+01    0.49567E+02
    0.10301E+01    0.47301E+02
    0.10509E+01    0.45134E+02
    0.10721E+01    0.43064E+02
    0.10938E+01    0.41085E+02
    0.11159E+01    0.39194E+02
    0.11384E+01    0.37388E+02
    0.11614E+01    0.35662E+02
    0.11849E+01    0.34013E+02
    0.12088E+01    0.32437E+02
    0.12333E+01    0.30933E+02
    0.12582E+01    0.29496E+02
    0.12836E+01    0.28124E+02
    0.13095E+01    0.26814E+02
    0.13360E+01    0.25563E+02
    0.13630E+01    0.24369E+02
    0.13905E+01    0.23229E+02
    0.14186E+01    0.22141E+02
    0.14472E+01    0.21103E+02
    0.14765E+01    0.20112E+02
    0.15063E+01    0.19166E+02
    0.15367E+01    0.18264E+02
    0.15678E+01    0.17403E+02
    0.15994E+01    0.16581E+02
    0.16318E+01    0.15798E+02
    0.16647E+01    0.15050E+02
    0.16984E+01    0.14337E+02
    0.17327E+01    0.13657E+02
    0.17677E+01    0.13008E+02
    0.18034E+01    0.12389E+02
    0.18398E+01    0.11799E+02
    0.18770E+01    0.11236E+02
    0.19149E+01    0.10699E+02
    0.19536E+01    0.10187E+02
    0.19930E+01    0.96985E+01
    0.20333E+01    0.92332E+01
    0.20744E+01    0.87898E+01
    0.21163E+01    0.83673E+01
    0.21590E+01    0.79649E+01
    0.22026E+01    0.75815E+01
    0.22471E+01    0.72164E+01
    0.22925E+01    0.68688E+01
    0.23388E+01    0.65378E+01
