    0.10000E-03    0.28942E+03
    0.10202E-03    0.29508E+03
    0.10408E-03    0.30085E+03
    0.10618E-03    0.30673E+03
    0.10833E-03    0.31273E+03
    0.11052E-03    0.31884E+03
    0.11275E-03    0.32507E+03
    0.11503E-03    0.33143E+03
    0.11735E-03    0.33790E+03
    0.11972E-03    0.34451E+03
    0.12214E-03    0.35124E+03
    0.12461E-03    0.35811E+03
    0.12712E-03    0.36511E+03
    0.12969E-03    0.37224E+03
    0.13231E-03    0.37952E+03
    0.13499E-03    0.38694E+03
    0.13771E-03    0.39450E+03
    0.14049E-03    0.40221E+03
    0.14333E-03    0.41007E+03
    0.14623E-03    0.41808E+03
    0.14918E-03    0.42625E+03
    0.15220E-03    0.43458E+03
    0.15527E-03    0.44307E+03
    0.15841E-03    0.45173E+03
    0.16161E-03    0.46056E+03
    0.16487E-03    0.46956E+03
    0.16820E-03    0.47873E+03
    0.17160E-03    0.48809E+03
    0.17507E-03    0.49762E+03
    0.17860E-03    0.50734E+03
    0.18221E-03    0.51726E+03
    0.18589E-03    0.52736E+03
    0.18965E-03    0.53766E+03
    0.19348E-03    0.54816E+03
    0.19739E-03    0.55887E+03
    0.20138E-03    0.56979E+03
    0.20544E-03    0.58092E+03
    0.20959E-03    0.59226E+03
    0.21383E-03    0.60383E+03
    0.21815E-03    0.61562E+03
    0.22255E-03    0.62764E+03
    0.22705E-03    0.63990E+03
    0.23164E-03    0.65239E+03
    0.23632E-03    0.66513E+03
    0.24109E-03    0.67811E+03
    0.24596E-03    0.69135E+03
    0.25093E-03    0.70484E+03
    0.25600E-03    0.71860E+03
    0.26117E-03    0.73263E+03
    0.26645E-03    0.74692E+03
    0.27183E-03    0.76150E+03
    0.27732E-03    0.77636E+03
    0.28292E-03    0.79151E+03
    0.28864E-03    0.80695E+03
    0.29447E-03    0.82269E+03
    0.30042E-03    0.83874E+03
    0.30649E-03    0.85509E+03
    0.31268E-03    0.87177E+03
    0.31899E-03    0.88877E+03
    0.32544E-03    0.90610E+03
    0.33201E-03    0.92376E+03
    0.33872E-03    0.94177E+03
    0.34556E-03    0.96012E+03
    0.35254E-03    0.97883E+03
    0.35966E-03    0.99791E+03
    0.36693E-03    0.10173E+04
    0.37434E-03    0.10372E+04
    0.38190E-03    0.10574E+04
    0.38962E-03    0.10780E+04
    0.39749E-03    0.10989E+04
    0.40552E-03    0.11203E+04
    0.41371E-03    0.11421E+04
    0.42207E-03    0.11644E+04
    0.43060E-03    0.11870E+04
    0.43929E-03    0.12101E+04
    0.44817E-03    0.12337E+04
    0.45722E-03    0.12576E+04
    0.46646E-03    0.12821E+04
    0.47588E-03    0.13070E+04
    0.48550E-03    0.13324E+04
    0.49530E-03    0.13583E+04
    0.50531E-03    0.13847E+04
    0.51552E-03    0.14116E+04
    0.52593E-03    0.14390E+04
    0.53656E-03    0.14669E+04
    0.54739E-03    0.14954E+04
    0.55845E-03    0.15244E+04
    0.56973E-03    0.15539E+04
    0.58124E-03    0.15840E+04
    0.59299E-03    0.16147E+04
    0.60496E-03    0.16460E+04
    0.61719E-03    0.16779E+04
    0.62965E-03    0.17104E+04
    0.64237E-03    0.17435E+04
    0.65535E-03    0.17772E+04
    0.66859E-03    0.18116E+04
    0.68210E-03    0.18466E+04
    0.69588E-03    0.18823E+04
    0.70993E-03    0.19186E+04
    0.72427E-03    0.19557E+04
    0.73891E-03    0.19934E+04
    0.75383E-03    0.20319E+04
    0.76906E-03    0.20710E+04
    0.78460E-03    0.21110E+04
    0.80045E-03    0.21516E+04
    0.81662E-03    0.21930E+04
    0.83311E-03    0.22352E+04
    0.84994E-03    0.22782E+04
    0.86711E-03    0.23220E+04
    0.88463E-03    0.23666E+04
    0.90250E-03    0.24120E+04
    0.92073E-03    0.24583E+04
    0.93933E-03    0.25054E+04
    0.95831E-03    0.25534E+04
    0.97767E-03    0.26023E+04
    0.99742E-03    0.26521E+04
    0.10176E-02    0.27028E+04
    0.10381E-02    0.27544E+04
    0.10591E-02    0.28070E+04
    0.10805E-02    0.28606E+04
    0.11023E-02    0.29151E+04
    0.11246E-02    0.29706E+04
    0.11473E-02    0.30271E+04
    0.11705E-02    0.30847E+04
    0.11941E-02    0.31433E+04
    0.12182E-02    0.32029E+04
    0.12429E-02    0.32636E+04
    0.12680E-02    0.33254E+04
    0.12936E-02    0.33884E+04
    0.13197E-02    0.34524E+04
    0.13464E-02    0.35176E+04
    0.13736E-02    0.35839E+04
    0.14013E-02    0.36514E+04
    0.14296E-02    0.37202E+04
    0.14585E-02    0.37901E+04
    0.14880E-02    0.38612E+04
    0.15180E-02    0.39336E+04
    0.15487E-02    0.40073E+04
    0.15800E-02    0.40822E+04
    0.16119E-02    0.41584E+04
    0.16445E-02    0.42360E+04
    0.16777E-02    0.43148E+04
    0.17116E-02    0.43950E+04
    0.17462E-02    0.44766E+04
    0.17814E-02    0.45596E+04
    0.18174E-02    0.46440E+04
    0.18541E-02    0.47298E+04
    0.18916E-02    0.48170E+04
    0.19298E-02    0.49057E+04
    0.19688E-02    0.49958E+04
    0.20086E-02    0.50874E+04
    0.20491E-02    0.51806E+04
    0.20905E-02    0.52752E+04
    0.21328E-02    0.53714E+04
    0.21758E-02    0.54692E+04
    0.22198E-02    0.55685E+04
    0.22646E-02    0.56694E+04
    0.23104E-02    0.57719E+04
    0.23571E-02    0.58760E+04
    0.24047E-02    0.59817E+04
    0.24533E-02    0.60891E+04
    0.25028E-02    0.61981E+04
    0.25534E-02    0.63089E+04
    0.26050E-02    0.64212E+04
    0.26576E-02    0.65353E+04
    0.27113E-02    0.66511E+04
    0.27660E-02    0.67687E+04
    0.28219E-02    0.68879E+04
    0.28789E-02    0.70089E+04
    0.29371E-02    0.71316E+04
    0.29964E-02    0.72561E+04
    0.30569E-02    0.73824E+04
    0.31187E-02    0.75105E+04
    0.31817E-02    0.76403E+04
    0.32460E-02    0.77719E+04
    0.33115E-02    0.79054E+04
    0.33784E-02    0.80406E+04
    0.34467E-02    0.81776E+04
    0.35163E-02    0.83165E+04
    0.35874E-02    0.84571E+04
    0.36598E-02    0.85996E+04
    0.37338E-02    0.87438E+04
    0.38092E-02    0.88899E+04
    0.38861E-02    0.90378E+04
    0.39646E-02    0.91874E+04
    0.40447E-02    0.93389E+04
    0.41264E-02    0.94922E+04
    0.42098E-02    0.96472E+04
    0.42948E-02    0.98040E+04
    0.43816E-02    0.99626E+04
    0.44701E-02    0.10123E+05
    0.45604E-02    0.10285E+05
    0.46525E-02    0.10449E+05
    0.47465E-02    0.10614E+05
    0.48424E-02    0.10781E+05
    0.49402E-02    0.10950E+05
    0.50400E-02    0.11121E+05
    0.51419E-02    0.11293E+05
    0.52457E-02    0.11466E+05
    0.53517E-02    0.11641E+05
    0.54598E-02    0.11818E+05
    0.55701E-02    0.11996E+05
    0.56826E-02    0.12176E+05
    0.57974E-02    0.12357E+05
    0.59145E-02    0.12539E+05
    0.60340E-02    0.12723E+05
    0.61559E-02    0.12908E+05
    0.62803E-02    0.13094E+05
    0.64072E-02    0.13281E+05
    0.65366E-02    0.13470E+05
    0.66686E-02    0.13659E+05
    0.68033E-02    0.13850E+05
    0.69408E-02    0.14041E+05
    0.70810E-02    0.14233E+05
    0.72240E-02    0.14426E+05
    0.73700E-02    0.14620E+05
    0.75189E-02    0.14814E+05
    0.76708E-02    0.15009E+05
    0.78257E-02    0.15204E+05
    0.79838E-02    0.15399E+05
    0.81451E-02    0.15595E+05
    0.83096E-02    0.15791E+05
    0.84775E-02    0.15987E+05
    0.86488E-02    0.16182E+05
    0.88235E-02    0.16378E+05
    0.90017E-02    0.16573E+05
    0.91836E-02    0.16768E+05
    0.93691E-02    0.16962E+05
    0.95583E-02    0.17156E+05
    0.97514E-02    0.17348E+05
    0.99484E-02    0.17540E+05
    0.10149E-01    0.17731E+05
    0.10354E-01    0.17920E+05
    0.10564E-01    0.18108E+05
    0.10777E-01    0.18295E+05
    0.10995E-01    0.18479E+05
    0.11217E-01    0.18662E+05
    0.11443E-01    0.18843E+05
    0.11675E-01    0.19021E+05
    0.11910E-01    0.19197E+05
    0.12151E-01    0.19370E+05
    0.12397E-01    0.19541E+05
    0.12647E-01    0.19708E+05
    0.12902E-01    0.19872E+05
    0.13163E-01    0.20033E+05
    0.13429E-01    0.20190E+05
    0.13700E-01    0.20343E+05
    0.13977E-01    0.20492E+05
    0.14259E-01    0.20636E+05
    0.14547E-01    0.20776E+05
    0.14841E-01    0.20912E+05
    0.15141E-01    0.21042E+05
    0.15447E-01    0.21167E+05
    0.15759E-01    0.21286E+05
    0.16077E-01    0.21400E+05
    0.16402E-01    0.21508E+05
    0.16734E-01    0.21609E+05
    0.17072E-01    0.21704E+05
    0.17416E-01    0.21792E+05
    0.17768E-01    0.21874E+05
    0.18127E-01    0.21948E+05
    0.18493E-01    0.22015E+05
    0.18867E-01    0.22074E+05
    0.19248E-01    0.22125E+05
    0.19637E-01    0.22168E+05
    0.20034E-01    0.22203E+05
    0.20438E-01    0.22229E+05
    0.20851E-01    0.22246E+05
    0.21272E-01    0.22255E+05
    0.21702E-01    0.22255E+05
    0.22141E-01    0.22245E+05
    0.22588E-01    0.22226E+05
    0.23044E-01    0.22198E+05
    0.23510E-01    0.22160E+05
    0.23985E-01    0.22112E+05
    0.24469E-01    0.22055E+05
    0.24964E-01    0.21988E+05
    0.25468E-01    0.21911E+05
    0.25982E-01    0.21825E+05
    0.26507E-01    0.21728E+05
    0.27043E-01    0.21622E+05
    0.27589E-01    0.21507E+05
    0.28146E-01    0.21382E+05
    0.28715E-01    0.21248E+05
    0.29295E-01    0.21105E+05
    0.29887E-01    0.20953E+05
    0.30490E-01    0.20792E+05
    0.31106E-01    0.20623E+05
    0.31735E-01    0.20447E+05
    0.32376E-01    0.20263E+05
    0.33030E-01    0.20071E+05
    0.33697E-01    0.19873E+05
    0.34378E-01    0.19669E+05
    0.35072E-01    0.19460E+05
    0.35781E-01    0.19245E+05
    0.36504E-01    0.19025E+05
    0.37241E-01    0.18802E+05
    0.37993E-01    0.18575E+05
    0.38761E-01    0.18346E+05
    0.39544E-01    0.18115E+05
    0.40343E-01    0.17883E+05
    0.41158E-01    0.17649E+05
    0.41989E-01    0.17415E+05
    0.42838E-01    0.17182E+05
    0.43703E-01    0.16949E+05
    0.44586E-01    0.16718E+05
    0.45486E-01    0.16489E+05
    0.46405E-01    0.16263E+05
    0.47343E-01    0.16041E+05
    0.48299E-01    0.15823E+05
    0.49275E-01    0.15609E+05
    0.50270E-01    0.15400E+05
    0.51286E-01    0.15197E+05
    0.52322E-01    0.15000E+05
    0.53379E-01    0.14808E+05
    0.54457E-01    0.14621E+05
    0.55557E-01    0.14440E+05
    0.56680E-01    0.14262E+05
    0.57825E-01    0.14089E+05
    0.58993E-01    0.13919E+05
    0.60184E-01    0.13752E+05
    0.61400E-01    0.13587E+05
    0.62641E-01    0.13423E+05
    0.63906E-01    0.13260E+05
    0.65197E-01    0.13096E+05
    0.66514E-01    0.12932E+05
    0.67858E-01    0.12765E+05
    0.69229E-01    0.12595E+05
    0.70627E-01    0.12422E+05
    0.72054E-01    0.12244E+05
    0.73510E-01    0.12060E+05
    0.74994E-01    0.11869E+05
    0.76509E-01    0.11671E+05
    0.78055E-01    0.11464E+05
    0.79632E-01    0.11248E+05
    0.81241E-01    0.11024E+05
    0.82882E-01    0.10791E+05
    0.84556E-01    0.10550E+05
    0.86264E-01    0.10303E+05
    0.88007E-01    0.10049E+05
    0.89785E-01    0.97910E+04
    0.91598E-01    0.95293E+04
    0.93449E-01    0.92662E+04
    0.95337E-01    0.90038E+04
    0.97263E-01    0.87442E+04
    0.99227E-01    0.84893E+04
    0.10123E+00    0.82411E+04
    0.10328E+00    0.80015E+04
    0.10536E+00    0.77722E+04
    0.10749E+00    0.75547E+04
    0.10966E+00    0.73501E+04
    0.11188E+00    0.71594E+04
    0.11414E+00    0.69827E+04
    0.11644E+00    0.68201E+04
    0.11880E+00    0.66705E+04
    0.12120E+00    0.65324E+04
    0.12365E+00    0.64038E+04
    0.12614E+00    0.62820E+04
    0.12869E+00    0.61640E+04
    0.13129E+00    0.60469E+04
    0.13394E+00    0.59279E+04
    0.13665E+00    0.58046E+04
    0.13941E+00    0.56751E+04
    0.14223E+00    0.55381E+04
    0.14510E+00    0.53929E+04
    0.14803E+00    0.52398E+04
    0.15102E+00    0.50797E+04
    0.15407E+00    0.49143E+04
    0.15718E+00    0.47458E+04
    0.16036E+00    0.45769E+04
    0.16360E+00    0.44104E+04
    0.16690E+00    0.42491E+04
    0.17028E+00    0.40958E+04
    0.17371E+00    0.39528E+04
    0.17722E+00    0.38219E+04
    0.18080E+00    0.37040E+04
    0.18446E+00    0.35988E+04
    0.18818E+00    0.35044E+04
    0.19198E+00    0.34182E+04
    0.19586E+00    0.33366E+04
    0.19982E+00    0.32565E+04
    0.20386E+00    0.31748E+04
    0.20797E+00    0.30893E+04
    0.21218E+00    0.29987E+04
    0.21646E+00    0.29024E+04
    0.22083E+00    0.28012E+04
    0.22530E+00    0.26969E+04
    0.22985E+00    0.25924E+04
    0.23449E+00    0.24908E+04
    0.23923E+00    0.23949E+04
    0.24406E+00    0.23064E+04
    0.24899E+00    0.22262E+04
    0.25402E+00    0.21542E+04
    0.25915E+00    0.20891E+04
    0.26439E+00    0.20287E+04
    0.26973E+00    0.19702E+04
    0.27518E+00    0.19112E+04
    0.28074E+00    0.18499E+04
    0.28641E+00    0.17858E+04
    0.29219E+00    0.17195E+04
    0.29810E+00    0.16525E+04
    0.30412E+00    0.15872E+04
    0.31026E+00    0.15253E+04
    0.31653E+00    0.14681E+04
    0.32292E+00    0.14158E+04
    0.32945E+00    0.13678E+04
    0.33610E+00    0.13228E+04
    0.34289E+00    0.12789E+04
    0.34982E+00    0.12347E+04
    0.35689E+00    0.11897E+04
    0.36409E+00    0.11443E+04
    0.37145E+00    0.10993E+04
    0.37895E+00    0.10559E+04
    0.38661E+00    0.10151E+04
    0.39442E+00    0.97727E+03
    0.40239E+00    0.94183E+03
    0.41052E+00    0.90793E+03
    0.41881E+00    0.87469E+03
    0.42727E+00    0.84166E+03
    0.43590E+00    0.80890E+03
    0.44471E+00    0.77687E+03
    0.45369E+00    0.74614E+03
    0.46286E+00    0.71708E+03
    0.47221E+00    0.68963E+03
    0.48174E+00    0.66337E+03
    0.49148E+00    0.63784E+03
    0.50141E+00    0.61285E+03
    0.51153E+00    0.58846E+03
    0.52187E+00    0.56489E+03
    0.53241E+00    0.54234E+03
    0.54317E+00    0.52088E+03
    0.55414E+00    0.50029E+03
    0.56533E+00    0.48038E+03
    0.57675E+00    0.46107E+03
    0.58840E+00    0.44239E+03
    0.60029E+00    0.42441E+03
    0.61242E+00    0.40721E+03
    0.62479E+00    0.39071E+03
    0.63741E+00    0.37481E+03
    0.65029E+00    0.35947E+03
    0.66342E+00    0.34468E+03
    0.67683E+00    0.33046E+03
    0.69050E+00    0.31683E+03
    0.70445E+00    0.30374E+03
    0.71868E+00    0.29114E+03
    0.73320E+00    0.27903E+03
    0.74801E+00    0.26739E+03
    0.76312E+00    0.25620E+03
    0.77854E+00    0.24544E+03
    0.79426E+00    0.23511E+03
    0.81031E+00    0.22518E+03
    0.82668E+00    0.21565E+03
    0.84338E+00    0.20650E+03
    0.86041E+00    0.19771E+03
    0.87780E+00    0.18928E+03
    0.89553E+00    0.18119E+03
    0.91362E+00    0.17343E+03
    0.93208E+00    0.16598E+03
    0.95091E+00    0.15884E+03
    0.97011E+00    0.15198E+03
    0.98971E+00    0.14541E+03
    0.10097E+01    0.13911E+03
    0.10301E+01    0.13307E+03
    0.10509E+01    0.12728E+03
    0.10721E+01    0.12173E+03
    0.10938E+01    0.11640E+03
    0.11159E+01    0.11130E+03
    0.11384E+01    0.10642E+03
    0.11614E+01    0.10173E+03
    0.11849E+01    0.97246E+02
    0.12088E+01    0.92949E+02
    0.12333E+01    0.88833E+02
    0.12582E+01    0.84892E+02
    0.12836E+01    0.81119E+02
    0.13095E+01    0.77506E+02
    0.13360E+01    0.74048E+02
    0.13630E+01    0.70738E+02
    0.13905E+01    0.67571E+02
    0.14186E+01    0.64539E+02
    0.14472E+01    0.61639E+02
    0.14765E+01    0.58864E+02
    0.15063E+01    0.56209E+02
    0.15367E+01    0.53668E+02
    0.15678E+01    0.51238E+02
    0.15994E+01    0.48913E+02
    0.16318E+01    0.46690E+02
    0.16647E+01    0.44563E+02
    0.16984E+01    0.42529E+02
    0.17327E+01    0.40583E+02
    0.17677E+01    0.38724E+02
    0.18034E+01    0.36946E+02
    0.18398E+01    0.35248E+02
    0.18770E+01    0.33625E+02
    0.19149E+01    0.32075E+02
    0.19536E+01    0.30596E+02
    0.19930E+01    0.29183E+02
    0.20333E+01    0.27835E+02
    0.20744E+01    0.26549E+02
    0.21163E+01    0.25322E+02
