    0.10000E-03    0.91474E+03
    0.10202E-03    0.93261E+03
    0.10408E-03    0.95082E+03
    0.10618E-03    0.96939E+03
    0.10833E-03    0.98832E+03
    0.11052E-03    0.10076E+04
    0.11275E-03    0.10273E+04
    0.11503E-03    0.10473E+04
    0.11735E-03    0.10678E+04
    0.11972E-03    0.10886E+04
    0.12214E-03    0.11099E+04
    0.12461E-03    0.11316E+04
    0.12712E-03    0.11536E+04
    0.12969E-03    0.11762E+04
    0.13231E-03    0.11991E+04
    0.13499E-03    0.12225E+04
    0.13771E-03    0.12464E+04
    0.14049E-03    0.12707E+04
    0.14333E-03    0.12955E+04
    0.14623E-03    0.13207E+04
    0.14918E-03    0.13465E+04
    0.15220E-03    0.13727E+04
    0.15527E-03    0.13995E+04
    0.15841E-03    0.14268E+04
    0.16161E-03    0.14546E+04
    0.16487E-03    0.14830E+04
    0.16820E-03    0.15119E+04
    0.17160E-03    0.15413E+04
    0.17507E-03    0.15714E+04
    0.17860E-03    0.16020E+04
    0.18221E-03    0.16332E+04
    0.18589E-03    0.16650E+04
    0.18965E-03    0.16974E+04
    0.19348E-03    0.17305E+04
    0.19739E-03    0.17642E+04
    0.20138E-03    0.17985E+04
    0.20544E-03    0.18335E+04
    0.20959E-03    0.18692E+04
    0.21383E-03    0.19055E+04
    0.21815E-03    0.19426E+04
    0.22255E-03    0.19804E+04
    0.22705E-03    0.20189E+04
    0.23164E-03    0.20581E+04
    0.23632E-03    0.20981E+04
    0.24109E-03    0.21388E+04
    0.24596E-03    0.21804E+04
    0.25093E-03    0.22227E+04
    0.25600E-03    0.22659E+04
    0.26117E-03    0.23098E+04
    0.26645E-03    0.23546E+04
    0.27183E-03    0.24003E+04
    0.27732E-03    0.24468E+04
    0.28292E-03    0.24942E+04
    0.28864E-03    0.25426E+04
    0.29447E-03    0.25918E+04
    0.30042E-03    0.26420E+04
    0.30649E-03    0.26931E+04
    0.31268E-03    0.27452E+04
    0.31899E-03    0.27983E+04
    0.32544E-03    0.28524E+04
    0.33201E-03    0.29075E+04
    0.33872E-03    0.29636E+04
    0.34556E-03    0.30208E+04
    0.35254E-03    0.30791E+04
    0.35966E-03    0.31385E+04
    0.36693E-03    0.31990E+04
    0.37434E-03    0.32606E+04
    0.38190E-03    0.33234E+04
    0.38962E-03    0.33873E+04
    0.39749E-03    0.34524E+04
    0.40552E-03    0.35188E+04
    0.41371E-03    0.35864E+04
    0.42207E-03    0.36552E+04
    0.43060E-03    0.37253E+04
    0.43929E-03    0.37967E+04
    0.44817E-03    0.38694E+04
    0.45722E-03    0.39435E+04
    0.46646E-03    0.40189E+04
    0.47588E-03    0.40957E+04
    0.48550E-03    0.41739E+04
    0.49530E-03    0.42535E+04
    0.50531E-03    0.43346E+04
    0.51552E-03    0.44171E+04
    0.52593E-03    0.45012E+04
    0.53656E-03    0.45867E+04
    0.54739E-03    0.46738E+04
    0.55845E-03    0.47625E+04
    0.56973E-03    0.48528E+04
    0.58124E-03    0.49446E+04
    0.59299E-03    0.50381E+04
    0.60496E-03    0.51333E+04
    0.61719E-03    0.52302E+04
    0.62965E-03    0.53287E+04
    0.64237E-03    0.54290E+04
    0.65535E-03    0.55311E+04
    0.66859E-03    0.56349E+04
    0.68210E-03    0.57406E+04
    0.69588E-03    0.58481E+04
    0.70993E-03    0.59574E+04
    0.72427E-03    0.60687E+04
    0.73891E-03    0.61818E+04
    0.75383E-03    0.62969E+04
    0.76906E-03    0.64139E+04
    0.78460E-03    0.65330E+04
    0.80045E-03    0.66540E+04
    0.81662E-03    0.67771E+04
    0.83311E-03    0.69022E+04
    0.84994E-03    0.70294E+04
    0.86711E-03    0.71587E+04
    0.88463E-03    0.72902E+04
    0.90250E-03    0.74238E+04
    0.92073E-03    0.75596E+04
    0.93933E-03    0.76976E+04
    0.95831E-03    0.78378E+04
    0.97767E-03    0.79803E+04
    0.99742E-03    0.81250E+04
    0.10176E-02    0.82720E+04
    0.10381E-02    0.84213E+04
    0.10591E-02    0.85730E+04
    0.10805E-02    0.87270E+04
    0.11023E-02    0.88834E+04
    0.11246E-02    0.90422E+04
    0.11473E-02    0.92034E+04
    0.11705E-02    0.93670E+04
    0.11941E-02    0.95330E+04
    0.12182E-02    0.97015E+04
    0.12429E-02    0.98725E+04
    0.12680E-02    0.10046E+05
    0.12936E-02    0.10222E+05
    0.13197E-02    0.10400E+05
    0.13464E-02    0.10581E+05
    0.13736E-02    0.10765E+05
    0.14013E-02    0.10951E+05
    0.14296E-02    0.11139E+05
    0.14585E-02    0.11331E+05
    0.14880E-02    0.11524E+05
    0.15180E-02    0.11721E+05
    0.15487E-02    0.11919E+05
    0.15800E-02    0.12121E+05
    0.16119E-02    0.12325E+05
    0.16445E-02    0.12531E+05
    0.16777E-02    0.12740E+05
    0.17116E-02    0.12952E+05
    0.17462E-02    0.13166E+05
    0.17814E-02    0.13382E+05
    0.18174E-02    0.13601E+05
    0.18541E-02    0.13823E+05
    0.18916E-02    0.14047E+05
    0.19298E-02    0.14273E+05
    0.19688E-02    0.14502E+05
    0.20086E-02    0.14734E+05
    0.20491E-02    0.14967E+05
    0.20905E-02    0.15203E+05
    0.21328E-02    0.15442E+05
    0.21758E-02    0.15682E+05
    0.22198E-02    0.15925E+05
    0.22646E-02    0.16170E+05
    0.23104E-02    0.16418E+05
    0.23571E-02    0.16667E+05
    0.24047E-02    0.16918E+05
    0.24533E-02    0.17172E+05
    0.25028E-02    0.17427E+05
    0.25534E-02    0.17685E+05
    0.26050E-02    0.17944E+05
    0.26576E-02    0.18205E+05
    0.27113E-02    0.18468E+05
    0.27660E-02    0.18732E+05
    0.28219E-02    0.18998E+05
    0.28789E-02    0.19266E+05
    0.29371E-02    0.19535E+05
    0.29964E-02    0.19805E+05
    0.30569E-02    0.20077E+05
    0.31187E-02    0.20350E+05
    0.31817E-02    0.20624E+05
    0.32460E-02    0.20898E+05
    0.33115E-02    0.21174E+05
    0.33784E-02    0.21451E+05
    0.34467E-02    0.21728E+05
    0.35163E-02    0.22006E+05
    0.35874E-02    0.22284E+05
    0.36598E-02    0.22562E+05
    0.37338E-02    0.22841E+05
    0.38092E-02    0.23120E+05
    0.38861E-02    0.23398E+05
    0.39646E-02    0.23677E+05
    0.40447E-02    0.23955E+05
    0.41264E-02    0.24233E+05
    0.42098E-02    0.24509E+05
    0.42948E-02    0.24786E+05
    0.43816E-02    0.25061E+05
    0.44701E-02    0.25335E+05
    0.45604E-02    0.25607E+05
    0.46525E-02    0.25879E+05
    0.47465E-02    0.26148E+05
    0.48424E-02    0.26416E+05
    0.49402E-02    0.26683E+05
    0.50400E-02    0.26946E+05
    0.51419E-02    0.27208E+05
    0.52457E-02    0.27466E+05
    0.53517E-02    0.27721E+05
    0.54598E-02    0.27974E+05
    0.55701E-02    0.28222E+05
    0.56826E-02    0.28468E+05
    0.57974E-02    0.28709E+05
    0.59145E-02    0.28946E+05
    0.60340E-02    0.29179E+05
    0.61559E-02    0.29407E+05
    0.62803E-02    0.29631E+05
    0.64072E-02    0.29850E+05
    0.65366E-02    0.30064E+05
    0.66686E-02    0.30272E+05
    0.68033E-02    0.30474E+05
    0.69408E-02    0.30671E+05
    0.70810E-02    0.30861E+05
    0.72240E-02    0.31044E+05
    0.73700E-02    0.31221E+05
    0.75189E-02    0.31391E+05
    0.76708E-02    0.31553E+05
    0.78257E-02    0.31707E+05
    0.79838E-02    0.31853E+05
    0.81451E-02    0.31991E+05
    0.83096E-02    0.32120E+05
    0.84775E-02    0.32241E+05
    0.86488E-02    0.32352E+05
    0.88235E-02    0.32453E+05
    0.90017E-02    0.32545E+05
    0.91836E-02    0.32626E+05
    0.93691E-02    0.32697E+05
    0.95583E-02    0.32757E+05
    0.97514E-02    0.32805E+05
    0.99484E-02    0.32843E+05
    0.10149E-01    0.32868E+05
    0.10354E-01    0.32882E+05
    0.10564E-01    0.32883E+05
    0.10777E-01    0.32871E+05
    0.10995E-01    0.32847E+05
    0.11217E-01    0.32809E+05
    0.11443E-01    0.32757E+05
    0.11675E-01    0.32692E+05
    0.11910E-01    0.32612E+05
    0.12151E-01    0.32518E+05
    0.12397E-01    0.32409E+05
    0.12647E-01    0.32285E+05
    0.12902E-01    0.32146E+05
    0.13163E-01    0.31992E+05
    0.13429E-01    0.31822E+05
    0.13700E-01    0.31637E+05
    0.13977E-01    0.31435E+05
    0.14259E-01    0.31218E+05
    0.14547E-01    0.30984E+05
    0.14841E-01    0.30734E+05
    0.15141E-01    0.30468E+05
    0.15447E-01    0.30185E+05
    0.15759E-01    0.29886E+05
    0.16077E-01    0.29571E+05
    0.16402E-01    0.29240E+05
    0.16734E-01    0.28893E+05
    0.17072E-01    0.28530E+05
    0.17416E-01    0.28152E+05
    0.17768E-01    0.27758E+05
    0.18127E-01    0.27349E+05
    0.18493E-01    0.26926E+05
    0.18867E-01    0.26488E+05
    0.19248E-01    0.26037E+05
    0.19637E-01    0.25573E+05
    0.20034E-01    0.25096E+05
    0.20438E-01    0.24607E+05
    0.20851E-01    0.24108E+05
    0.21272E-01    0.23598E+05
    0.21702E-01    0.23078E+05
    0.22141E-01    0.22551E+05
    0.22588E-01    0.22015E+05
    0.23044E-01    0.21474E+05
    0.23510E-01    0.20927E+05
    0.23985E-01    0.20375E+05
    0.24469E-01    0.19821E+05
    0.24964E-01    0.19266E+05
    0.25468E-01    0.18709E+05
    0.25982E-01    0.18154E+05
    0.26507E-01    0.17601E+05
    0.27043E-01    0.17051E+05
    0.27589E-01    0.16506E+05
    0.28146E-01    0.15968E+05
    0.28715E-01    0.15438E+05
    0.29295E-01    0.14916E+05
    0.29887E-01    0.14405E+05
    0.30490E-01    0.13905E+05
    0.31106E-01    0.13418E+05
    0.31735E-01    0.12945E+05
    0.32376E-01    0.12487E+05
    0.33030E-01    0.12046E+05
    0.33697E-01    0.11621E+05
    0.34378E-01    0.11215E+05
    0.35072E-01    0.10827E+05
    0.35781E-01    0.10459E+05
    0.36504E-01    0.10111E+05
    0.37241E-01    0.97825E+04
    0.37993E-01    0.94752E+04
    0.38761E-01    0.91887E+04
    0.39544E-01    0.89231E+04
    0.40343E-01    0.86783E+04
    0.41158E-01    0.84541E+04
    0.41989E-01    0.82504E+04
    0.42838E-01    0.80669E+04
    0.43703E-01    0.79020E+04
    0.44586E-01    0.77540E+04
    0.45486E-01    0.76214E+04
    0.46405E-01    0.75028E+04
    0.47343E-01    0.73970E+04
    0.48299E-01    0.73031E+04
    0.49275E-01    0.72201E+04
    0.50270E-01    0.71471E+04
    0.51286E-01    0.70823E+04
    0.52322E-01    0.70233E+04
    0.53379E-01    0.69678E+04
    0.54457E-01    0.69134E+04
    0.55557E-01    0.68570E+04
    0.56680E-01    0.67956E+04
    0.57825E-01    0.67260E+04
    0.58993E-01    0.66455E+04
    0.60184E-01    0.65515E+04
    0.61400E-01    0.64418E+04
    0.62641E-01    0.63148E+04
    0.63906E-01    0.61698E+04
    0.65197E-01    0.60066E+04
    0.66514E-01    0.58256E+04
    0.67858E-01    0.56280E+04
    0.69229E-01    0.54154E+04
    0.70627E-01    0.51898E+04
    0.72054E-01    0.49537E+04
    0.73510E-01    0.47097E+04
    0.74994E-01    0.44610E+04
    0.76509E-01    0.42112E+04
    0.78055E-01    0.39638E+04
    0.79632E-01    0.37233E+04
    0.81241E-01    0.34936E+04
    0.82882E-01    0.32784E+04
    0.84556E-01    0.30811E+04
    0.86264E-01    0.29041E+04
    0.88007E-01    0.27488E+04
    0.89785E-01    0.26161E+04
    0.91598E-01    0.25063E+04
    0.93449E-01    0.24182E+04
    0.95337E-01    0.23507E+04
    0.97263E-01    0.23020E+04
    0.99227E-01    0.22692E+04
    0.10123E+00    0.22495E+04
    0.10328E+00    0.22391E+04
    0.10536E+00    0.22339E+04
    0.10749E+00    0.22296E+04
    0.10966E+00    0.22217E+04
    0.11188E+00    0.22064E+04
    0.11414E+00    0.21801E+04
    0.11644E+00    0.21398E+04
    0.11880E+00    0.20836E+04
    0.12120E+00    0.20108E+04
    0.12365E+00    0.19222E+04
    0.12614E+00    0.18202E+04
    0.12869E+00    0.17091E+04
    0.13129E+00    0.15942E+04
    0.13394E+00    0.14812E+04
    0.13665E+00    0.13753E+04
    0.13941E+00    0.12805E+04
    0.14223E+00    0.11994E+04
    0.14510E+00    0.11332E+04
    0.14803E+00    0.10826E+04
    0.15102E+00    0.10468E+04
    0.15407E+00    0.10243E+04
    0.15718E+00    0.10121E+04
    0.16036E+00    0.10062E+04
    0.16360E+00    0.10017E+04
    0.16690E+00    0.99406E+03
    0.17028E+00    0.97964E+03
    0.17371E+00    0.95608E+03
    0.17722E+00    0.92237E+03
    0.18080E+00    0.87907E+03
    0.18446E+00    0.82847E+03
    0.18818E+00    0.77437E+03
    0.19198E+00    0.72118E+03
    0.19586E+00    0.67269E+03
    0.19982E+00    0.63166E+03
    0.20386E+00    0.59968E+03
    0.20797E+00    0.57692E+03
    0.21218E+00    0.56183E+03
    0.21646E+00    0.55155E+03
    0.22083E+00    0.54290E+03
    0.22530E+00    0.53297E+03
    0.22985E+00    0.51935E+03
    0.23449E+00    0.50057E+03
    0.23923E+00    0.47684E+03
    0.24406E+00    0.45001E+03
    0.24899E+00    0.42271E+03
    0.25402E+00    0.39749E+03
    0.25915E+00    0.37617E+03
    0.26439E+00    0.35947E+03
    0.26973E+00    0.34701E+03
    0.27518E+00    0.33730E+03
    0.28074E+00    0.32828E+03
    0.28641E+00    0.31823E+03
    0.29219E+00    0.30621E+03
    0.29810E+00    0.29214E+03
    0.30412E+00    0.27694E+03
    0.31026E+00    0.26204E+03
    0.31653E+00    0.24871E+03
    0.32292E+00    0.23758E+03
    0.32945E+00    0.22841E+03
    0.33610E+00    0.22041E+03
    0.34289E+00    0.21259E+03
    0.34982E+00    0.20420E+03
    0.35689E+00    0.19506E+03
    0.36409E+00    0.18562E+03
    0.37145E+00    0.17653E+03
    0.37895E+00    0.16832E+03
    0.38661E+00    0.16115E+03
    0.39442E+00    0.15468E+03
    0.40239E+00    0.14849E+03
    0.41052E+00    0.14219E+03
    0.41881E+00    0.13576E+03
    0.42727E+00    0.12941E+03
    0.43590E+00    0.12344E+03
    0.44471E+00    0.11797E+03
    0.45369E+00    0.11293E+03
    0.46286E+00    0.10810E+03
    0.47221E+00    0.10333E+03
    0.48174E+00    0.98631E+02
    0.49148E+00    0.94125E+02
    0.50141E+00    0.89892E+02
    0.51153E+00    0.85899E+02
    0.52187E+00    0.82095E+02
    0.53241E+00    0.78423E+02
    0.54317E+00    0.74859E+02
    0.55414E+00    0.71449E+02
    0.56533E+00    0.68219E+02
    0.57675E+00    0.65143E+02
    0.58840E+00    0.62198E+02
    0.60029E+00    0.59377E+02
    0.61242E+00    0.56677E+02
    0.62479E+00    0.54093E+02
    0.63741E+00    0.51621E+02
    0.65029E+00    0.49257E+02
    0.66342E+00    0.46996E+02
    0.67683E+00    0.44835E+02
    0.69050E+00    0.42770E+02
    0.70445E+00    0.40797E+02
    0.71868E+00    0.38912E+02
    0.73320E+00    0.37113E+02
    0.74801E+00    0.35395E+02
    0.76312E+00    0.33754E+02
    0.77854E+00    0.32188E+02
    0.79426E+00    0.30692E+02
    0.81031E+00    0.29264E+02
    0.82668E+00    0.27901E+02
    0.84338E+00    0.26599E+02
    0.86041E+00    0.25357E+02
    0.87780E+00    0.24171E+02
    0.89553E+00    0.23038E+02
    0.91362E+00    0.21958E+02
    0.93208E+00    0.20926E+02
    0.95091E+00    0.19941E+02
    0.97011E+00    0.19002E+02
    0.98971E+00    0.18106E+02
    0.10097E+01    0.17250E+02
    0.10301E+01    0.16434E+02
    0.10509E+01    0.15656E+02
    0.10721E+01    0.14914E+02
    0.10938E+01    0.14205E+02
    0.11159E+01    0.13530E+02
    0.11384E+01    0.12886E+02
    0.11614E+01    0.12272E+02
    0.11849E+01    0.11687E+02
    0.12088E+01    0.11128E+02
    0.12333E+01    0.10596E+02
    0.12582E+01    0.10089E+02
    0.12836E+01    0.96055E+01
    0.13095E+01    0.91447E+01
    0.13360E+01    0.87055E+01
    0.13630E+01    0.82869E+01
    0.13905E+01    0.78880E+01
    0.14186E+01    0.75080E+01
    0.14472E+01    0.71459E+01
    0.14765E+01    0.68008E+01
    0.15063E+01    0.64721E+01
    0.15367E+01    0.61589E+01
    0.15678E+01    0.58606E+01
    0.15994E+01    0.55764E+01
    0.16318E+01    0.53056E+01
    0.16647E+01    0.50477E+01
    0.16984E+01    0.48020E+01
    0.17327E+01    0.45681E+01
    0.17677E+01    0.43452E+01
    0.18034E+01    0.41330E+01
    0.18398E+01    0.39309E+01
    0.18770E+01    0.37385E+01
    0.19149E+01    0.35555E+01
    0.19536E+01    0.33812E+01
    0.19930E+01    0.32154E+01
    0.20333E+01    0.30576E+01
    0.20744E+01    0.29075E+01
    0.21163E+01    0.27648E+01
    0.21590E+01    0.26290E+01
