    0.10000E-03    0.33182E+03
    0.10202E-03    0.33831E+03
    0.10408E-03    0.34492E+03
    0.10618E-03    0.35166E+03
    0.10833E-03    0.35854E+03
    0.11052E-03    0.36554E+03
    0.11275E-03    0.37269E+03
    0.11503E-03    0.37997E+03
    0.11735E-03    0.38740E+03
    0.11972E-03    0.39497E+03
    0.12214E-03    0.40269E+03
    0.12461E-03    0.41056E+03
    0.12712E-03    0.41859E+03
    0.12969E-03    0.42677E+03
    0.13231E-03    0.43511E+03
    0.13499E-03    0.44361E+03
    0.13771E-03    0.45228E+03
    0.14049E-03    0.46112E+03
    0.14333E-03    0.47013E+03
    0.14623E-03    0.47932E+03
    0.14918E-03    0.48868E+03
    0.15220E-03    0.49823E+03
    0.15527E-03    0.50796E+03
    0.15841E-03    0.51789E+03
    0.16161E-03    0.52801E+03
    0.16487E-03    0.53832E+03
    0.16820E-03    0.54884E+03
    0.17160E-03    0.55956E+03
    0.17507E-03    0.57049E+03
    0.17860E-03    0.58164E+03
    0.18221E-03    0.59300E+03
    0.18589E-03    0.60458E+03
    0.18965E-03    0.61639E+03
    0.19348E-03    0.62843E+03
    0.19739E-03    0.64070E+03
    0.20138E-03    0.65321E+03
    0.20544E-03    0.66597E+03
    0.20959E-03    0.67897E+03
    0.21383E-03    0.69223E+03
    0.21815E-03    0.70574E+03
    0.22255E-03    0.71952E+03
    0.22705E-03    0.73356E+03
    0.23164E-03    0.74788E+03
    0.23632E-03    0.76248E+03
    0.24109E-03    0.77736E+03
    0.24596E-03    0.79253E+03
    0.25093E-03    0.80800E+03
    0.25600E-03    0.82377E+03
    0.26117E-03    0.83984E+03
    0.26645E-03    0.85622E+03
    0.27183E-03    0.87292E+03
    0.27732E-03    0.88995E+03
    0.28292E-03    0.90731E+03
    0.28864E-03    0.92500E+03
    0.29447E-03    0.94304E+03
    0.30042E-03    0.96143E+03
    0.30649E-03    0.98017E+03
    0.31268E-03    0.99927E+03
    0.31899E-03    0.10188E+04
    0.32544E-03    0.10386E+04
    0.33201E-03    0.10588E+04
    0.33872E-03    0.10795E+04
    0.34556E-03    0.11005E+04
    0.35254E-03    0.11219E+04
    0.35966E-03    0.11438E+04
    0.36693E-03    0.11660E+04
    0.37434E-03    0.11887E+04
    0.38190E-03    0.12119E+04
    0.38962E-03    0.12355E+04
    0.39749E-03    0.12595E+04
    0.40552E-03    0.12840E+04
    0.41371E-03    0.13090E+04
    0.42207E-03    0.13344E+04
    0.43060E-03    0.13604E+04
    0.43929E-03    0.13868E+04
    0.44817E-03    0.14138E+04
    0.45722E-03    0.14412E+04
    0.46646E-03    0.14692E+04
    0.47588E-03    0.14978E+04
    0.48550E-03    0.15268E+04
    0.49530E-03    0.15565E+04
    0.50531E-03    0.15867E+04
    0.51552E-03    0.16174E+04
    0.52593E-03    0.16488E+04
    0.53656E-03    0.16808E+04
    0.54739E-03    0.17133E+04
    0.55845E-03    0.17465E+04
    0.56973E-03    0.17803E+04
    0.58124E-03    0.18148E+04
    0.59299E-03    0.18499E+04
    0.60496E-03    0.18857E+04
    0.61719E-03    0.19222E+04
    0.62965E-03    0.19593E+04
    0.64237E-03    0.19972E+04
    0.65535E-03    0.20358E+04
    0.66859E-03    0.20751E+04
    0.68210E-03    0.21151E+04
    0.69588E-03    0.21559E+04
    0.70993E-03    0.21975E+04
    0.72427E-03    0.22398E+04
    0.73891E-03    0.22829E+04
    0.75383E-03    0.23269E+04
    0.76906E-03    0.23716E+04
    0.78460E-03    0.24172E+04
    0.80045E-03    0.24637E+04
    0.81662E-03    0.25110E+04
    0.83311E-03    0.25592E+04
    0.84994E-03    0.26083E+04
    0.86711E-03    0.26582E+04
    0.88463E-03    0.27092E+04
    0.90250E-03    0.27610E+04
    0.92073E-03    0.28138E+04
    0.93933E-03    0.28676E+04
    0.95831E-03    0.29224E+04
    0.97767E-03    0.29782E+04
    0.99742E-03    0.30350E+04
    0.10176E-02    0.30928E+04
    0.10381E-02    0.31517E+04
    0.10591E-02    0.32116E+04
    0.10805E-02    0.32727E+04
    0.11023E-02    0.33348E+04
    0.11246E-02    0.33981E+04
    0.11473E-02    0.34625E+04
    0.11705E-02    0.35280E+04
    0.11941E-02    0.35947E+04
    0.12182E-02    0.36626E+04
    0.12429E-02    0.37318E+04
    0.12680E-02    0.38021E+04
    0.12936E-02    0.38737E+04
    0.13197E-02    0.39466E+04
    0.13464E-02    0.40207E+04
    0.13736E-02    0.40961E+04
    0.14013E-02    0.41729E+04
    0.14296E-02    0.42510E+04
    0.14585E-02    0.43304E+04
    0.14880E-02    0.44112E+04
    0.15180E-02    0.44934E+04
    0.15487E-02    0.45770E+04
    0.15800E-02    0.46621E+04
    0.16119E-02    0.47486E+04
    0.16445E-02    0.48365E+04
    0.16777E-02    0.49259E+04
    0.17116E-02    0.50169E+04
    0.17462E-02    0.51093E+04
    0.17814E-02    0.52033E+04
    0.18174E-02    0.52988E+04
    0.18541E-02    0.53959E+04
    0.18916E-02    0.54946E+04
    0.19298E-02    0.55949E+04
    0.19688E-02    0.56969E+04
    0.20086E-02    0.58004E+04
    0.20491E-02    0.59056E+04
    0.20905E-02    0.60125E+04
    0.21328E-02    0.61211E+04
    0.21758E-02    0.62314E+04
    0.22198E-02    0.63434E+04
    0.22646E-02    0.64571E+04
    0.23104E-02    0.65726E+04
    0.23571E-02    0.66899E+04
    0.24047E-02    0.68089E+04
    0.24533E-02    0.69297E+04
    0.25028E-02    0.70523E+04
    0.25534E-02    0.71767E+04
    0.26050E-02    0.73030E+04
    0.26576E-02    0.74311E+04
    0.27113E-02    0.75610E+04
    0.27660E-02    0.76928E+04
    0.28219E-02    0.78264E+04
    0.28789E-02    0.79620E+04
    0.29371E-02    0.80994E+04
    0.29964E-02    0.82386E+04
    0.30569E-02    0.83798E+04
    0.31187E-02    0.85228E+04
    0.31817E-02    0.86678E+04
    0.32460E-02    0.88146E+04
    0.33115E-02    0.89634E+04
    0.33784E-02    0.91140E+04
    0.34467E-02    0.92666E+04
    0.35163E-02    0.94210E+04
    0.35874E-02    0.95774E+04
    0.36598E-02    0.97356E+04
    0.37338E-02    0.98957E+04
    0.38092E-02    0.10058E+05
    0.38861E-02    0.10221E+05
    0.39646E-02    0.10387E+05
    0.40447E-02    0.10555E+05
    0.41264E-02    0.10724E+05
    0.42098E-02    0.10895E+05
    0.42948E-02    0.11068E+05
    0.43816E-02    0.11243E+05
    0.44701E-02    0.11419E+05
    0.45604E-02    0.11597E+05
    0.46525E-02    0.11777E+05
    0.47465E-02    0.11959E+05
    0.48424E-02    0.12142E+05
    0.49402E-02    0.12327E+05
    0.50400E-02    0.12513E+05
    0.51419E-02    0.12701E+05
    0.52457E-02    0.12891E+05
    0.53517E-02    0.13082E+05
    0.54598E-02    0.13274E+05
    0.55701E-02    0.13467E+05
    0.56826E-02    0.13662E+05
    0.57974E-02    0.13859E+05
    0.59145E-02    0.14056E+05
    0.60340E-02    0.14254E+05
    0.61559E-02    0.14454E+05
    0.62803E-02    0.14655E+05
    0.64072E-02    0.14856E+05
    0.65366E-02    0.15059E+05
    0.66686E-02    0.15262E+05
    0.68033E-02    0.15466E+05
    0.69408E-02    0.15670E+05
    0.70810E-02    0.15875E+05
    0.72240E-02    0.16081E+05
    0.73700E-02    0.16286E+05
    0.75189E-02    0.16492E+05
    0.76708E-02    0.16698E+05
    0.78257E-02    0.16904E+05
    0.79838E-02    0.17110E+05
    0.81451E-02    0.17316E+05
    0.83096E-02    0.17521E+05
    0.84775E-02    0.17726E+05
    0.86488E-02    0.17930E+05
    0.88235E-02    0.18134E+05
    0.90017E-02    0.18336E+05
    0.91836E-02    0.18538E+05
    0.93691E-02    0.18738E+05
    0.95583E-02    0.18937E+05
    0.97514E-02    0.19135E+05
    0.99484E-02    0.19330E+05
    0.10149E-01    0.19524E+05
    0.10354E-01    0.19716E+05
    0.10564E-01    0.19906E+05
    0.10777E-01    0.20094E+05
    0.10995E-01    0.20279E+05
    0.11217E-01    0.20461E+05
    0.11443E-01    0.20640E+05
    0.11675E-01    0.20816E+05
    0.11910E-01    0.20988E+05
    0.12151E-01    0.21157E+05
    0.12397E-01    0.21322E+05
    0.12647E-01    0.21483E+05
    0.12902E-01    0.21639E+05
    0.13163E-01    0.21791E+05
    0.13429E-01    0.21938E+05
    0.13700E-01    0.22081E+05
    0.13977E-01    0.22218E+05
    0.14259E-01    0.22349E+05
    0.14547E-01    0.22475E+05
    0.14841E-01    0.22594E+05
    0.15141E-01    0.22708E+05
    0.15447E-01    0.22814E+05
    0.15759E-01    0.22915E+05
    0.16077E-01    0.23007E+05
    0.16402E-01    0.23093E+05
    0.16734E-01    0.23171E+05
    0.17072E-01    0.23242E+05
    0.17416E-01    0.23304E+05
    0.17768E-01    0.23358E+05
    0.18127E-01    0.23403E+05
    0.18493E-01    0.23440E+05
    0.18867E-01    0.23467E+05
    0.19248E-01    0.23486E+05
    0.19637E-01    0.23495E+05
    0.20034E-01    0.23494E+05
    0.20438E-01    0.23484E+05
    0.20851E-01    0.23463E+05
    0.21272E-01    0.23433E+05
    0.21702E-01    0.23392E+05
    0.22141E-01    0.23341E+05
    0.22588E-01    0.23280E+05
    0.23044E-01    0.23207E+05
    0.23510E-01    0.23125E+05
    0.23985E-01    0.23031E+05
    0.24469E-01    0.22928E+05
    0.24964E-01    0.22813E+05
    0.25468E-01    0.22688E+05
    0.25982E-01    0.22553E+05
    0.26507E-01    0.22407E+05
    0.27043E-01    0.22252E+05
    0.27589E-01    0.22086E+05
    0.28146E-01    0.21911E+05
    0.28715E-01    0.21726E+05
    0.29295E-01    0.21532E+05
    0.29887E-01    0.21330E+05
    0.30490E-01    0.21120E+05
    0.31106E-01    0.20901E+05
    0.31735E-01    0.20675E+05
    0.32376E-01    0.20443E+05
    0.33030E-01    0.20204E+05
    0.33697E-01    0.19959E+05
    0.34378E-01    0.19710E+05
    0.35072E-01    0.19455E+05
    0.35781E-01    0.19197E+05
    0.36504E-01    0.18937E+05
    0.37241E-01    0.18674E+05
    0.37993E-01    0.18409E+05
    0.38761E-01    0.18144E+05
    0.39544E-01    0.17878E+05
    0.40343E-01    0.17612E+05
    0.41158E-01    0.17348E+05
    0.41989E-01    0.17085E+05
    0.42838E-01    0.16824E+05
    0.43703E-01    0.16567E+05
    0.44586E-01    0.16313E+05
    0.45486E-01    0.16065E+05
    0.46405E-01    0.15822E+05
    0.47343E-01    0.15585E+05
    0.48299E-01    0.15355E+05
    0.49275E-01    0.15131E+05
    0.50270E-01    0.14914E+05
    0.51286E-01    0.14705E+05
    0.52322E-01    0.14503E+05
    0.53379E-01    0.14307E+05
    0.54457E-01    0.14117E+05
    0.55557E-01    0.13932E+05
    0.56680E-01    0.13753E+05
    0.57825E-01    0.13578E+05
    0.58993E-01    0.13407E+05
    0.60184E-01    0.13238E+05
    0.61400E-01    0.13071E+05
    0.62641E-01    0.12905E+05
    0.63906E-01    0.12740E+05
    0.65197E-01    0.12573E+05
    0.66514E-01    0.12404E+05
    0.67858E-01    0.12232E+05
    0.69229E-01    0.12056E+05
    0.70627E-01    0.11875E+05
    0.72054E-01    0.11687E+05
    0.73510E-01    0.11492E+05
    0.74994E-01    0.11289E+05
    0.76509E-01    0.11076E+05
    0.78055E-01    0.10855E+05
    0.79632E-01    0.10625E+05
    0.81241E-01    0.10386E+05
    0.82882E-01    0.10137E+05
    0.84556E-01    0.98801E+04
    0.86264E-01    0.96165E+04
    0.88007E-01    0.93480E+04
    0.89785E-01    0.90767E+04
    0.91598E-01    0.88048E+04
    0.93449E-01    0.85345E+04
    0.95337E-01    0.82684E+04
    0.97263E-01    0.80085E+04
    0.99227E-01    0.77572E+04
    0.10123E+00    0.75164E+04
    0.10328E+00    0.72878E+04
    0.10536E+00    0.70729E+04
    0.10749E+00    0.68728E+04
    0.10966E+00    0.66882E+04
    0.11188E+00    0.65189E+04
    0.11414E+00    0.63647E+04
    0.11644E+00    0.62241E+04
    0.11880E+00    0.60953E+04
    0.12120E+00    0.59758E+04
    0.12365E+00    0.58628E+04
    0.12614E+00    0.57532E+04
    0.12869E+00    0.56441E+04
    0.13129E+00    0.55326E+04
    0.13394E+00    0.54161E+04
    0.13665E+00    0.52927E+04
    0.13941E+00    0.51610E+04
    0.14223E+00    0.50202E+04
    0.14510E+00    0.48706E+04
    0.14803E+00    0.47131E+04
    0.15102E+00    0.45499E+04
    0.15407E+00    0.43833E+04
    0.15718E+00    0.42165E+04
    0.16036E+00    0.40529E+04
    0.16360E+00    0.38956E+04
    0.16690E+00    0.37477E+04
    0.17028E+00    0.36117E+04
    0.17371E+00    0.34893E+04
    0.17722E+00    0.33807E+04
    0.18080E+00    0.32850E+04
    0.18446E+00    0.31999E+04
    0.18818E+00    0.31221E+04
    0.19198E+00    0.30485E+04
    0.19586E+00    0.29757E+04
    0.19982E+00    0.29008E+04
    0.20386E+00    0.28217E+04
    0.20797E+00    0.27365E+04
    0.21218E+00    0.26447E+04
    0.21646E+00    0.25474E+04
    0.22083E+00    0.24471E+04
    0.22530E+00    0.23471E+04
    0.22985E+00    0.22508E+04
    0.23449E+00    0.21609E+04
    0.23923E+00    0.20791E+04
    0.24406E+00    0.20061E+04
    0.24899E+00    0.19413E+04
    0.25402E+00    0.18831E+04
    0.25915E+00    0.18290E+04
    0.26439E+00    0.17763E+04
    0.26973E+00    0.17225E+04
    0.27518E+00    0.16660E+04
    0.28074E+00    0.16061E+04
    0.28641E+00    0.15438E+04
    0.29219E+00    0.14811E+04
    0.29810E+00    0.14205E+04
    0.30412E+00    0.13637E+04
    0.31026E+00    0.13118E+04
    0.31653E+00    0.12648E+04
    0.32292E+00    0.12220E+04
    0.32945E+00    0.11816E+04
    0.33610E+00    0.11421E+04
    0.34289E+00    0.11019E+04
    0.34982E+00    0.10606E+04
    0.35689E+00    0.10187E+04
    0.36409E+00    0.97741E+03
    0.37145E+00    0.93802E+03
    0.37895E+00    0.90133E+03
    0.38661E+00    0.86741E+03
    0.39442E+00    0.83571E+03
    0.40239E+00    0.80537E+03
    0.41052E+00    0.77545E+03
    0.41881E+00    0.74552E+03
    0.42727E+00    0.71579E+03
    0.43590E+00    0.68686E+03
    0.44471E+00    0.65927E+03
    0.45369E+00    0.63329E+03
    0.46286E+00    0.60880E+03
    0.47221E+00    0.58537E+03
    0.48174E+00    0.56250E+03
    0.49148E+00    0.54007E+03
    0.50141E+00    0.51820E+03
    0.51153E+00    0.49711E+03
    0.52187E+00    0.47703E+03
    0.53241E+00    0.45794E+03
    0.54317E+00    0.43962E+03
    0.55414E+00    0.42189E+03
    0.56533E+00    0.40468E+03
    0.57675E+00    0.38804E+03
    0.58840E+00    0.37208E+03
    0.60029E+00    0.35683E+03
    0.61242E+00    0.34219E+03
    0.62479E+00    0.32810E+03
    0.63741E+00    0.31450E+03
    0.65029E+00    0.30140E+03
    0.66342E+00    0.28883E+03
    0.67683E+00    0.27678E+03
    0.69050E+00    0.26521E+03
    0.70445E+00    0.25408E+03
    0.71868E+00    0.24339E+03
    0.73320E+00    0.23313E+03
    0.74801E+00    0.22326E+03
    0.76312E+00    0.21379E+03
    0.77854E+00    0.20469E+03
    0.79426E+00    0.19596E+03
    0.81031E+00    0.18758E+03
    0.82668E+00    0.17954E+03
    0.84338E+00    0.17182E+03
    0.86041E+00    0.16442E+03
    0.87780E+00    0.15732E+03
    0.89553E+00    0.15052E+03
    0.91362E+00    0.14399E+03
    0.93208E+00    0.13774E+03
    0.95091E+00    0.13174E+03
    0.97011E+00    0.12599E+03
    0.98971E+00    0.12048E+03
    0.10097E+01    0.11520E+03
    0.10301E+01    0.11014E+03
    0.10509E+01    0.10529E+03
    0.10721E+01    0.10065E+03
    0.10938E+01    0.96202E+02
    0.11159E+01    0.91942E+02
    0.11384E+01    0.87862E+02
    0.11614E+01    0.83955E+02
    0.11849E+01    0.80215E+02
    0.12088E+01    0.76634E+02
    0.12333E+01    0.73207E+02
    0.12582E+01    0.69927E+02
    0.12836E+01    0.66789E+02
    0.13095E+01    0.63786E+02
    0.13360E+01    0.60913E+02
    0.13630E+01    0.58165E+02
    0.13905E+01    0.55536E+02
    0.14186E+01    0.53022E+02
    0.14472E+01    0.50617E+02
    0.14765E+01    0.48317E+02
    0.15063E+01    0.46118E+02
    0.15367E+01    0.44015E+02
    0.15678E+01    0.42004E+02
    0.15994E+01    0.40081E+02
    0.16318E+01    0.38243E+02
    0.16647E+01    0.36486E+02
    0.16984E+01    0.34806E+02
    0.17327E+01    0.33201E+02
    0.17677E+01    0.31667E+02
    0.18034E+01    0.30202E+02
    0.18398E+01    0.28803E+02
    0.18770E+01    0.27467E+02
    0.19149E+01    0.26192E+02
    0.19536E+01    0.24976E+02
    0.19930E+01    0.23815E+02
    0.20333E+01    0.22708E+02
    0.20744E+01    0.21652E+02
