    0.10000E-03    0.35864E+03
    0.10202E-03    0.36565E+03
    0.10408E-03    0.37279E+03
    0.10618E-03    0.38008E+03
    0.10833E-03    0.38751E+03
    0.11052E-03    0.39508E+03
    0.11275E-03    0.40280E+03
    0.11503E-03    0.41067E+03
    0.11735E-03    0.41870E+03
    0.11972E-03    0.42688E+03
    0.12214E-03    0.43523E+03
    0.12461E-03    0.44373E+03
    0.12712E-03    0.45240E+03
    0.12969E-03    0.46124E+03
    0.13231E-03    0.47025E+03
    0.13499E-03    0.47944E+03
    0.13771E-03    0.48881E+03
    0.14049E-03    0.49836E+03
    0.14333E-03    0.50810E+03
    0.14623E-03    0.51802E+03
    0.14918E-03    0.52815E+03
    0.15220E-03    0.53846E+03
    0.15527E-03    0.54898E+03
    0.15841E-03    0.55971E+03
    0.16161E-03    0.57064E+03
    0.16487E-03    0.58178E+03
    0.16820E-03    0.59315E+03
    0.17160E-03    0.60473E+03
    0.17507E-03    0.61654E+03
    0.17860E-03    0.62858E+03
    0.18221E-03    0.64086E+03
    0.18589E-03    0.65337E+03
    0.18965E-03    0.66613E+03
    0.19348E-03    0.67913E+03
    0.19739E-03    0.69239E+03
    0.20138E-03    0.70591E+03
    0.20544E-03    0.71969E+03
    0.20959E-03    0.73374E+03
    0.21383E-03    0.74806E+03
    0.21815E-03    0.76266E+03
    0.22255E-03    0.77754E+03
    0.22705E-03    0.79271E+03
    0.23164E-03    0.80818E+03
    0.23632E-03    0.82395E+03
    0.24109E-03    0.84002E+03
    0.24596E-03    0.85640E+03
    0.25093E-03    0.87311E+03
    0.25600E-03    0.89014E+03
    0.26117E-03    0.90749E+03
    0.26645E-03    0.92519E+03
    0.27183E-03    0.94322E+03
    0.27732E-03    0.96161E+03
    0.28292E-03    0.98035E+03
    0.28864E-03    0.99946E+03
    0.29447E-03    0.10189E+04
    0.30042E-03    0.10388E+04
    0.30649E-03    0.10590E+04
    0.31268E-03    0.10796E+04
    0.31899E-03    0.11007E+04
    0.32544E-03    0.11221E+04
    0.33201E-03    0.11440E+04
    0.33872E-03    0.11662E+04
    0.34556E-03    0.11889E+04
    0.35254E-03    0.12120E+04
    0.35966E-03    0.12356E+04
    0.36693E-03    0.12597E+04
    0.37434E-03    0.12842E+04
    0.38190E-03    0.13091E+04
    0.38962E-03    0.13346E+04
    0.39749E-03    0.13605E+04
    0.40552E-03    0.13869E+04
    0.41371E-03    0.14139E+04
    0.42207E-03    0.14413E+04
    0.43060E-03    0.14693E+04
    0.43929E-03    0.14978E+04
    0.44817E-03    0.15269E+04
    0.45722E-03    0.15565E+04
    0.46646E-03    0.15867E+04
    0.47588E-03    0.16175E+04
    0.48550E-03    0.16488E+04
    0.49530E-03    0.16807E+04
    0.50531E-03    0.17133E+04
    0.51552E-03    0.17465E+04
    0.52593E-03    0.17803E+04
    0.53656E-03    0.18147E+04
    0.54739E-03    0.18498E+04
    0.55845E-03    0.18855E+04
    0.56973E-03    0.19220E+04
    0.58124E-03    0.19591E+04
    0.59299E-03    0.19969E+04
    0.60496E-03    0.20354E+04
    0.61719E-03    0.20747E+04
    0.62965E-03    0.21147E+04
    0.64237E-03    0.21554E+04
    0.65535E-03    0.21969E+04
    0.66859E-03    0.22392E+04
    0.68210E-03    0.22823E+04
    0.69588E-03    0.23262E+04
    0.70993E-03    0.23709E+04
    0.72427E-03    0.24164E+04
    0.73891E-03    0.24628E+04
    0.75383E-03    0.25100E+04
    0.76906E-03    0.25581E+04
    0.78460E-03    0.26071E+04
    0.80045E-03    0.26570E+04
    0.81662E-03    0.27078E+04
    0.83311E-03    0.27596E+04
    0.84994E-03    0.28123E+04
    0.86711E-03    0.28659E+04
    0.88463E-03    0.29206E+04
    0.90250E-03    0.29762E+04
    0.92073E-03    0.30329E+04
    0.93933E-03    0.30906E+04
    0.95831E-03    0.31493E+04
    0.97767E-03    0.32091E+04
    0.99742E-03    0.32699E+04
    0.10176E-02    0.33319E+04
    0.10381E-02    0.33949E+04
    0.10591E-02    0.34591E+04
    0.10805E-02    0.35245E+04
    0.11023E-02    0.35910E+04
    0.11246E-02    0.36586E+04
    0.11473E-02    0.37275E+04
    0.11705E-02    0.37976E+04
    0.11941E-02    0.38689E+04
    0.12182E-02    0.39415E+04
    0.12429E-02    0.40153E+04
    0.12680E-02    0.40904E+04
    0.12936E-02    0.41668E+04
    0.13197E-02    0.42445E+04
    0.13464E-02    0.43236E+04
    0.13736E-02    0.44040E+04
    0.14013E-02    0.44858E+04
    0.14296E-02    0.45689E+04
    0.14585E-02    0.46535E+04
    0.14880E-02    0.47395E+04
    0.15180E-02    0.48269E+04
    0.15487E-02    0.49158E+04
    0.15800E-02    0.50062E+04
    0.16119E-02    0.50980E+04
    0.16445E-02    0.51914E+04
    0.16777E-02    0.52863E+04
    0.17116E-02    0.53827E+04
    0.17462E-02    0.54807E+04
    0.17814E-02    0.55802E+04
    0.18174E-02    0.56814E+04
    0.18541E-02    0.57841E+04
    0.18916E-02    0.58885E+04
    0.19298E-02    0.59945E+04
    0.19688E-02    0.61021E+04
    0.20086E-02    0.62114E+04
    0.20491E-02    0.63224E+04
    0.20905E-02    0.64351E+04
    0.21328E-02    0.65494E+04
    0.21758E-02    0.66655E+04
    0.22198E-02    0.67833E+04
    0.22646E-02    0.69028E+04
    0.23104E-02    0.70241E+04
    0.23571E-02    0.71471E+04
    0.24047E-02    0.72719E+04
    0.24533E-02    0.73985E+04
    0.25028E-02    0.75268E+04
    0.25534E-02    0.76569E+04
    0.26050E-02    0.77889E+04
    0.26576E-02    0.79226E+04
    0.27113E-02    0.80581E+04
    0.27660E-02    0.81954E+04
    0.28219E-02    0.83345E+04
    0.28789E-02    0.84755E+04
    0.29371E-02    0.86182E+04
    0.29964E-02    0.87627E+04
    0.30569E-02    0.89091E+04
    0.31187E-02    0.90573E+04
    0.31817E-02    0.92072E+04
    0.32460E-02    0.93590E+04
    0.33115E-02    0.95125E+04
    0.33784E-02    0.96678E+04
    0.34467E-02    0.98249E+04
    0.35163E-02    0.99837E+04
    0.35874E-02    0.10144E+05
    0.36598E-02    0.10307E+05
    0.37338E-02    0.10471E+05
    0.38092E-02    0.10636E+05
    0.38861E-02    0.10804E+05
    0.39646E-02    0.10973E+05
    0.40447E-02    0.11143E+05
    0.41264E-02    0.11316E+05
    0.42098E-02    0.11490E+05
    0.42948E-02    0.11665E+05
    0.43816E-02    0.11842E+05
    0.44701E-02    0.12020E+05
    0.45604E-02    0.12200E+05
    0.46525E-02    0.12381E+05
    0.47465E-02    0.12564E+05
    0.48424E-02    0.12748E+05
    0.49402E-02    0.12933E+05
    0.50400E-02    0.13120E+05
    0.51419E-02    0.13307E+05
    0.52457E-02    0.13496E+05
    0.53517E-02    0.13686E+05
    0.54598E-02    0.13877E+05
    0.55701E-02    0.14068E+05
    0.56826E-02    0.14261E+05
    0.57974E-02    0.14454E+05
    0.59145E-02    0.14649E+05
    0.60340E-02    0.14843E+05
    0.61559E-02    0.15039E+05
    0.62803E-02    0.15235E+05
    0.64072E-02    0.15431E+05
    0.65366E-02    0.15628E+05
    0.66686E-02    0.15825E+05
    0.68033E-02    0.16021E+05
    0.69408E-02    0.16218E+05
    0.70810E-02    0.16415E+05
    0.72240E-02    0.16611E+05
    0.73700E-02    0.16808E+05
    0.75189E-02    0.17003E+05
    0.76708E-02    0.17198E+05
    0.78257E-02    0.17392E+05
    0.79838E-02    0.17586E+05
    0.81451E-02    0.17778E+05
    0.83096E-02    0.17970E+05
    0.84775E-02    0.18160E+05
    0.86488E-02    0.18349E+05
    0.88235E-02    0.18536E+05
    0.90017E-02    0.18721E+05
    0.91836E-02    0.18905E+05
    0.93691E-02    0.19086E+05
    0.95583E-02    0.19266E+05
    0.97514E-02    0.19442E+05
    0.99484E-02    0.19617E+05
    0.10149E-01    0.19788E+05
    0.10354E-01    0.19957E+05
    0.10564E-01    0.20122E+05
    0.10777E-01    0.20284E+05
    0.10995E-01    0.20442E+05
    0.11217E-01    0.20597E+05
    0.11443E-01    0.20747E+05
    0.11675E-01    0.20893E+05
    0.11910E-01    0.21035E+05
    0.12151E-01    0.21172E+05
    0.12397E-01    0.21304E+05
    0.12647E-01    0.21431E+05
    0.12902E-01    0.21553E+05
    0.13163E-01    0.21669E+05
    0.13429E-01    0.21779E+05
    0.13700E-01    0.21883E+05
    0.13977E-01    0.21981E+05
    0.14259E-01    0.22072E+05
    0.14547E-01    0.22156E+05
    0.14841E-01    0.22233E+05
    0.15141E-01    0.22302E+05
    0.15447E-01    0.22364E+05
    0.15759E-01    0.22419E+05
    0.16077E-01    0.22465E+05
    0.16402E-01    0.22503E+05
    0.16734E-01    0.22532E+05
    0.17072E-01    0.22553E+05
    0.17416E-01    0.22564E+05
    0.17768E-01    0.22567E+05
    0.18127E-01    0.22560E+05
    0.18493E-01    0.22543E+05
    0.18867E-01    0.22517E+05
    0.19248E-01    0.22481E+05
    0.19637E-01    0.22434E+05
    0.20034E-01    0.22378E+05
    0.20438E-01    0.22311E+05
    0.20851E-01    0.22234E+05
    0.21272E-01    0.22146E+05
    0.21702E-01    0.22048E+05
    0.22141E-01    0.21940E+05
    0.22588E-01    0.21820E+05
    0.23044E-01    0.21691E+05
    0.23510E-01    0.21551E+05
    0.23985E-01    0.21400E+05
    0.24469E-01    0.21239E+05
    0.24964E-01    0.21069E+05
    0.25468E-01    0.20888E+05
    0.25982E-01    0.20698E+05
    0.26507E-01    0.20498E+05
    0.27043E-01    0.20290E+05
    0.27589E-01    0.20072E+05
    0.28146E-01    0.19847E+05
    0.28715E-01    0.19613E+05
    0.29295E-01    0.19373E+05
    0.29887E-01    0.19125E+05
    0.30490E-01    0.18871E+05
    0.31106E-01    0.18611E+05
    0.31735E-01    0.18346E+05
    0.32376E-01    0.18076E+05
    0.33030E-01    0.17803E+05
    0.33697E-01    0.17527E+05
    0.34378E-01    0.17248E+05
    0.35072E-01    0.16968E+05
    0.35781E-01    0.16686E+05
    0.36504E-01    0.16405E+05
    0.37241E-01    0.16124E+05
    0.37993E-01    0.15844E+05
    0.38761E-01    0.15567E+05
    0.39544E-01    0.15294E+05
    0.40343E-01    0.15024E+05
    0.41158E-01    0.14759E+05
    0.41989E-01    0.14498E+05
    0.42838E-01    0.14243E+05
    0.43703E-01    0.13993E+05
    0.44586E-01    0.13749E+05
    0.45486E-01    0.13511E+05
    0.46405E-01    0.13282E+05
    0.47343E-01    0.13060E+05
    0.48299E-01    0.12848E+05
    0.49275E-01    0.12645E+05
    0.50270E-01    0.12452E+05
    0.51286E-01    0.12266E+05
    0.52322E-01    0.12088E+05
    0.53379E-01    0.11917E+05
    0.54457E-01    0.11751E+05
    0.55557E-01    0.11591E+05
    0.56680E-01    0.11436E+05
    0.57825E-01    0.11284E+05
    0.58993E-01    0.11135E+05
    0.60184E-01    0.10989E+05
    0.61400E-01    0.10843E+05
    0.62641E-01    0.10697E+05
    0.63906E-01    0.10550E+05
    0.65197E-01    0.10401E+05
    0.66514E-01    0.10249E+05
    0.67858E-01    0.10093E+05
    0.69229E-01    0.99307E+04
    0.70627E-01    0.97616E+04
    0.72054E-01    0.95842E+04
    0.73510E-01    0.93977E+04
    0.74994E-01    0.92011E+04
    0.76509E-01    0.89940E+04
    0.78055E-01    0.87769E+04
    0.79632E-01    0.85502E+04
    0.81241E-01    0.83152E+04
    0.82882E-01    0.80736E+04
    0.84556E-01    0.78270E+04
    0.86264E-01    0.75778E+04
    0.88007E-01    0.73282E+04
    0.89785E-01    0.70804E+04
    0.91598E-01    0.68368E+04
    0.93449E-01    0.65994E+04
    0.95337E-01    0.63703E+04
    0.97263E-01    0.61515E+04
    0.99227E-01    0.59444E+04
    0.10123E+00    0.57507E+04
    0.10328E+00    0.55714E+04
    0.10536E+00    0.54074E+04
    0.10749E+00    0.52588E+04
    0.10966E+00    0.51253E+04
    0.11188E+00    0.50060E+04
    0.11414E+00    0.48991E+04
    0.11644E+00    0.48025E+04
    0.11880E+00    0.47134E+04
    0.12120E+00    0.46289E+04
    0.12365E+00    0.45459E+04
    0.12614E+00    0.44613E+04
    0.12869E+00    0.43721E+04
    0.13129E+00    0.42761E+04
    0.13394E+00    0.41715E+04
    0.13665E+00    0.40574E+04
    0.13941E+00    0.39338E+04
    0.14223E+00    0.38017E+04
    0.14510E+00    0.36630E+04
    0.14803E+00    0.35202E+04
    0.15102E+00    0.33762E+04
    0.15407E+00    0.32340E+04
    0.15718E+00    0.30969E+04
    0.16036E+00    0.29678E+04
    0.16360E+00    0.28494E+04
    0.16690E+00    0.27437E+04
    0.17028E+00    0.26513E+04
    0.17371E+00    0.25717E+04
    0.17722E+00    0.25030E+04
    0.18080E+00    0.24424E+04
    0.18446E+00    0.23868E+04
    0.18818E+00    0.23329E+04
    0.19198E+00    0.22776E+04
    0.19586E+00    0.22182E+04
    0.19982E+00    0.21527E+04
    0.20386E+00    0.20804E+04
    0.20797E+00    0.20021E+04
    0.21218E+00    0.19200E+04
    0.21646E+00    0.18370E+04
    0.22083E+00    0.17561E+04
    0.22530E+00    0.16800E+04
    0.22985E+00    0.16109E+04
    0.23449E+00    0.15500E+04
    0.23923E+00    0.14973E+04
    0.24406E+00    0.14514E+04
    0.24899E+00    0.14100E+04
    0.25402E+00    0.13705E+04
    0.25915E+00    0.13304E+04
    0.26439E+00    0.12878E+04
    0.26973E+00    0.12418E+04
    0.27518E+00    0.11928E+04
    0.28074E+00    0.11425E+04
    0.28641E+00    0.10931E+04
    0.29219E+00    0.10465E+04
    0.29810E+00    0.10041E+04
    0.30412E+00    0.96640E+03
    0.31026E+00    0.93281E+03
    0.31653E+00    0.90191E+03
    0.32292E+00    0.87203E+03
    0.32945E+00    0.84175E+03
    0.33610E+00    0.81027E+03
    0.34289E+00    0.77774E+03
    0.34982E+00    0.74515E+03
    0.35689E+00    0.71379E+03
    0.36409E+00    0.68457E+03
    0.37145E+00    0.65782E+03
    0.37895E+00    0.63327E+03
    0.38661E+00    0.61013E+03
    0.39442E+00    0.58746E+03
    0.40239E+00    0.56470E+03
    0.41052E+00    0.54186E+03
    0.41881E+00    0.51936E+03
    0.42727E+00    0.49779E+03
    0.43590E+00    0.47758E+03
    0.44471E+00    0.45871E+03
    0.45369E+00    0.44080E+03
    0.46286E+00    0.42346E+03
    0.47221E+00    0.40641E+03
    0.48174E+00    0.38965E+03
    0.49148E+00    0.37343E+03
    0.50141E+00    0.35800E+03
    0.51153E+00    0.34336E+03
    0.52187E+00    0.32944E+03
    0.53241E+00    0.31600E+03
    0.54317E+00    0.30293E+03
    0.55414E+00    0.29027E+03
    0.56533E+00    0.27810E+03
    0.57675E+00    0.26649E+03
    0.58840E+00    0.25541E+03
    0.60029E+00    0.24474E+03
    0.61242E+00    0.23446E+03
    0.62479E+00    0.22455E+03
    0.63741E+00    0.21503E+03
    0.65029E+00    0.20592E+03
    0.66342E+00    0.19719E+03
    0.67683E+00    0.18881E+03
    0.69050E+00    0.18076E+03
    0.70445E+00    0.17303E+03
    0.71868E+00    0.16561E+03
    0.73320E+00    0.15849E+03
    0.74801E+00    0.15166E+03
    0.76312E+00    0.14510E+03
    0.77854E+00    0.13881E+03
    0.79426E+00    0.13278E+03
    0.81031E+00    0.12701E+03
    0.82668E+00    0.12147E+03
    0.84338E+00    0.11616E+03
    0.86041E+00    0.11107E+03
    0.87780E+00    0.10620E+03
    0.89553E+00    0.10153E+03
    0.91362E+00    0.97057E+02
    0.93208E+00    0.92773E+02
    0.95091E+00    0.88670E+02
    0.97011E+00    0.84741E+02
    0.98971E+00    0.80979E+02
    0.10097E+01    0.77376E+02
    0.10301E+01    0.73927E+02
    0.10509E+01    0.70625E+02
    0.10721E+01    0.67464E+02
    0.10938E+01    0.64439E+02
    0.11159E+01    0.61544E+02
    0.11384E+01    0.58774E+02
    0.11614E+01    0.56124E+02
    0.11849E+01    0.53589E+02
    0.12088E+01    0.51164E+02
    0.12333E+01    0.48845E+02
    0.12582E+01    0.46628E+02
    0.12836E+01    0.44508E+02
    0.13095E+01    0.42480E+02
    0.13360E+01    0.40543E+02
    0.13630E+01    0.38690E+02
    0.13905E+01    0.36919E+02
    0.14186E+01    0.35227E+02
    0.14472E+01    0.33609E+02
    0.14765E+01    0.32063E+02
    0.15063E+01    0.30586E+02
    0.15367E+01    0.29174E+02
    0.15678E+01    0.27825E+02
    0.15994E+01    0.26536E+02
    0.16318E+01    0.25304E+02
    0.16647E+01    0.24127E+02
    0.16984E+01    0.23004E+02
    0.17327E+01    0.21931E+02
    0.17677E+01    0.20907E+02
    0.18034E+01    0.19930E+02
    0.18398E+01    0.18997E+02
    0.18770E+01    0.18108E+02
    0.19149E+01    0.17260E+02
    0.19536E+01    0.16451E+02
    0.19930E+01    0.15680E+02
