    0.10000E-03    0.43941E+03
    0.10202E-03    0.44800E+03
    0.10408E-03    0.45676E+03
    0.10618E-03    0.46568E+03
    0.10833E-03    0.47478E+03
    0.11052E-03    0.48406E+03
    0.11275E-03    0.49352E+03
    0.11503E-03    0.50316E+03
    0.11735E-03    0.51300E+03
    0.11972E-03    0.52302E+03
    0.12214E-03    0.53324E+03
    0.12461E-03    0.54366E+03
    0.12712E-03    0.55428E+03
    0.12969E-03    0.56511E+03
    0.13231E-03    0.57615E+03
    0.13499E-03    0.58741E+03
    0.13771E-03    0.59888E+03
    0.14049E-03    0.61058E+03
    0.14333E-03    0.62251E+03
    0.14623E-03    0.63467E+03
    0.14918E-03    0.64707E+03
    0.15220E-03    0.65970E+03
    0.15527E-03    0.67259E+03
    0.15841E-03    0.68572E+03
    0.16161E-03    0.69912E+03
    0.16487E-03    0.71277E+03
    0.16820E-03    0.72669E+03
    0.17160E-03    0.74088E+03
    0.17507E-03    0.75534E+03
    0.17860E-03    0.77009E+03
    0.18221E-03    0.78512E+03
    0.18589E-03    0.80045E+03
    0.18965E-03    0.81607E+03
    0.19348E-03    0.83200E+03
    0.19739E-03    0.84824E+03
    0.20138E-03    0.86479E+03
    0.20544E-03    0.88166E+03
    0.20959E-03    0.89887E+03
    0.21383E-03    0.91640E+03
    0.21815E-03    0.93428E+03
    0.22255E-03    0.95250E+03
    0.22705E-03    0.97108E+03
    0.23164E-03    0.99002E+03
    0.23632E-03    0.10093E+04
    0.24109E-03    0.10290E+04
    0.24596E-03    0.10491E+04
    0.25093E-03    0.10695E+04
    0.25600E-03    0.10904E+04
    0.26117E-03    0.11116E+04
    0.26645E-03    0.11333E+04
    0.27183E-03    0.11554E+04
    0.27732E-03    0.11779E+04
    0.28292E-03    0.12008E+04
    0.28864E-03    0.12242E+04
    0.29447E-03    0.12480E+04
    0.30042E-03    0.12723E+04
    0.30649E-03    0.12971E+04
    0.31268E-03    0.13223E+04
    0.31899E-03    0.13481E+04
    0.32544E-03    0.13743E+04
    0.33201E-03    0.14010E+04
    0.33872E-03    0.14283E+04
    0.34556E-03    0.14560E+04
    0.35254E-03    0.14843E+04
    0.35966E-03    0.15132E+04
    0.36693E-03    0.15426E+04
    0.37434E-03    0.15725E+04
    0.38190E-03    0.16031E+04
    0.38962E-03    0.16342E+04
    0.39749E-03    0.16659E+04
    0.40552E-03    0.16982E+04
    0.41371E-03    0.17312E+04
    0.42207E-03    0.17647E+04
    0.43060E-03    0.17990E+04
    0.43929E-03    0.18338E+04
    0.44817E-03    0.18693E+04
    0.45722E-03    0.19055E+04
    0.46646E-03    0.19424E+04
    0.47588E-03    0.19800E+04
    0.48550E-03    0.20183E+04
    0.49530E-03    0.20573E+04
    0.50531E-03    0.20971E+04
    0.51552E-03    0.21376E+04
    0.52593E-03    0.21789E+04
    0.53656E-03    0.22210E+04
    0.54739E-03    0.22638E+04
    0.55845E-03    0.23075E+04
    0.56973E-03    0.23519E+04
    0.58124E-03    0.23973E+04
    0.59299E-03    0.24434E+04
    0.60496E-03    0.24904E+04
    0.61719E-03    0.25383E+04
    0.62965E-03    0.25871E+04
    0.64237E-03    0.26368E+04
    0.65535E-03    0.26875E+04
    0.66859E-03    0.27390E+04
    0.68210E-03    0.27915E+04
    0.69588E-03    0.28450E+04
    0.70993E-03    0.28995E+04
    0.72427E-03    0.29550E+04
    0.73891E-03    0.30115E+04
    0.75383E-03    0.30690E+04
    0.76906E-03    0.31276E+04
    0.78460E-03    0.31873E+04
    0.80045E-03    0.32480E+04
    0.81662E-03    0.33099E+04
    0.83311E-03    0.33729E+04
    0.84994E-03    0.34370E+04
    0.86711E-03    0.35023E+04
    0.88463E-03    0.35687E+04
    0.90250E-03    0.36364E+04
    0.92073E-03    0.37053E+04
    0.93933E-03    0.37754E+04
    0.95831E-03    0.38467E+04
    0.97767E-03    0.39193E+04
    0.99742E-03    0.39932E+04
    0.10176E-02    0.40685E+04
    0.10381E-02    0.41450E+04
    0.10591E-02    0.42229E+04
    0.10805E-02    0.43021E+04
    0.11023E-02    0.43828E+04
    0.11246E-02    0.44648E+04
    0.11473E-02    0.45482E+04
    0.11705E-02    0.46331E+04
    0.11941E-02    0.47195E+04
    0.12182E-02    0.48073E+04
    0.12429E-02    0.48967E+04
    0.12680E-02    0.49875E+04
    0.12936E-02    0.50799E+04
    0.13197E-02    0.51739E+04
    0.13464E-02    0.52694E+04
    0.13736E-02    0.53665E+04
    0.14013E-02    0.54652E+04
    0.14296E-02    0.55656E+04
    0.14585E-02    0.56676E+04
    0.14880E-02    0.57713E+04
    0.15180E-02    0.58767E+04
    0.15487E-02    0.59837E+04
    0.15800E-02    0.60925E+04
    0.16119E-02    0.62031E+04
    0.16445E-02    0.63153E+04
    0.16777E-02    0.64294E+04
    0.17116E-02    0.65452E+04
    0.17462E-02    0.66629E+04
    0.17814E-02    0.67824E+04
    0.18174E-02    0.69037E+04
    0.18541E-02    0.70268E+04
    0.18916E-02    0.71518E+04
    0.19298E-02    0.72787E+04
    0.19688E-02    0.74075E+04
    0.20086E-02    0.75382E+04
    0.20491E-02    0.76708E+04
    0.20905E-02    0.78053E+04
    0.21328E-02    0.79417E+04
    0.21758E-02    0.80801E+04
    0.22198E-02    0.82204E+04
    0.22646E-02    0.83627E+04
    0.23104E-02    0.85070E+04
    0.23571E-02    0.86532E+04
    0.24047E-02    0.88014E+04
    0.24533E-02    0.89516E+04
    0.25028E-02    0.91038E+04
    0.25534E-02    0.92579E+04
    0.26050E-02    0.94140E+04
    0.26576E-02    0.95721E+04
    0.27113E-02    0.97322E+04
    0.27660E-02    0.98943E+04
    0.28219E-02    0.10058E+05
    0.28789E-02    0.10224E+05
    0.29371E-02    0.10392E+05
    0.29964E-02    0.10562E+05
    0.30569E-02    0.10734E+05
    0.31187E-02    0.10908E+05
    0.31817E-02    0.11084E+05
    0.32460E-02    0.11261E+05
    0.33115E-02    0.11441E+05
    0.33784E-02    0.11622E+05
    0.34467E-02    0.11805E+05
    0.35163E-02    0.11990E+05
    0.35874E-02    0.12177E+05
    0.36598E-02    0.12366E+05
    0.37338E-02    0.12556E+05
    0.38092E-02    0.12748E+05
    0.38861E-02    0.12942E+05
    0.39646E-02    0.13137E+05
    0.40447E-02    0.13334E+05
    0.41264E-02    0.13532E+05
    0.42098E-02    0.13732E+05
    0.42948E-02    0.13934E+05
    0.43816E-02    0.14137E+05
    0.44701E-02    0.14341E+05
    0.45604E-02    0.14547E+05
    0.46525E-02    0.14753E+05
    0.47465E-02    0.14961E+05
    0.48424E-02    0.15171E+05
    0.49402E-02    0.15381E+05
    0.50400E-02    0.15592E+05
    0.51419E-02    0.15804E+05
    0.52457E-02    0.16017E+05
    0.53517E-02    0.16231E+05
    0.54598E-02    0.16445E+05
    0.55701E-02    0.16660E+05
    0.56826E-02    0.16876E+05
    0.57974E-02    0.17092E+05
    0.59145E-02    0.17308E+05
    0.60340E-02    0.17524E+05
    0.61559E-02    0.17741E+05
    0.62803E-02    0.17957E+05
    0.64072E-02    0.18173E+05
    0.65366E-02    0.18389E+05
    0.66686E-02    0.18604E+05
    0.68033E-02    0.18819E+05
    0.69408E-02    0.19034E+05
    0.70810E-02    0.19247E+05
    0.72240E-02    0.19459E+05
    0.73700E-02    0.19671E+05
    0.75189E-02    0.19881E+05
    0.76708E-02    0.20089E+05
    0.78257E-02    0.20296E+05
    0.79838E-02    0.20501E+05
    0.81451E-02    0.20704E+05
    0.83096E-02    0.20906E+05
    0.84775E-02    0.21105E+05
    0.86488E-02    0.21301E+05
    0.88235E-02    0.21495E+05
    0.90017E-02    0.21686E+05
    0.91836E-02    0.21874E+05
    0.93691E-02    0.22059E+05
    0.95583E-02    0.22240E+05
    0.97514E-02    0.22417E+05
    0.99484E-02    0.22591E+05
    0.10149E-01    0.22760E+05
    0.10354E-01    0.22925E+05
    0.10564E-01    0.23086E+05
    0.10777E-01    0.23241E+05
    0.10995E-01    0.23392E+05
    0.11217E-01    0.23537E+05
    0.11443E-01    0.23676E+05
    0.11675E-01    0.23810E+05
    0.11910E-01    0.23937E+05
    0.12151E-01    0.24058E+05
    0.12397E-01    0.24173E+05
    0.12647E-01    0.24280E+05
    0.12902E-01    0.24380E+05
    0.13163E-01    0.24473E+05
    0.13429E-01    0.24558E+05
    0.13700E-01    0.24635E+05
    0.13977E-01    0.24704E+05
    0.14259E-01    0.24764E+05
    0.14547E-01    0.24816E+05
    0.14841E-01    0.24858E+05
    0.15141E-01    0.24891E+05
    0.15447E-01    0.24915E+05
    0.15759E-01    0.24928E+05
    0.16077E-01    0.24932E+05
    0.16402E-01    0.24925E+05
    0.16734E-01    0.24908E+05
    0.17072E-01    0.24880E+05
    0.17416E-01    0.24841E+05
    0.17768E-01    0.24790E+05
    0.18127E-01    0.24729E+05
    0.18493E-01    0.24656E+05
    0.18867E-01    0.24572E+05
    0.19248E-01    0.24475E+05
    0.19637E-01    0.24367E+05
    0.20034E-01    0.24248E+05
    0.20438E-01    0.24116E+05
    0.20851E-01    0.23972E+05
    0.21272E-01    0.23817E+05
    0.21702E-01    0.23649E+05
    0.22141E-01    0.23470E+05
    0.22588E-01    0.23279E+05
    0.23044E-01    0.23077E+05
    0.23510E-01    0.22863E+05
    0.23985E-01    0.22638E+05
    0.24469E-01    0.22403E+05
    0.24964E-01    0.22157E+05
    0.25468E-01    0.21901E+05
    0.25982E-01    0.21635E+05
    0.26507E-01    0.21360E+05
    0.27043E-01    0.21076E+05
    0.27589E-01    0.20784E+05
    0.28146E-01    0.20484E+05
    0.28715E-01    0.20178E+05
    0.29295E-01    0.19865E+05
    0.29887E-01    0.19546E+05
    0.30490E-01    0.19223E+05
    0.31106E-01    0.18896E+05
    0.31735E-01    0.18565E+05
    0.32376E-01    0.18232E+05
    0.33030E-01    0.17898E+05
    0.33697E-01    0.17563E+05
    0.34378E-01    0.17228E+05
    0.35072E-01    0.16894E+05
    0.35781E-01    0.16562E+05
    0.36504E-01    0.16233E+05
    0.37241E-01    0.15909E+05
    0.37993E-01    0.15589E+05
    0.38761E-01    0.15275E+05
    0.39544E-01    0.14968E+05
    0.40343E-01    0.14667E+05
    0.41158E-01    0.14374E+05
    0.41989E-01    0.14089E+05
    0.42838E-01    0.13813E+05
    0.43703E-01    0.13545E+05
    0.44586E-01    0.13286E+05
    0.45486E-01    0.13038E+05
    0.46405E-01    0.12801E+05
    0.47343E-01    0.12577E+05
    0.48299E-01    0.12365E+05
    0.49275E-01    0.12163E+05
    0.50270E-01    0.11972E+05
    0.51286E-01    0.11789E+05
    0.52322E-01    0.11615E+05
    0.53379E-01    0.11447E+05
    0.54457E-01    0.11287E+05
    0.55557E-01    0.11131E+05
    0.56680E-01    0.10980E+05
    0.57825E-01    0.10833E+05
    0.58993E-01    0.10688E+05
    0.60184E-01    0.10546E+05
    0.61400E-01    0.10404E+05
    0.62641E-01    0.10260E+05
    0.63906E-01    0.10114E+05
    0.65197E-01    0.99630E+04
    0.66514E-01    0.98055E+04
    0.67858E-01    0.96398E+04
    0.69229E-01    0.94646E+04
    0.70627E-01    0.92786E+04
    0.72054E-01    0.90812E+04
    0.73510E-01    0.88720E+04
    0.74994E-01    0.86511E+04
    0.76509E-01    0.84194E+04
    0.78055E-01    0.81779E+04
    0.79632E-01    0.79283E+04
    0.81241E-01    0.76726E+04
    0.82882E-01    0.74131E+04
    0.84556E-01    0.71520E+04
    0.86264E-01    0.68918E+04
    0.88007E-01    0.66347E+04
    0.89785E-01    0.63833E+04
    0.91598E-01    0.61396E+04
    0.93449E-01    0.59061E+04
    0.95337E-01    0.56850E+04
    0.97263E-01    0.54781E+04
    0.99227E-01    0.52872E+04
    0.10123E+00    0.51137E+04
    0.10328E+00    0.49583E+04
    0.10536E+00    0.48206E+04
    0.10749E+00    0.47002E+04
    0.10966E+00    0.45950E+04
    0.11188E+00    0.45028E+04
    0.11414E+00    0.44206E+04
    0.11644E+00    0.43450E+04
    0.11880E+00    0.42724E+04
    0.12120E+00    0.41994E+04
    0.12365E+00    0.41226E+04
    0.12614E+00    0.40394E+04
    0.12869E+00    0.39474E+04
    0.13129E+00    0.38453E+04
    0.13394E+00    0.37324E+04
    0.13665E+00    0.36092E+04
    0.13941E+00    0.34769E+04
    0.14223E+00    0.33377E+04
    0.14510E+00    0.31944E+04
    0.14803E+00    0.30504E+04
    0.15102E+00    0.29095E+04
    0.15407E+00    0.27757E+04
    0.15718E+00    0.26524E+04
    0.16036E+00    0.25424E+04
    0.16360E+00    0.24471E+04
    0.16690E+00    0.23662E+04
    0.17028E+00    0.22979E+04
    0.17371E+00    0.22400E+04
    0.17722E+00    0.21893E+04
    0.18080E+00    0.21428E+04
    0.18446E+00    0.20968E+04
    0.18818E+00    0.20479E+04
    0.19198E+00    0.19930E+04
    0.19586E+00    0.19303E+04
    0.19982E+00    0.18597E+04
    0.20386E+00    0.17831E+04
    0.20797E+00    0.17035E+04
    0.21218E+00    0.16240E+04
    0.21646E+00    0.15477E+04
    0.22083E+00    0.14776E+04
    0.22530E+00    0.14155E+04
    0.22985E+00    0.13624E+04
    0.23449E+00    0.13175E+04
    0.23923E+00    0.12791E+04
    0.24406E+00    0.12444E+04
    0.24899E+00    0.12104E+04
    0.25402E+00    0.11744E+04
    0.25915E+00    0.11348E+04
    0.26439E+00    0.10913E+04
    0.26973E+00    0.10451E+04
    0.27518E+00    0.99824E+03
    0.28074E+00    0.95280E+03
    0.28641E+00    0.91090E+03
    0.29219E+00    0.87383E+03
    0.29810E+00    0.84158E+03
    0.30412E+00    0.81302E+03
    0.31026E+00    0.78649E+03
    0.31653E+00    0.76026E+03
    0.32292E+00    0.73298E+03
    0.32945E+00    0.70412E+03
    0.33610E+00    0.67430E+03
    0.34289E+00    0.64483E+03
    0.34982E+00    0.61694E+03
    0.35689E+00    0.59141E+03
    0.36409E+00    0.56839E+03
    0.37145E+00    0.54733E+03
    0.37895E+00    0.52720E+03
    0.38661E+00    0.50717E+03
    0.39442E+00    0.48684E+03
    0.40239E+00    0.46639E+03
    0.41052E+00    0.44644E+03
    0.41881E+00    0.42760E+03
    0.42727E+00    0.41011E+03
    0.43590E+00    0.39381E+03
    0.44471E+00    0.37830E+03
    0.45369E+00    0.36312E+03
    0.46286E+00    0.34810E+03
    0.47221E+00    0.33338E+03
    0.48174E+00    0.31924E+03
    0.49148E+00    0.30588E+03
    0.50141E+00    0.29327E+03
    0.51153E+00    0.28122E+03
    0.52187E+00    0.26955E+03
    0.53241E+00    0.25817E+03
    0.54317E+00    0.24718E+03
    0.55414E+00    0.23667E+03
    0.56533E+00    0.22667E+03
    0.57675E+00    0.21714E+03
    0.58840E+00    0.20792E+03
    0.60029E+00    0.19903E+03
    0.61242E+00    0.19048E+03
    0.62479E+00    0.18231E+03
    0.63741E+00    0.17449E+03
    0.65029E+00    0.16699E+03
    0.66342E+00    0.15979E+03
    0.67683E+00    0.15288E+03
    0.69050E+00    0.14626E+03
    0.70445E+00    0.13990E+03
    0.71868E+00    0.13381E+03
    0.73320E+00    0.12796E+03
    0.74801E+00    0.12236E+03
    0.76312E+00    0.11699E+03
    0.77854E+00    0.11185E+03
    0.79426E+00    0.10693E+03
    0.81031E+00    0.10221E+03
    0.82668E+00    0.97687E+02
    0.84338E+00    0.93360E+02
    0.86041E+00    0.89216E+02
    0.87780E+00    0.85249E+02
    0.89553E+00    0.81451E+02
    0.91362E+00    0.77815E+02
    0.93208E+00    0.74336E+02
    0.95091E+00    0.71006E+02
    0.97011E+00    0.67819E+02
    0.98971E+00    0.64769E+02
    0.10097E+01    0.61851E+02
    0.10301E+01    0.59060E+02
    0.10509E+01    0.56390E+02
    0.10721E+01    0.53836E+02
    0.10938E+01    0.51393E+02
    0.11159E+01    0.49057E+02
    0.11384E+01    0.46824E+02
    0.11614E+01    0.44688E+02
    0.11849E+01    0.42647E+02
    0.12088E+01    0.40695E+02
    0.12333E+01    0.38830E+02
    0.12582E+01    0.37047E+02
    0.12836E+01    0.35344E+02
    0.13095E+01    0.33716E+02
    0.13360E+01    0.32161E+02
    0.13630E+01    0.30675E+02
    0.13905E+01    0.29256E+02
    0.14186E+01    0.27901E+02
    0.14472E+01    0.26606E+02
    0.14765E+01    0.25370E+02
    0.15063E+01    0.24189E+02
    0.15367E+01    0.23062E+02
    0.15678E+01    0.21986E+02
    0.15994E+01    0.20959E+02
    0.16318E+01    0.19978E+02
    0.16647E+01    0.19043E+02
    0.16984E+01    0.18149E+02
    0.17327E+01    0.17296E+02
    0.17677E+01    0.16483E+02
    0.18034E+01    0.15706E+02
    0.18398E+01    0.14965E+02
    0.18770E+01    0.14258E+02
    0.19149E+01    0.13583E+02
    0.19536E+01    0.12939E+02
    0.19930E+01    0.12324E+02
    0.20333E+01    0.11738E+02
    0.20744E+01    0.11180E+02
    0.21163E+01    0.10647E+02
    0.21590E+01    0.10139E+02
    0.22026E+01    0.96549E+01
    0.22471E+01    0.91937E+01
    0.22925E+01    0.87542E+01
    0.23388E+01    0.83356E+01
    0.23861E+01    0.79369E+01
