    0.10000E-03    0.97919E+03
    0.10202E-03    0.99831E+03
    0.10408E-03    0.10178E+04
    0.10618E-03    0.10377E+04
    0.10833E-03    0.10579E+04
    0.11052E-03    0.10786E+04
    0.11275E-03    0.10996E+04
    0.11503E-03    0.11211E+04
    0.11735E-03    0.11430E+04
    0.11972E-03    0.11653E+04
    0.12214E-03    0.11881E+04
    0.12461E-03    0.12112E+04
    0.12712E-03    0.12349E+04
    0.12969E-03    0.12590E+04
    0.13231E-03    0.12835E+04
    0.13499E-03    0.13086E+04
    0.13771E-03    0.13341E+04
    0.14049E-03    0.13601E+04
    0.14333E-03    0.13866E+04
    0.14623E-03    0.14137E+04
    0.14918E-03    0.14413E+04
    0.15220E-03    0.14693E+04
    0.15527E-03    0.14980E+04
    0.15841E-03    0.15272E+04
    0.16161E-03    0.15570E+04
    0.16487E-03    0.15873E+04
    0.16820E-03    0.16182E+04
    0.17160E-03    0.16497E+04
    0.17507E-03    0.16819E+04
    0.17860E-03    0.17146E+04
    0.18221E-03    0.17480E+04
    0.18589E-03    0.17821E+04
    0.18965E-03    0.18167E+04
    0.19348E-03    0.18521E+04
    0.19739E-03    0.18881E+04
    0.20138E-03    0.19249E+04
    0.20544E-03    0.19623E+04
    0.20959E-03    0.20005E+04
    0.21383E-03    0.20394E+04
    0.21815E-03    0.20790E+04
    0.22255E-03    0.21194E+04
    0.22705E-03    0.21606E+04
    0.23164E-03    0.22026E+04
    0.23632E-03    0.22453E+04
    0.24109E-03    0.22889E+04
    0.24596E-03    0.23333E+04
    0.25093E-03    0.23786E+04
    0.25600E-03    0.24247E+04
    0.26117E-03    0.24718E+04
    0.26645E-03    0.25197E+04
    0.27183E-03    0.25685E+04
    0.27732E-03    0.26182E+04
    0.28292E-03    0.26689E+04
    0.28864E-03    0.27206E+04
    0.29447E-03    0.27732E+04
    0.30042E-03    0.28269E+04
    0.30649E-03    0.28815E+04
    0.31268E-03    0.29372E+04
    0.31899E-03    0.29939E+04
    0.32544E-03    0.30517E+04
    0.33201E-03    0.31106E+04
    0.33872E-03    0.31706E+04
    0.34556E-03    0.32318E+04
    0.35254E-03    0.32940E+04
    0.35966E-03    0.33575E+04
    0.36693E-03    0.34221E+04
    0.37434E-03    0.34879E+04
    0.38190E-03    0.35549E+04
    0.38962E-03    0.36232E+04
    0.39749E-03    0.36928E+04
    0.40552E-03    0.37637E+04
    0.41371E-03    0.38358E+04
    0.42207E-03    0.39093E+04
    0.43060E-03    0.39841E+04
    0.43929E-03    0.40604E+04
    0.44817E-03    0.41380E+04
    0.45722E-03    0.42170E+04
    0.46646E-03    0.42975E+04
    0.47588E-03    0.43794E+04
    0.48550E-03    0.44629E+04
    0.49530E-03    0.45478E+04
    0.50531E-03    0.46343E+04
    0.51552E-03    0.47223E+04
    0.52593E-03    0.48120E+04
    0.53656E-03    0.49032E+04
    0.54739E-03    0.49961E+04
    0.55845E-03    0.50906E+04
    0.56973E-03    0.51868E+04
    0.58124E-03    0.52847E+04
    0.59299E-03    0.53843E+04
    0.60496E-03    0.54857E+04
    0.61719E-03    0.55889E+04
    0.62965E-03    0.56939E+04
    0.64237E-03    0.58007E+04
    0.65535E-03    0.59093E+04
    0.66859E-03    0.60199E+04
    0.68210E-03    0.61323E+04
    0.69588E-03    0.62467E+04
    0.70993E-03    0.63631E+04
    0.72427E-03    0.64814E+04
    0.73891E-03    0.66017E+04
    0.75383E-03    0.67241E+04
    0.76906E-03    0.68485E+04
    0.78460E-03    0.69750E+04
    0.80045E-03    0.71037E+04
    0.81662E-03    0.72344E+04
    0.83311E-03    0.73673E+04
    0.84994E-03    0.75024E+04
    0.86711E-03    0.76397E+04
    0.88463E-03    0.77792E+04
    0.90250E-03    0.79210E+04
    0.92073E-03    0.80651E+04
    0.93933E-03    0.82114E+04
    0.95831E-03    0.83601E+04
    0.97767E-03    0.85111E+04
    0.99742E-03    0.86645E+04
    0.10176E-02    0.88202E+04
    0.10381E-02    0.89784E+04
    0.10591E-02    0.91390E+04
    0.10805E-02    0.93020E+04
    0.11023E-02    0.94675E+04
    0.11246E-02    0.96354E+04
    0.11473E-02    0.98058E+04
    0.11705E-02    0.99788E+04
    0.11941E-02    0.10154E+05
    0.12182E-02    0.10332E+05
    0.12429E-02    0.10513E+05
    0.12680E-02    0.10696E+05
    0.12936E-02    0.10881E+05
    0.13197E-02    0.11070E+05
    0.13464E-02    0.11260E+05
    0.13736E-02    0.11454E+05
    0.14013E-02    0.11650E+05
    0.14296E-02    0.11848E+05
    0.14585E-02    0.12049E+05
    0.14880E-02    0.12253E+05
    0.15180E-02    0.12459E+05
    0.15487E-02    0.12668E+05
    0.15800E-02    0.12880E+05
    0.16119E-02    0.13094E+05
    0.16445E-02    0.13310E+05
    0.16777E-02    0.13530E+05
    0.17116E-02    0.13751E+05
    0.17462E-02    0.13975E+05
    0.17814E-02    0.14202E+05
    0.18174E-02    0.14431E+05
    0.18541E-02    0.14663E+05
    0.18916E-02    0.14897E+05
    0.19298E-02    0.15134E+05
    0.19688E-02    0.15372E+05
    0.20086E-02    0.15614E+05
    0.20491E-02    0.15857E+05
    0.20905E-02    0.16103E+05
    0.21328E-02    0.16351E+05
    0.21758E-02    0.16602E+05
    0.22198E-02    0.16854E+05
    0.22646E-02    0.17108E+05
    0.23104E-02    0.17365E+05
    0.23571E-02    0.17624E+05
    0.24047E-02    0.17884E+05
    0.24533E-02    0.18147E+05
    0.25028E-02    0.18411E+05
    0.25534E-02    0.18677E+05
    0.26050E-02    0.18945E+05
    0.26576E-02    0.19214E+05
    0.27113E-02    0.19485E+05
    0.27660E-02    0.19757E+05
    0.28219E-02    0.20031E+05
    0.28789E-02    0.20306E+05
    0.29371E-02    0.20582E+05
    0.29964E-02    0.20859E+05
    0.30569E-02    0.21138E+05
    0.31187E-02    0.21417E+05
    0.31817E-02    0.21697E+05
    0.32460E-02    0.21977E+05
    0.33115E-02    0.22259E+05
    0.33784E-02    0.22540E+05
    0.34467E-02    0.22822E+05
    0.35163E-02    0.23105E+05
    0.35874E-02    0.23387E+05
    0.36598E-02    0.23669E+05
    0.37338E-02    0.23951E+05
    0.38092E-02    0.24233E+05
    0.38861E-02    0.24514E+05
    0.39646E-02    0.24795E+05
    0.40447E-02    0.25075E+05
    0.41264E-02    0.25353E+05
    0.42098E-02    0.25631E+05
    0.42948E-02    0.25907E+05
    0.43816E-02    0.26182E+05
    0.44701E-02    0.26456E+05
    0.45604E-02    0.26727E+05
    0.46525E-02    0.26997E+05
    0.47465E-02    0.27264E+05
    0.48424E-02    0.27529E+05
    0.49402E-02    0.27792E+05
    0.50400E-02    0.28052E+05
    0.51419E-02    0.28308E+05
    0.52457E-02    0.28562E+05
    0.53517E-02    0.28811E+05
    0.54598E-02    0.29057E+05
    0.55701E-02    0.29298E+05
    0.56826E-02    0.29536E+05
    0.57974E-02    0.29768E+05
    0.59145E-02    0.29996E+05
    0.60340E-02    0.30219E+05
    0.61559E-02    0.30437E+05
    0.62803E-02    0.30649E+05
    0.64072E-02    0.30856E+05
    0.65366E-02    0.31057E+05
    0.66686E-02    0.31252E+05
    0.68033E-02    0.31440E+05
    0.69408E-02    0.31621E+05
    0.70810E-02    0.31796E+05
    0.72240E-02    0.31963E+05
    0.73700E-02    0.32122E+05
    0.75189E-02    0.32273E+05
    0.76708E-02    0.32417E+05
    0.78257E-02    0.32551E+05
    0.79838E-02    0.32677E+05
    0.81451E-02    0.32794E+05
    0.83096E-02    0.32901E+05
    0.84775E-02    0.32998E+05
    0.86488E-02    0.33085E+05
    0.88235E-02    0.33162E+05
    0.90017E-02    0.33228E+05
    0.91836E-02    0.33283E+05
    0.93691E-02    0.33327E+05
    0.95583E-02    0.33359E+05
    0.97514E-02    0.33379E+05
    0.99484E-02    0.33387E+05
    0.10149E-01    0.33383E+05
    0.10354E-01    0.33365E+05
    0.10564E-01    0.33334E+05
    0.10777E-01    0.33290E+05
    0.10995E-01    0.33232E+05
    0.11217E-01    0.33160E+05
    0.11443E-01    0.33074E+05
    0.11675E-01    0.32973E+05
    0.11910E-01    0.32857E+05
    0.12151E-01    0.32727E+05
    0.12397E-01    0.32580E+05
    0.12647E-01    0.32419E+05
    0.12902E-01    0.32241E+05
    0.13163E-01    0.32048E+05
    0.13429E-01    0.31839E+05
    0.13700E-01    0.31613E+05
    0.13977E-01    0.31371E+05
    0.14259E-01    0.31113E+05
    0.14547E-01    0.30838E+05
    0.14841E-01    0.30547E+05
    0.15141E-01    0.30239E+05
    0.15447E-01    0.29915E+05
    0.15759E-01    0.29574E+05
    0.16077E-01    0.29218E+05
    0.16402E-01    0.28845E+05
    0.16734E-01    0.28456E+05
    0.17072E-01    0.28052E+05
    0.17416E-01    0.27633E+05
    0.17768E-01    0.27198E+05
    0.18127E-01    0.26749E+05
    0.18493E-01    0.26286E+05
    0.18867E-01    0.25810E+05
    0.19248E-01    0.25321E+05
    0.19637E-01    0.24819E+05
    0.20034E-01    0.24306E+05
    0.20438E-01    0.23783E+05
    0.20851E-01    0.23249E+05
    0.21272E-01    0.22707E+05
    0.21702E-01    0.22156E+05
    0.22141E-01    0.21599E+05
    0.22588E-01    0.21036E+05
    0.23044E-01    0.20468E+05
    0.23510E-01    0.19897E+05
    0.23985E-01    0.19323E+05
    0.24469E-01    0.18749E+05
    0.24964E-01    0.18175E+05
    0.25468E-01    0.17602E+05
    0.25982E-01    0.17033E+05
    0.26507E-01    0.16468E+05
    0.27043E-01    0.15909E+05
    0.27589E-01    0.15358E+05
    0.28146E-01    0.14815E+05
    0.28715E-01    0.14283E+05
    0.29295E-01    0.13761E+05
    0.29887E-01    0.13253E+05
    0.30490E-01    0.12758E+05
    0.31106E-01    0.12278E+05
    0.31735E-01    0.11813E+05
    0.32376E-01    0.11366E+05
    0.33030E-01    0.10938E+05
    0.33697E-01    0.10529E+05
    0.34378E-01    0.10140E+05
    0.35072E-01    0.97710E+04
    0.35781E-01    0.94233E+04
    0.36504E-01    0.90967E+04
    0.37241E-01    0.87912E+04
    0.37993E-01    0.85067E+04
    0.38761E-01    0.82433E+04
    0.39544E-01    0.80009E+04
    0.40343E-01    0.77797E+04
    0.41158E-01    0.75794E+04
    0.41989E-01    0.74001E+04
    0.42838E-01    0.72408E+04
    0.43703E-01    0.70995E+04
    0.44586E-01    0.69747E+04
    0.45486E-01    0.68650E+04
    0.46405E-01    0.67690E+04
    0.47343E-01    0.66857E+04
    0.48299E-01    0.66139E+04
    0.49275E-01    0.65528E+04
    0.50270E-01    0.65009E+04
    0.51286E-01    0.64557E+04
    0.52322E-01    0.64147E+04
    0.53379E-01    0.63753E+04
    0.54457E-01    0.63349E+04
    0.55557E-01    0.62900E+04
    0.56680E-01    0.62378E+04
    0.57825E-01    0.61753E+04
    0.58993E-01    0.61000E+04
    0.60184E-01    0.60095E+04
    0.61400E-01    0.59019E+04
    0.62641E-01    0.57763E+04
    0.63906E-01    0.56321E+04
    0.65197E-01    0.54692E+04
    0.66514E-01    0.52886E+04
    0.67858E-01    0.50915E+04
    0.69229E-01    0.48797E+04
    0.70627E-01    0.46557E+04
    0.72054E-01    0.44222E+04
    0.73510E-01    0.41824E+04
    0.74994E-01    0.39401E+04
    0.76509E-01    0.36990E+04
    0.78055E-01    0.34632E+04
    0.79632E-01    0.32369E+04
    0.81241E-01    0.30239E+04
    0.82882E-01    0.28276E+04
    0.84556E-01    0.26507E+04
    0.86264E-01    0.24949E+04
    0.88007E-01    0.23613E+04
    0.89785E-01    0.22506E+04
    0.91598E-01    0.21621E+04
    0.93449E-01    0.20945E+04
    0.95337E-01    0.20464E+04
    0.97263E-01    0.20150E+04
    0.99227E-01    0.19976E+04
    0.10123E+00    0.19910E+04
    0.10328E+00    0.19912E+04
    0.10536E+00    0.19943E+04
    0.10749E+00    0.19960E+04
    0.10966E+00    0.19921E+04
    0.11188E+00    0.19784E+04
    0.11414E+00    0.19517E+04
    0.11644E+00    0.19094E+04
    0.11880E+00    0.18501E+04
    0.12120E+00    0.17742E+04
    0.12365E+00    0.16834E+04
    0.12614E+00    0.15814E+04
    0.12869E+00    0.14731E+04
    0.13129E+00    0.13643E+04
    0.13394E+00    0.12606E+04
    0.13665E+00    0.11663E+04
    0.13941E+00    0.10844E+04
    0.14223E+00    0.10168E+04
    0.14510E+00    0.96414E+03
    0.14803E+00    0.92655E+03
    0.15102E+00    0.90295E+03
    0.15407E+00    0.89103E+03
    0.15718E+00    0.88694E+03
    0.16036E+00    0.88609E+03
    0.16360E+00    0.88396E+03
    0.16690E+00    0.87673E+03
    0.17028E+00    0.86142E+03
    0.17371E+00    0.83614E+03
    0.17722E+00    0.80053E+03
    0.18080E+00    0.75634E+03
    0.18446E+00    0.70696E+03
    0.18818E+00    0.65649E+03
    0.19198E+00    0.60893E+03
    0.19586E+00    0.56760E+03
    0.19982E+00    0.53472E+03
    0.20386E+00    0.51097E+03
    0.20797E+00    0.49539E+03
    0.21218E+00    0.48576E+03
    0.21646E+00    0.47912E+03
    0.22083E+00    0.47246E+03
    0.22530E+00    0.46309E+03
    0.22985E+00    0.44904E+03
    0.23449E+00    0.42969E+03
    0.23923E+00    0.40625E+03
    0.24406E+00    0.38118E+03
    0.24899E+00    0.35700E+03
    0.25402E+00    0.33585E+03
    0.25915E+00    0.31904E+03
    0.26439E+00    0.30667E+03
    0.26973E+00    0.29763E+03
    0.27518E+00    0.29013E+03
    0.28074E+00    0.28228E+03
    0.28641E+00    0.27280E+03
    0.29219E+00    0.26116E+03
    0.29810E+00    0.24784E+03
    0.30412E+00    0.23415E+03
    0.31026E+00    0.22144E+03
    0.31653E+00    0.21066E+03
    0.32292E+00    0.20195E+03
    0.32945E+00    0.19473E+03
    0.33610E+00    0.18809E+03
    0.34289E+00    0.18113E+03
    0.34982E+00    0.17342E+03
    0.35689E+00    0.16513E+03
    0.36409E+00    0.15684E+03
    0.37145E+00    0.14918E+03
    0.37895E+00    0.14252E+03
    0.38661E+00    0.13667E+03
    0.39442E+00    0.13126E+03
    0.40239E+00    0.12587E+03
    0.41052E+00    0.12029E+03
    0.41881E+00    0.11464E+03
    0.42727E+00    0.10922E+03
    0.43590E+00    0.10425E+03
    0.44471E+00    0.99709E+02
    0.45369E+00    0.95460E+02
    0.46286E+00    0.91303E+02
    0.47221E+00    0.87174E+02
    0.48174E+00    0.83147E+02
    0.49148E+00    0.79343E+02
    0.50141E+00    0.75784E+02
    0.51153E+00    0.72414E+02
    0.52187E+00    0.69180E+02
    0.53241E+00    0.66039E+02
    0.54317E+00    0.63006E+02
    0.55414E+00    0.60128E+02
    0.56533E+00    0.57403E+02
    0.57675E+00    0.54801E+02
    0.58840E+00    0.52308E+02
    0.60029E+00    0.49921E+02
    0.61242E+00    0.47636E+02
    0.62479E+00    0.45450E+02
    0.63741E+00    0.43358E+02
    0.65029E+00    0.41359E+02
    0.66342E+00    0.39448E+02
    0.67683E+00    0.37622E+02
    0.69050E+00    0.35878E+02
    0.70445E+00    0.34212E+02
    0.71868E+00    0.32622E+02
    0.73320E+00    0.31105E+02
    0.74801E+00    0.29657E+02
    0.76312E+00    0.28274E+02
    0.77854E+00    0.26955E+02
    0.79426E+00    0.25696E+02
    0.81031E+00    0.24494E+02
    0.82668E+00    0.23347E+02
    0.84338E+00    0.22252E+02
    0.86041E+00    0.21207E+02
    0.87780E+00    0.20210E+02
    0.89553E+00    0.19259E+02
    0.91362E+00    0.18351E+02
    0.93208E+00    0.17484E+02
    0.95091E+00    0.16658E+02
    0.97011E+00    0.15869E+02
    0.98971E+00    0.15117E+02
    0.10097E+01    0.14399E+02
    0.10301E+01    0.13715E+02
    0.10509E+01    0.13062E+02
    0.10721E+01    0.12440E+02
    0.10938E+01    0.11846E+02
    0.11159E+01    0.11280E+02
    0.11384E+01    0.10741E+02
    0.11614E+01    0.10227E+02
    0.11849E+01    0.97369E+01
    0.12088E+01    0.92698E+01
    0.12333E+01    0.88246E+01
    0.12582E+01    0.84003E+01
    0.12836E+01    0.79960E+01
    0.13095E+01    0.76108E+01
    0.13360E+01    0.72437E+01
    0.13630E+01    0.68940E+01
    0.13905E+01    0.65608E+01
    0.14186E+01    0.62434E+01
    0.14472E+01    0.59411E+01
    0.14765E+01    0.56531E+01
    0.15063E+01    0.53788E+01
    0.15367E+01    0.51175E+01
    0.15678E+01    0.48686E+01
    0.15994E+01    0.46315E+01
    0.16318E+01    0.44058E+01
    0.16647E+01    0.41908E+01
    0.16984E+01    0.39861E+01
    0.17327E+01    0.37911E+01
    0.17677E+01    0.36055E+01
    0.18034E+01    0.34287E+01
    0.18398E+01    0.32605E+01
    0.18770E+01    0.31004E+01
    0.19149E+01    0.29480E+01
    0.19536E+01    0.28031E+01
    0.19930E+01    0.26651E+01
    0.20333E+01    0.25340E+01
    0.20744E+01    0.24092E+01
    0.21163E+01    0.22905E+01
    0.21590E+01    0.21777E+01
