    0.10000E-03    0.93912E+03
    0.10202E-03    0.95747E+03
    0.10408E-03    0.97616E+03
    0.10618E-03    0.99522E+03
    0.10833E-03    0.10147E+04
    0.11052E-03    0.10345E+04
    0.11275E-03    0.10547E+04
    0.11503E-03    0.10753E+04
    0.11735E-03    0.10962E+04
    0.11972E-03    0.11176E+04
    0.12214E-03    0.11395E+04
    0.12461E-03    0.11617E+04
    0.12712E-03    0.11844E+04
    0.12969E-03    0.12075E+04
    0.13231E-03    0.12310E+04
    0.13499E-03    0.12551E+04
    0.13771E-03    0.12795E+04
    0.14049E-03    0.13045E+04
    0.14333E-03    0.13300E+04
    0.14623E-03    0.13559E+04
    0.14918E-03    0.13823E+04
    0.15220E-03    0.14093E+04
    0.15527E-03    0.14368E+04
    0.15841E-03    0.14648E+04
    0.16161E-03    0.14933E+04
    0.16487E-03    0.15224E+04
    0.16820E-03    0.15521E+04
    0.17160E-03    0.15823E+04
    0.17507E-03    0.16132E+04
    0.17860E-03    0.16446E+04
    0.18221E-03    0.16766E+04
    0.18589E-03    0.17093E+04
    0.18965E-03    0.17425E+04
    0.19348E-03    0.17765E+04
    0.19739E-03    0.18110E+04
    0.20138E-03    0.18463E+04
    0.20544E-03    0.18822E+04
    0.20959E-03    0.19188E+04
    0.21383E-03    0.19561E+04
    0.21815E-03    0.19942E+04
    0.22255E-03    0.20329E+04
    0.22705E-03    0.20724E+04
    0.23164E-03    0.21127E+04
    0.23632E-03    0.21537E+04
    0.24109E-03    0.21956E+04
    0.24596E-03    0.22382E+04
    0.25093E-03    0.22816E+04
    0.25600E-03    0.23259E+04
    0.26117E-03    0.23710E+04
    0.26645E-03    0.24170E+04
    0.27183E-03    0.24639E+04
    0.27732E-03    0.25116E+04
    0.28292E-03    0.25603E+04
    0.28864E-03    0.26098E+04
    0.29447E-03    0.26604E+04
    0.30042E-03    0.27118E+04
    0.30649E-03    0.27643E+04
    0.31268E-03    0.28177E+04
    0.31899E-03    0.28722E+04
    0.32544E-03    0.29277E+04
    0.33201E-03    0.29842E+04
    0.33872E-03    0.30418E+04
    0.34556E-03    0.31005E+04
    0.35254E-03    0.31603E+04
    0.35966E-03    0.32212E+04
    0.36693E-03    0.32832E+04
    0.37434E-03    0.33464E+04
    0.38190E-03    0.34108E+04
    0.38962E-03    0.34763E+04
    0.39749E-03    0.35431E+04
    0.40552E-03    0.36112E+04
    0.41371E-03    0.36805E+04
    0.42207E-03    0.37511E+04
    0.43060E-03    0.38229E+04
    0.43929E-03    0.38961E+04
    0.44817E-03    0.39707E+04
    0.45722E-03    0.40466E+04
    0.46646E-03    0.41239E+04
    0.47588E-03    0.42026E+04
    0.48550E-03    0.42828E+04
    0.49530E-03    0.43644E+04
    0.50531E-03    0.44475E+04
    0.51552E-03    0.45321E+04
    0.52593E-03    0.46182E+04
    0.53656E-03    0.47059E+04
    0.54739E-03    0.47951E+04
    0.55845E-03    0.48860E+04
    0.56973E-03    0.49785E+04
    0.58124E-03    0.50726E+04
    0.59299E-03    0.51684E+04
    0.60496E-03    0.52658E+04
    0.61719E-03    0.53651E+04
    0.62965E-03    0.54660E+04
    0.64237E-03    0.55687E+04
    0.65535E-03    0.56732E+04
    0.66859E-03    0.57796E+04
    0.68210E-03    0.58877E+04
    0.69588E-03    0.59978E+04
    0.70993E-03    0.61097E+04
    0.72427E-03    0.62236E+04
    0.73891E-03    0.63394E+04
    0.75383E-03    0.64571E+04
    0.76906E-03    0.65769E+04
    0.78460E-03    0.66987E+04
    0.80045E-03    0.68225E+04
    0.81662E-03    0.69484E+04
    0.83311E-03    0.70764E+04
    0.84994E-03    0.72065E+04
    0.86711E-03    0.73387E+04
    0.88463E-03    0.74731E+04
    0.90250E-03    0.76097E+04
    0.92073E-03    0.77485E+04
    0.93933E-03    0.78896E+04
    0.95831E-03    0.80329E+04
    0.97767E-03    0.81784E+04
    0.99742E-03    0.83263E+04
    0.10176E-02    0.84765E+04
    0.10381E-02    0.86290E+04
    0.10591E-02    0.87839E+04
    0.10805E-02    0.89411E+04
    0.11023E-02    0.91008E+04
    0.11246E-02    0.92628E+04
    0.11473E-02    0.94273E+04
    0.11705E-02    0.95943E+04
    0.11941E-02    0.97637E+04
    0.12182E-02    0.99356E+04
    0.12429E-02    0.10110E+05
    0.12680E-02    0.10287E+05
    0.12936E-02    0.10466E+05
    0.13197E-02    0.10648E+05
    0.13464E-02    0.10832E+05
    0.13736E-02    0.11019E+05
    0.14013E-02    0.11209E+05
    0.14296E-02    0.11401E+05
    0.14585E-02    0.11596E+05
    0.14880E-02    0.11793E+05
    0.15180E-02    0.11993E+05
    0.15487E-02    0.12195E+05
    0.15800E-02    0.12400E+05
    0.16119E-02    0.12607E+05
    0.16445E-02    0.12817E+05
    0.16777E-02    0.13029E+05
    0.17116E-02    0.13244E+05
    0.17462E-02    0.13462E+05
    0.17814E-02    0.13682E+05
    0.18174E-02    0.13904E+05
    0.18541E-02    0.14129E+05
    0.18916E-02    0.14356E+05
    0.19298E-02    0.14586E+05
    0.19688E-02    0.14818E+05
    0.20086E-02    0.15053E+05
    0.20491E-02    0.15290E+05
    0.20905E-02    0.15529E+05
    0.21328E-02    0.15770E+05
    0.21758E-02    0.16014E+05
    0.22198E-02    0.16260E+05
    0.22646E-02    0.16508E+05
    0.23104E-02    0.16758E+05
    0.23571E-02    0.17010E+05
    0.24047E-02    0.17264E+05
    0.24533E-02    0.17520E+05
    0.25028E-02    0.17778E+05
    0.25534E-02    0.18038E+05
    0.26050E-02    0.18299E+05
    0.26576E-02    0.18563E+05
    0.27113E-02    0.18827E+05
    0.27660E-02    0.19094E+05
    0.28219E-02    0.19362E+05
    0.28789E-02    0.19631E+05
    0.29371E-02    0.19902E+05
    0.29964E-02    0.20174E+05
    0.30569E-02    0.20447E+05
    0.31187E-02    0.20721E+05
    0.31817E-02    0.20996E+05
    0.32460E-02    0.21272E+05
    0.33115E-02    0.21548E+05
    0.33784E-02    0.21825E+05
    0.34467E-02    0.22103E+05
    0.35163E-02    0.22381E+05
    0.35874E-02    0.22659E+05
    0.36598E-02    0.22938E+05
    0.37338E-02    0.23216E+05
    0.38092E-02    0.23494E+05
    0.38861E-02    0.23773E+05
    0.39646E-02    0.24050E+05
    0.40447E-02    0.24327E+05
    0.41264E-02    0.24604E+05
    0.42098E-02    0.24879E+05
    0.42948E-02    0.25153E+05
    0.43816E-02    0.25427E+05
    0.44701E-02    0.25698E+05
    0.45604E-02    0.25969E+05
    0.46525E-02    0.26237E+05
    0.47465E-02    0.26504E+05
    0.48424E-02    0.26769E+05
    0.49402E-02    0.27032E+05
    0.50400E-02    0.27292E+05
    0.51419E-02    0.27550E+05
    0.52457E-02    0.27804E+05
    0.53517E-02    0.28055E+05
    0.54598E-02    0.28302E+05
    0.55701E-02    0.28546E+05
    0.56826E-02    0.28785E+05
    0.57974E-02    0.29021E+05
    0.59145E-02    0.29252E+05
    0.60340E-02    0.29479E+05
    0.61559E-02    0.29700E+05
    0.62803E-02    0.29917E+05
    0.64072E-02    0.30129E+05
    0.65366E-02    0.30335E+05
    0.66686E-02    0.30535E+05
    0.68033E-02    0.30730E+05
    0.69408E-02    0.30918E+05
    0.70810E-02    0.31099E+05
    0.72240E-02    0.31273E+05
    0.73700E-02    0.31441E+05
    0.75189E-02    0.31600E+05
    0.76708E-02    0.31752E+05
    0.78257E-02    0.31896E+05
    0.79838E-02    0.32032E+05
    0.81451E-02    0.32158E+05
    0.83096E-02    0.32276E+05
    0.84775E-02    0.32384E+05
    0.86488E-02    0.32483E+05
    0.88235E-02    0.32572E+05
    0.90017E-02    0.32651E+05
    0.91836E-02    0.32719E+05
    0.93691E-02    0.32776E+05
    0.95583E-02    0.32822E+05
    0.97514E-02    0.32857E+05
    0.99484E-02    0.32880E+05
    0.10149E-01    0.32891E+05
    0.10354E-01    0.32889E+05
    0.10564E-01    0.32875E+05
    0.10777E-01    0.32848E+05
    0.10995E-01    0.32808E+05
    0.11217E-01    0.32753E+05
    0.11443E-01    0.32685E+05
    0.11675E-01    0.32603E+05
    0.11910E-01    0.32507E+05
    0.12151E-01    0.32396E+05
    0.12397E-01    0.32269E+05
    0.12647E-01    0.32128E+05
    0.12902E-01    0.31972E+05
    0.13163E-01    0.31800E+05
    0.13429E-01    0.31612E+05
    0.13700E-01    0.31408E+05
    0.13977E-01    0.31188E+05
    0.14259E-01    0.30952E+05
    0.14547E-01    0.30700E+05
    0.14841E-01    0.30432E+05
    0.15141E-01    0.30148E+05
    0.15447E-01    0.29847E+05
    0.15759E-01    0.29530E+05
    0.16077E-01    0.29197E+05
    0.16402E-01    0.28848E+05
    0.16734E-01    0.28483E+05
    0.17072E-01    0.28102E+05
    0.17416E-01    0.27706E+05
    0.17768E-01    0.27295E+05
    0.18127E-01    0.26870E+05
    0.18493E-01    0.26430E+05
    0.18867E-01    0.25976E+05
    0.19248E-01    0.25510E+05
    0.19637E-01    0.25030E+05
    0.20034E-01    0.24539E+05
    0.20438E-01    0.24037E+05
    0.20851E-01    0.23524E+05
    0.21272E-01    0.23001E+05
    0.21702E-01    0.22470E+05
    0.22141E-01    0.21931E+05
    0.22588E-01    0.21386E+05
    0.23044E-01    0.20835E+05
    0.23510E-01    0.20280E+05
    0.23985E-01    0.19721E+05
    0.24469E-01    0.19160E+05
    0.24964E-01    0.18599E+05
    0.25468E-01    0.18039E+05
    0.25982E-01    0.17480E+05
    0.26507E-01    0.16924E+05
    0.27043E-01    0.16374E+05
    0.27589E-01    0.15829E+05
    0.28146E-01    0.15292E+05
    0.28715E-01    0.14764E+05
    0.29295E-01    0.14245E+05
    0.29887E-01    0.13738E+05
    0.30490E-01    0.13244E+05
    0.31106E-01    0.12764E+05
    0.31735E-01    0.12298E+05
    0.32376E-01    0.11848E+05
    0.33030E-01    0.11416E+05
    0.33697E-01    0.11001E+05
    0.34378E-01    0.10606E+05
    0.35072E-01    0.10230E+05
    0.35781E-01    0.98739E+04
    0.36504E-01    0.95383E+04
    0.37241E-01    0.92234E+04
    0.37993E-01    0.89293E+04
    0.38761E-01    0.86561E+04
    0.39544E-01    0.84037E+04
    0.40343E-01    0.81720E+04
    0.41158E-01    0.79610E+04
    0.41989E-01    0.77707E+04
    0.42838E-01    0.76002E+04
    0.43703E-01    0.74479E+04
    0.44586E-01    0.73121E+04
    0.45486E-01    0.71915E+04
    0.46405E-01    0.70847E+04
    0.47343E-01    0.69906E+04
    0.48299E-01    0.69081E+04
    0.49275E-01    0.68364E+04
    0.50270E-01    0.67744E+04
    0.51286E-01    0.67198E+04
    0.52322E-01    0.66703E+04
    0.53379E-01    0.66234E+04
    0.54457E-01    0.65764E+04
    0.55557E-01    0.65264E+04
    0.56680E-01    0.64701E+04
    0.57825E-01    0.64046E+04
    0.58993E-01    0.63273E+04
    0.60184E-01    0.62357E+04
    0.61400E-01    0.61278E+04
    0.62641E-01    0.60023E+04
    0.63906E-01    0.58587E+04
    0.65197E-01    0.56969E+04
    0.66514E-01    0.55174E+04
    0.67858E-01    0.53216E+04
    0.69229E-01    0.51110E+04
    0.70627E-01    0.48878E+04
    0.72054E-01    0.46545E+04
    0.73510E-01    0.44141E+04
    0.74994E-01    0.41701E+04
    0.76509E-01    0.39260E+04
    0.78055E-01    0.36858E+04
    0.79632E-01    0.34538E+04
    0.81241E-01    0.32337E+04
    0.82882E-01    0.30293E+04
    0.84556E-01    0.28434E+04
    0.86264E-01    0.26781E+04
    0.88007E-01    0.25345E+04
    0.89785E-01    0.24136E+04
    0.91598E-01    0.23150E+04
    0.93449E-01    0.22377E+04
    0.95337E-01    0.21804E+04
    0.97263E-01    0.21408E+04
    0.99227E-01    0.21162E+04
    0.10123E+00    0.21033E+04
    0.10328E+00    0.20984E+04
    0.10536E+00    0.20975E+04
    0.10749E+00    0.20963E+04
    0.10966E+00    0.20906E+04
    0.11188E+00    0.20764E+04
    0.11414E+00    0.20503E+04
    0.11644E+00    0.20095E+04
    0.11880E+00    0.19523E+04
    0.12120E+00    0.18785E+04
    0.12365E+00    0.17893E+04
    0.12614E+00    0.16879E+04
    0.12869E+00    0.15787E+04
    0.13129E+00    0.14675E+04
    0.13394E+00    0.13597E+04
    0.13665E+00    0.12601E+04
    0.13941E+00    0.11723E+04
    0.14223E+00    0.10984E+04
    0.14510E+00    0.10395E+04
    0.14803E+00    0.99572E+03
    0.15102E+00    0.96627E+03
    0.15407E+00    0.94929E+03
    0.15718E+00    0.94148E+03
    0.16036E+00    0.93841E+03
    0.16360E+00    0.93533E+03
    0.16690E+00    0.92802E+03
    0.17028E+00    0.91333E+03
    0.17371E+00    0.88921E+03
    0.17722E+00    0.85486E+03
    0.18080E+00    0.81130E+03
    0.18446E+00    0.76146E+03
    0.18818E+00    0.70942E+03
    0.19198E+00    0.65933E+03
    0.19586E+00    0.61463E+03
    0.19982E+00    0.57786E+03
    0.20386E+00    0.55025E+03
    0.20797E+00    0.53137E+03
    0.21218E+00    0.51922E+03
    0.21646E+00    0.51093E+03
    0.22083E+00    0.50348E+03
    0.22530E+00    0.49401E+03
    0.22985E+00    0.48032E+03
    0.23449E+00    0.46140E+03
    0.23923E+00    0.43792E+03
    0.24406E+00    0.41203E+03
    0.24899E+00    0.38641E+03
    0.25402E+00    0.36337E+03
    0.25915E+00    0.34441E+03
    0.26439E+00    0.33003E+03
    0.26973E+00    0.31948E+03
    0.27518E+00    0.31100E+03
    0.28074E+00    0.30271E+03
    0.28641E+00    0.29305E+03
    0.29219E+00    0.28130E+03
    0.29810E+00    0.26769E+03
    0.30412E+00    0.25329E+03
    0.31026E+00    0.23955E+03
    0.31653E+00    0.22759E+03
    0.32292E+00    0.21777E+03
    0.32945E+00    0.20969E+03
    0.33610E+00    0.20246E+03
    0.34289E+00    0.19517E+03
    0.34982E+00    0.18717E+03
    0.35689E+00    0.17851E+03
    0.36409E+00    0.16970E+03
    0.37145E+00    0.16137E+03
    0.37895E+00    0.15400E+03
    0.38661E+00    0.14757E+03
    0.39442E+00    0.14170E+03
    0.40239E+00    0.13597E+03
    0.41052E+00    0.13008E+03
    0.41881E+00    0.12408E+03
    0.42727E+00    0.11823E+03
    0.43590E+00    0.11280E+03
    0.44471E+00    0.10785E+03
    0.45369E+00    0.10325E+03
    0.46286E+00    0.98804E+02
    0.47221E+00    0.94392E+02
    0.48174E+00    0.90062E+02
    0.49148E+00    0.85944E+02
    0.50141E+00    0.82079E+02
    0.51153E+00    0.78433E+02
    0.52187E+00    0.74952E+02
    0.53241E+00    0.71571E+02
    0.54317E+00    0.68299E+02
    0.55414E+00    0.65187E+02
    0.56533E+00    0.62234E+02
    0.57675E+00    0.59416E+02
    0.58840E+00    0.56717E+02
    0.60029E+00    0.54135E+02
    0.61242E+00    0.51664E+02
    0.62479E+00    0.49301E+02
    0.63741E+00    0.47041E+02
    0.65029E+00    0.44880E+02
    0.66342E+00    0.42815E+02
    0.67683E+00    0.40841E+02
    0.69050E+00    0.38956E+02
    0.70445E+00    0.37154E+02
    0.71868E+00    0.35434E+02
    0.73320E+00    0.33792E+02
    0.74801E+00    0.32224E+02
    0.76312E+00    0.30726E+02
    0.77854E+00    0.29296E+02
    0.79426E+00    0.27931E+02
    0.81031E+00    0.26628E+02
    0.82668E+00    0.25384E+02
    0.84338E+00    0.24197E+02
    0.86041E+00    0.23063E+02
    0.87780E+00    0.21982E+02
    0.89553E+00    0.20949E+02
    0.91362E+00    0.19964E+02
    0.93208E+00    0.19023E+02
    0.95091E+00    0.18126E+02
    0.97011E+00    0.17270E+02
    0.98971E+00    0.16453E+02
    0.10097E+01    0.15674E+02
    0.10301E+01    0.14931E+02
    0.10509E+01    0.14222E+02
    0.10721E+01    0.13546E+02
    0.10938E+01    0.12902E+02
    0.11159E+01    0.12287E+02
    0.11384E+01    0.11701E+02
    0.11614E+01    0.11142E+02
    0.11849E+01    0.10609E+02
    0.12088E+01    0.10101E+02
    0.12333E+01    0.96173E+01
    0.12582E+01    0.91560E+01
    0.12836E+01    0.87162E+01
    0.13095E+01    0.82972E+01
    0.13360E+01    0.78979E+01
    0.13630E+01    0.75174E+01
    0.13905E+01    0.71548E+01
    0.14186E+01    0.68094E+01
    0.14472E+01    0.64803E+01
    0.14765E+01    0.61668E+01
    0.15063E+01    0.58681E+01
    0.15367E+01    0.55836E+01
    0.15678E+01    0.53126E+01
    0.15994E+01    0.50545E+01
    0.16318E+01    0.48086E+01
    0.16647E+01    0.45744E+01
    0.16984E+01    0.43513E+01
    0.17327E+01    0.41389E+01
    0.17677E+01    0.39366E+01
    0.18034E+01    0.37440E+01
    0.18398E+01    0.35606E+01
    0.18770E+01    0.33861E+01
    0.19149E+01    0.32200E+01
    0.19536E+01    0.30619E+01
    0.19930E+01    0.29115E+01
    0.20333E+01    0.27685E+01
    0.20744E+01    0.26324E+01
    0.21163E+01    0.25030E+01
    0.21590E+01    0.23799E+01
