    0.10000E-03    0.34275E+03
    0.10202E-03    0.34945E+03
    0.10408E-03    0.35628E+03
    0.10618E-03    0.36324E+03
    0.10833E-03    0.37034E+03
    0.11052E-03    0.37758E+03
    0.11275E-03    0.38496E+03
    0.11503E-03    0.39248E+03
    0.11735E-03    0.40016E+03
    0.11972E-03    0.40798E+03
    0.12214E-03    0.41595E+03
    0.12461E-03    0.42408E+03
    0.12712E-03    0.43237E+03
    0.12969E-03    0.44082E+03
    0.13231E-03    0.44943E+03
    0.13499E-03    0.45821E+03
    0.13771E-03    0.46717E+03
    0.14049E-03    0.47630E+03
    0.14333E-03    0.48560E+03
    0.14623E-03    0.49509E+03
    0.14918E-03    0.50477E+03
    0.15220E-03    0.51463E+03
    0.15527E-03    0.52468E+03
    0.15841E-03    0.53493E+03
    0.16161E-03    0.54539E+03
    0.16487E-03    0.55604E+03
    0.16820E-03    0.56690E+03
    0.17160E-03    0.57798E+03
    0.17507E-03    0.58927E+03
    0.17860E-03    0.60078E+03
    0.18221E-03    0.61251E+03
    0.18589E-03    0.62447E+03
    0.18965E-03    0.63667E+03
    0.19348E-03    0.64910E+03
    0.19739E-03    0.66178E+03
    0.20138E-03    0.67470E+03
    0.20544E-03    0.68788E+03
    0.20959E-03    0.70131E+03
    0.21383E-03    0.71500E+03
    0.21815E-03    0.72896E+03
    0.22255E-03    0.74319E+03
    0.22705E-03    0.75769E+03
    0.23164E-03    0.77248E+03
    0.23632E-03    0.78756E+03
    0.24109E-03    0.80293E+03
    0.24596E-03    0.81860E+03
    0.25093E-03    0.83457E+03
    0.25600E-03    0.85085E+03
    0.26117E-03    0.86745E+03
    0.26645E-03    0.88437E+03
    0.27183E-03    0.90162E+03
    0.27732E-03    0.91921E+03
    0.28292E-03    0.93713E+03
    0.28864E-03    0.95540E+03
    0.29447E-03    0.97403E+03
    0.30042E-03    0.99302E+03
    0.30649E-03    0.10124E+04
    0.31268E-03    0.10321E+04
    0.31899E-03    0.10522E+04
    0.32544E-03    0.10727E+04
    0.33201E-03    0.10936E+04
    0.33872E-03    0.11149E+04
    0.34556E-03    0.11366E+04
    0.35254E-03    0.11588E+04
    0.35966E-03    0.11813E+04
    0.36693E-03    0.12043E+04
    0.37434E-03    0.12278E+04
    0.38190E-03    0.12517E+04
    0.38962E-03    0.12760E+04
    0.39749E-03    0.13008E+04
    0.40552E-03    0.13261E+04
    0.41371E-03    0.13519E+04
    0.42207E-03    0.13782E+04
    0.43060E-03    0.14050E+04
    0.43929E-03    0.14323E+04
    0.44817E-03    0.14601E+04
    0.45722E-03    0.14885E+04
    0.46646E-03    0.15174E+04
    0.47588E-03    0.15468E+04
    0.48550E-03    0.15768E+04
    0.49530E-03    0.16074E+04
    0.50531E-03    0.16386E+04
    0.51552E-03    0.16704E+04
    0.52593E-03    0.17028E+04
    0.53656E-03    0.17358E+04
    0.54739E-03    0.17694E+04
    0.55845E-03    0.18036E+04
    0.56973E-03    0.18386E+04
    0.58124E-03    0.18741E+04
    0.59299E-03    0.19104E+04
    0.60496E-03    0.19473E+04
    0.61719E-03    0.19849E+04
    0.62965E-03    0.20233E+04
    0.64237E-03    0.20624E+04
    0.65535E-03    0.21022E+04
    0.66859E-03    0.21427E+04
    0.68210E-03    0.21840E+04
    0.69588E-03    0.22261E+04
    0.70993E-03    0.22690E+04
    0.72427E-03    0.23127E+04
    0.73891E-03    0.23572E+04
    0.75383E-03    0.24026E+04
    0.76906E-03    0.24488E+04
    0.78460E-03    0.24958E+04
    0.80045E-03    0.25437E+04
    0.81662E-03    0.25925E+04
    0.83311E-03    0.26422E+04
    0.84994E-03    0.26929E+04
    0.86711E-03    0.27444E+04
    0.88463E-03    0.27970E+04
    0.90250E-03    0.28505E+04
    0.92073E-03    0.29049E+04
    0.93933E-03    0.29604E+04
    0.95831E-03    0.30169E+04
    0.97767E-03    0.30744E+04
    0.99742E-03    0.31330E+04
    0.10176E-02    0.31926E+04
    0.10381E-02    0.32533E+04
    0.10591E-02    0.33151E+04
    0.10805E-02    0.33780E+04
    0.11023E-02    0.34421E+04
    0.11246E-02    0.35073E+04
    0.11473E-02    0.35737E+04
    0.11705E-02    0.36413E+04
    0.11941E-02    0.37100E+04
    0.12182E-02    0.37800E+04
    0.12429E-02    0.38513E+04
    0.12680E-02    0.39237E+04
    0.12936E-02    0.39975E+04
    0.13197E-02    0.40726E+04
    0.13464E-02    0.41489E+04
    0.13736E-02    0.42267E+04
    0.14013E-02    0.43057E+04
    0.14296E-02    0.43861E+04
    0.14585E-02    0.44680E+04
    0.14880E-02    0.45512E+04
    0.15180E-02    0.46358E+04
    0.15487E-02    0.47219E+04
    0.15800E-02    0.48094E+04
    0.16119E-02    0.48985E+04
    0.16445E-02    0.49890E+04
    0.16777E-02    0.50810E+04
    0.17116E-02    0.51746E+04
    0.17462E-02    0.52697E+04
    0.17814E-02    0.53664E+04
    0.18174E-02    0.54647E+04
    0.18541E-02    0.55646E+04
    0.18916E-02    0.56661E+04
    0.19298E-02    0.57692E+04
    0.19688E-02    0.58740E+04
    0.20086E-02    0.59805E+04
    0.20491E-02    0.60887E+04
    0.20905E-02    0.61985E+04
    0.21328E-02    0.63101E+04
    0.21758E-02    0.64234E+04
    0.22198E-02    0.65385E+04
    0.22646E-02    0.66553E+04
    0.23104E-02    0.67739E+04
    0.23571E-02    0.68943E+04
    0.24047E-02    0.70165E+04
    0.24533E-02    0.71406E+04
    0.25028E-02    0.72664E+04
    0.25534E-02    0.73941E+04
    0.26050E-02    0.75236E+04
    0.26576E-02    0.76550E+04
    0.27113E-02    0.77883E+04
    0.27660E-02    0.79235E+04
    0.28219E-02    0.80605E+04
    0.28789E-02    0.81994E+04
    0.29371E-02    0.83402E+04
    0.29964E-02    0.84829E+04
    0.30569E-02    0.86275E+04
    0.31187E-02    0.87741E+04
    0.31817E-02    0.89225E+04
    0.32460E-02    0.90728E+04
    0.33115E-02    0.92251E+04
    0.33784E-02    0.93792E+04
    0.34467E-02    0.95353E+04
    0.35163E-02    0.96933E+04
    0.35874E-02    0.98531E+04
    0.36598E-02    0.10015E+05
    0.37338E-02    0.10178E+05
    0.38092E-02    0.10344E+05
    0.38861E-02    0.10511E+05
    0.39646E-02    0.10681E+05
    0.40447E-02    0.10852E+05
    0.41264E-02    0.11024E+05
    0.42098E-02    0.11199E+05
    0.42948E-02    0.11375E+05
    0.43816E-02    0.11554E+05
    0.44701E-02    0.11733E+05
    0.45604E-02    0.11915E+05
    0.46525E-02    0.12098E+05
    0.47465E-02    0.12283E+05
    0.48424E-02    0.12470E+05
    0.49402E-02    0.12658E+05
    0.50400E-02    0.12847E+05
    0.51419E-02    0.13038E+05
    0.52457E-02    0.13231E+05
    0.53517E-02    0.13425E+05
    0.54598E-02    0.13620E+05
    0.55701E-02    0.13817E+05
    0.56826E-02    0.14014E+05
    0.57974E-02    0.14213E+05
    0.59145E-02    0.14413E+05
    0.60340E-02    0.14615E+05
    0.61559E-02    0.14817E+05
    0.62803E-02    0.15020E+05
    0.64072E-02    0.15224E+05
    0.65366E-02    0.15429E+05
    0.66686E-02    0.15634E+05
    0.68033E-02    0.15840E+05
    0.69408E-02    0.16046E+05
    0.70810E-02    0.16253E+05
    0.72240E-02    0.16460E+05
    0.73700E-02    0.16668E+05
    0.75189E-02    0.16875E+05
    0.76708E-02    0.17082E+05
    0.78257E-02    0.17289E+05
    0.79838E-02    0.17496E+05
    0.81451E-02    0.17703E+05
    0.83096E-02    0.17908E+05
    0.84775E-02    0.18114E+05
    0.86488E-02    0.18318E+05
    0.88235E-02    0.18522E+05
    0.90017E-02    0.18724E+05
    0.91836E-02    0.18926E+05
    0.93691E-02    0.19126E+05
    0.95583E-02    0.19324E+05
    0.97514E-02    0.19521E+05
    0.99484E-02    0.19716E+05
    0.10149E-01    0.19908E+05
    0.10354E-01    0.20099E+05
    0.10564E-01    0.20287E+05
    0.10777E-01    0.20472E+05
    0.10995E-01    0.20654E+05
    0.11217E-01    0.20834E+05
    0.11443E-01    0.21010E+05
    0.11675E-01    0.21183E+05
    0.11910E-01    0.21352E+05
    0.12151E-01    0.21517E+05
    0.12397E-01    0.21678E+05
    0.12647E-01    0.21834E+05
    0.12902E-01    0.21986E+05
    0.13163E-01    0.22133E+05
    0.13429E-01    0.22275E+05
    0.13700E-01    0.22412E+05
    0.13977E-01    0.22543E+05
    0.14259E-01    0.22668E+05
    0.14547E-01    0.22787E+05
    0.14841E-01    0.22900E+05
    0.15141E-01    0.23006E+05
    0.15447E-01    0.23106E+05
    0.15759E-01    0.23198E+05
    0.16077E-01    0.23282E+05
    0.16402E-01    0.23359E+05
    0.16734E-01    0.23429E+05
    0.17072E-01    0.23489E+05
    0.17416E-01    0.23542E+05
    0.17768E-01    0.23586E+05
    0.18127E-01    0.23621E+05
    0.18493E-01    0.23647E+05
    0.18867E-01    0.23664E+05
    0.19248E-01    0.23671E+05
    0.19637E-01    0.23668E+05
    0.20034E-01    0.23655E+05
    0.20438E-01    0.23633E+05
    0.20851E-01    0.23600E+05
    0.21272E-01    0.23556E+05
    0.21702E-01    0.23503E+05
    0.22141E-01    0.23438E+05
    0.22588E-01    0.23363E+05
    0.23044E-01    0.23277E+05
    0.23510E-01    0.23181E+05
    0.23985E-01    0.23073E+05
    0.24469E-01    0.22955E+05
    0.24964E-01    0.22826E+05
    0.25468E-01    0.22687E+05
    0.25982E-01    0.22537E+05
    0.26507E-01    0.22377E+05
    0.27043E-01    0.22207E+05
    0.27589E-01    0.22027E+05
    0.28146E-01    0.21837E+05
    0.28715E-01    0.21638E+05
    0.29295E-01    0.21431E+05
    0.29887E-01    0.21215E+05
    0.30490E-01    0.20990E+05
    0.31106E-01    0.20759E+05
    0.31735E-01    0.20520E+05
    0.32376E-01    0.20274E+05
    0.33030E-01    0.20023E+05
    0.33697E-01    0.19767E+05
    0.34378E-01    0.19505E+05
    0.35072E-01    0.19240E+05
    0.35781E-01    0.18972E+05
    0.36504E-01    0.18701E+05
    0.37241E-01    0.18429E+05
    0.37993E-01    0.18156E+05
    0.38761E-01    0.17883E+05
    0.39544E-01    0.17610E+05
    0.40343E-01    0.17337E+05
    0.41158E-01    0.17067E+05
    0.41989E-01    0.16798E+05
    0.42838E-01    0.16532E+05
    0.43703E-01    0.16271E+05
    0.44586E-01    0.16014E+05
    0.45486E-01    0.15763E+05
    0.46405E-01    0.15519E+05
    0.47343E-01    0.15281E+05
    0.48299E-01    0.15050E+05
    0.49275E-01    0.14827E+05
    0.50270E-01    0.14611E+05
    0.51286E-01    0.14402E+05
    0.52322E-01    0.14201E+05
    0.53379E-01    0.14007E+05
    0.54457E-01    0.13819E+05
    0.55557E-01    0.13636E+05
    0.56680E-01    0.13459E+05
    0.57825E-01    0.13286E+05
    0.58993E-01    0.13116E+05
    0.60184E-01    0.12949E+05
    0.61400E-01    0.12784E+05
    0.62641E-01    0.12619E+05
    0.63906E-01    0.12455E+05
    0.65197E-01    0.12289E+05
    0.66514E-01    0.12121E+05
    0.67858E-01    0.11949E+05
    0.69229E-01    0.11773E+05
    0.70627E-01    0.11591E+05
    0.72054E-01    0.11402E+05
    0.73510E-01    0.11206E+05
    0.74994E-01    0.11001E+05
    0.76509E-01    0.10787E+05
    0.78055E-01    0.10564E+05
    0.79632E-01    0.10331E+05
    0.81241E-01    0.10088E+05
    0.82882E-01    0.98365E+04
    0.84556E-01    0.95769E+04
    0.86264E-01    0.93112E+04
    0.88007E-01    0.90413E+04
    0.89785E-01    0.87696E+04
    0.91598E-01    0.84982E+04
    0.93449E-01    0.82297E+04
    0.95337E-01    0.79664E+04
    0.97263E-01    0.77105E+04
    0.99227E-01    0.74642E+04
    0.10123E+00    0.72294E+04
    0.10328E+00    0.70076E+04
    0.10536E+00    0.68002E+04
    0.10749E+00    0.66083E+04
    0.10966E+00    0.64321E+04
    0.11188E+00    0.62714E+04
    0.11414E+00    0.61255E+04
    0.11644E+00    0.59927E+04
    0.11880E+00    0.58710E+04
    0.12120E+00    0.57579E+04
    0.12365E+00    0.56502E+04
    0.12614E+00    0.55450E+04
    0.12869E+00    0.54392E+04
    0.13129E+00    0.53301E+04
    0.13394E+00    0.52152E+04
    0.13665E+00    0.50925E+04
    0.13941E+00    0.49609E+04
    0.14223E+00    0.48198E+04
    0.14510E+00    0.46700E+04
    0.14803E+00    0.45126E+04
    0.15102E+00    0.43501E+04
    0.15407E+00    0.41854E+04
    0.15718E+00    0.40216E+04
    0.16036E+00    0.38623E+04
    0.16360E+00    0.37106E+04
    0.16690E+00    0.35694E+04
    0.17028E+00    0.34410E+04
    0.17371E+00    0.33265E+04
    0.17722E+00    0.32257E+04
    0.18080E+00    0.31370E+04
    0.18446E+00    0.30578E+04
    0.18818E+00    0.29850E+04
    0.19198E+00    0.29151E+04
    0.19586E+00    0.28450E+04
    0.19982E+00    0.27720E+04
    0.20386E+00    0.26936E+04
    0.20797E+00    0.26086E+04
    0.21218E+00    0.25170E+04
    0.21646E+00    0.24205E+04
    0.22083E+00    0.23221E+04
    0.22530E+00    0.22255E+04
    0.22985E+00    0.21336E+04
    0.23449E+00    0.20487E+04
    0.23923E+00    0.19722E+04
    0.24406E+00    0.19044E+04
    0.24899E+00    0.18445E+04
    0.25402E+00    0.17903E+04
    0.25915E+00    0.17394E+04
    0.26439E+00    0.16888E+04
    0.26973E+00    0.16363E+04
    0.27518E+00    0.15806E+04
    0.28074E+00    0.15215E+04
    0.28641E+00    0.14606E+04
    0.29219E+00    0.14003E+04
    0.29810E+00    0.13427E+04
    0.30412E+00    0.12893E+04
    0.31026E+00    0.12409E+04
    0.31653E+00    0.11972E+04
    0.32292E+00    0.11572E+04
    0.32945E+00    0.11191E+04
    0.33610E+00    0.10810E+04
    0.34289E+00    0.10419E+04
    0.34982E+00    0.10018E+04
    0.35689E+00    0.96144E+03
    0.36409E+00    0.92211E+03
    0.37145E+00    0.88495E+03
    0.37895E+00    0.85060E+03
    0.38661E+00    0.81890E+03
    0.39442E+00    0.78909E+03
    0.40239E+00    0.76020E+03
    0.41052E+00    0.73148E+03
    0.41881E+00    0.70276E+03
    0.42727E+00    0.67438E+03
    0.43590E+00    0.64692E+03
    0.44471E+00    0.62096E+03
    0.45369E+00    0.59660E+03
    0.46286E+00    0.57354E+03
    0.47221E+00    0.55130E+03
    0.48174E+00    0.52955E+03
    0.49148E+00    0.50820E+03
    0.50141E+00    0.48743E+03
    0.51153E+00    0.46755E+03
    0.52187E+00    0.44868E+03
    0.53241E+00    0.43066E+03
    0.54317E+00    0.41335E+03
    0.55414E+00    0.39656E+03
    0.56533E+00    0.38024E+03
    0.57675E+00    0.36454E+03
    0.58840E+00    0.34952E+03
    0.60029E+00    0.33514E+03
    0.61242E+00    0.32134E+03
    0.62479E+00    0.30802E+03
    0.63741E+00    0.29518E+03
    0.65029E+00    0.28284E+03
    0.66342E+00    0.27101E+03
    0.67683E+00    0.25966E+03
    0.69050E+00    0.24874E+03
    0.70445E+00    0.23825E+03
    0.71868E+00    0.22818E+03
    0.73320E+00    0.21851E+03
    0.74801E+00    0.20922E+03
    0.76312E+00    0.20031E+03
    0.77854E+00    0.19176E+03
    0.79426E+00    0.18355E+03
    0.81031E+00    0.17567E+03
    0.82668E+00    0.16812E+03
    0.84338E+00    0.16087E+03
    0.86041E+00    0.15392E+03
    0.87780E+00    0.14725E+03
    0.89553E+00    0.14086E+03
    0.91362E+00    0.13474E+03
    0.93208E+00    0.12886E+03
    0.95091E+00    0.12323E+03
    0.97011E+00    0.11784E+03
    0.98971E+00    0.11267E+03
    0.10097E+01    0.10771E+03
    0.10301E+01    0.10297E+03
    0.10509E+01    0.98419E+02
    0.10721E+01    0.94064E+02
    0.10938E+01    0.89894E+02
    0.11159E+01    0.85900E+02
    0.11384E+01    0.82076E+02
    0.11614E+01    0.78416E+02
    0.11849E+01    0.74912E+02
    0.12088E+01    0.71558E+02
    0.12333E+01    0.68349E+02
    0.12582E+01    0.65277E+02
    0.12836E+01    0.62339E+02
    0.13095E+01    0.59528E+02
    0.13360E+01    0.56839E+02
    0.13630E+01    0.54268E+02
    0.13905E+01    0.51808E+02
    0.14186E+01    0.49456E+02
    0.14472E+01    0.47208E+02
    0.14765E+01    0.45057E+02
    0.15063E+01    0.43001E+02
    0.15367E+01    0.41036E+02
    0.15678E+01    0.39157E+02
    0.15994E+01    0.37361E+02
    0.16318E+01    0.35644E+02
    0.16647E+01    0.34002E+02
    0.16984E+01    0.32434E+02
    0.17327E+01    0.30935E+02
    0.17677E+01    0.29503E+02
    0.18034E+01    0.28134E+02
    0.18398E+01    0.26828E+02
    0.18770E+01    0.25580E+02
    0.19149E+01    0.24389E+02
    0.19536E+01    0.23253E+02
    0.19930E+01    0.22168E+02
    0.20333E+01    0.21134E+02
    0.20744E+01    0.20147E+02
    0.21163E+01    0.19207E+02
