    0.10000E-03    0.44652E+03
    0.10202E-03    0.45525E+03
    0.10408E-03    0.46414E+03
    0.10618E-03    0.47321E+03
    0.10833E-03    0.48246E+03
    0.11052E-03    0.49189E+03
    0.11275E-03    0.50150E+03
    0.11503E-03    0.51130E+03
    0.11735E-03    0.52129E+03
    0.11972E-03    0.53148E+03
    0.12214E-03    0.54186E+03
    0.12461E-03    0.55245E+03
    0.12712E-03    0.56324E+03
    0.12969E-03    0.57425E+03
    0.13231E-03    0.58547E+03
    0.13499E-03    0.59690E+03
    0.13771E-03    0.60857E+03
    0.14049E-03    0.62045E+03
    0.14333E-03    0.63257E+03
    0.14623E-03    0.64493E+03
    0.14918E-03    0.65753E+03
    0.15220E-03    0.67037E+03
    0.15527E-03    0.68346E+03
    0.15841E-03    0.69681E+03
    0.16161E-03    0.71041E+03
    0.16487E-03    0.72429E+03
    0.16820E-03    0.73843E+03
    0.17160E-03    0.75285E+03
    0.17507E-03    0.76754E+03
    0.17860E-03    0.78253E+03
    0.18221E-03    0.79780E+03
    0.18589E-03    0.81338E+03
    0.18965E-03    0.82925E+03
    0.19348E-03    0.84544E+03
    0.19739E-03    0.86194E+03
    0.20138E-03    0.87875E+03
    0.20544E-03    0.89590E+03
    0.20959E-03    0.91338E+03
    0.21383E-03    0.93120E+03
    0.21815E-03    0.94936E+03
    0.22255E-03    0.96788E+03
    0.22705E-03    0.98676E+03
    0.23164E-03    0.10060E+04
    0.23632E-03    0.10256E+04
    0.24109E-03    0.10456E+04
    0.24596E-03    0.10660E+04
    0.25093E-03    0.10868E+04
    0.25600E-03    0.11080E+04
    0.26117E-03    0.11295E+04
    0.26645E-03    0.11516E+04
    0.27183E-03    0.11740E+04
    0.27732E-03    0.11969E+04
    0.28292E-03    0.12202E+04
    0.28864E-03    0.12439E+04
    0.29447E-03    0.12681E+04
    0.30042E-03    0.12928E+04
    0.30649E-03    0.13180E+04
    0.31268E-03    0.13436E+04
    0.31899E-03    0.13698E+04
    0.32544E-03    0.13964E+04
    0.33201E-03    0.14236E+04
    0.33872E-03    0.14512E+04
    0.34556E-03    0.14795E+04
    0.35254E-03    0.15082E+04
    0.35966E-03    0.15375E+04
    0.36693E-03    0.15674E+04
    0.37434E-03    0.15978E+04
    0.38190E-03    0.16288E+04
    0.38962E-03    0.16605E+04
    0.39749E-03    0.16927E+04
    0.40552E-03    0.17255E+04
    0.41371E-03    0.17590E+04
    0.42207E-03    0.17931E+04
    0.43060E-03    0.18278E+04
    0.43929E-03    0.18632E+04
    0.44817E-03    0.18993E+04
    0.45722E-03    0.19361E+04
    0.46646E-03    0.19736E+04
    0.47588E-03    0.20117E+04
    0.48550E-03    0.20506E+04
    0.49530E-03    0.20903E+04
    0.50531E-03    0.21307E+04
    0.51552E-03    0.21718E+04
    0.52593E-03    0.22137E+04
    0.53656E-03    0.22565E+04
    0.54739E-03    0.23000E+04
    0.55845E-03    0.23443E+04
    0.56973E-03    0.23895E+04
    0.58124E-03    0.24355E+04
    0.59299E-03    0.24824E+04
    0.60496E-03    0.25301E+04
    0.61719E-03    0.25788E+04
    0.62965E-03    0.26283E+04
    0.64237E-03    0.26788E+04
    0.65535E-03    0.27302E+04
    0.66859E-03    0.27825E+04
    0.68210E-03    0.28359E+04
    0.69588E-03    0.28902E+04
    0.70993E-03    0.29455E+04
    0.72427E-03    0.30018E+04
    0.73891E-03    0.30592E+04
    0.75383E-03    0.31176E+04
    0.76906E-03    0.31771E+04
    0.78460E-03    0.32376E+04
    0.80045E-03    0.32993E+04
    0.81662E-03    0.33621E+04
    0.83311E-03    0.34260E+04
    0.84994E-03    0.34911E+04
    0.86711E-03    0.35574E+04
    0.88463E-03    0.36248E+04
    0.90250E-03    0.36935E+04
    0.92073E-03    0.37634E+04
    0.93933E-03    0.38345E+04
    0.95831E-03    0.39069E+04
    0.97767E-03    0.39806E+04
    0.99742E-03    0.40556E+04
    0.10176E-02    0.41319E+04
    0.10381E-02    0.42095E+04
    0.10591E-02    0.42886E+04
    0.10805E-02    0.43690E+04
    0.11023E-02    0.44508E+04
    0.11246E-02    0.45340E+04
    0.11473E-02    0.46186E+04
    0.11705E-02    0.47047E+04
    0.11941E-02    0.47923E+04
    0.12182E-02    0.48814E+04
    0.12429E-02    0.49720E+04
    0.12680E-02    0.50641E+04
    0.12936E-02    0.51578E+04
    0.13197E-02    0.52530E+04
    0.13464E-02    0.53499E+04
    0.13736E-02    0.54483E+04
    0.14013E-02    0.55484E+04
    0.14296E-02    0.56501E+04
    0.14585E-02    0.57535E+04
    0.14880E-02    0.58586E+04
    0.15180E-02    0.59654E+04
    0.15487E-02    0.60739E+04
    0.15800E-02    0.61841E+04
    0.16119E-02    0.62961E+04
    0.16445E-02    0.64098E+04
    0.16777E-02    0.65254E+04
    0.17116E-02    0.66427E+04
    0.17462E-02    0.67619E+04
    0.17814E-02    0.68828E+04
    0.18174E-02    0.70057E+04
    0.18541E-02    0.71303E+04
    0.18916E-02    0.72569E+04
    0.19298E-02    0.73854E+04
    0.19688E-02    0.75157E+04
    0.20086E-02    0.76479E+04
    0.20491E-02    0.77821E+04
    0.20905E-02    0.79182E+04
    0.21328E-02    0.80563E+04
    0.21758E-02    0.81962E+04
    0.22198E-02    0.83382E+04
    0.22646E-02    0.84821E+04
    0.23104E-02    0.86280E+04
    0.23571E-02    0.87758E+04
    0.24047E-02    0.89256E+04
    0.24533E-02    0.90774E+04
    0.25028E-02    0.92312E+04
    0.25534E-02    0.93870E+04
    0.26050E-02    0.95447E+04
    0.26576E-02    0.97045E+04
    0.27113E-02    0.98662E+04
    0.27660E-02    0.10030E+05
    0.28219E-02    0.10195E+05
    0.28789E-02    0.10363E+05
    0.29371E-02    0.10533E+05
    0.29964E-02    0.10704E+05
    0.30569E-02    0.10878E+05
    0.31187E-02    0.11053E+05
    0.31817E-02    0.11230E+05
    0.32460E-02    0.11409E+05
    0.33115E-02    0.11590E+05
    0.33784E-02    0.11773E+05
    0.34467E-02    0.11958E+05
    0.35163E-02    0.12144E+05
    0.35874E-02    0.12332E+05
    0.36598E-02    0.12522E+05
    0.37338E-02    0.12714E+05
    0.38092E-02    0.12907E+05
    0.38861E-02    0.13102E+05
    0.39646E-02    0.13299E+05
    0.40447E-02    0.13497E+05
    0.41264E-02    0.13697E+05
    0.42098E-02    0.13898E+05
    0.42948E-02    0.14100E+05
    0.43816E-02    0.14304E+05
    0.44701E-02    0.14510E+05
    0.45604E-02    0.14716E+05
    0.46525E-02    0.14924E+05
    0.47465E-02    0.15133E+05
    0.48424E-02    0.15342E+05
    0.49402E-02    0.15553E+05
    0.50400E-02    0.15765E+05
    0.51419E-02    0.15978E+05
    0.52457E-02    0.16191E+05
    0.53517E-02    0.16406E+05
    0.54598E-02    0.16620E+05
    0.55701E-02    0.16836E+05
    0.56826E-02    0.17052E+05
    0.57974E-02    0.17268E+05
    0.59145E-02    0.17484E+05
    0.60340E-02    0.17700E+05
    0.61559E-02    0.17916E+05
    0.62803E-02    0.18132E+05
    0.64072E-02    0.18348E+05
    0.65366E-02    0.18564E+05
    0.66686E-02    0.18779E+05
    0.68033E-02    0.18993E+05
    0.69408E-02    0.19206E+05
    0.70810E-02    0.19419E+05
    0.72240E-02    0.19630E+05
    0.73700E-02    0.19840E+05
    0.75189E-02    0.20049E+05
    0.76708E-02    0.20256E+05
    0.78257E-02    0.20462E+05
    0.79838E-02    0.20665E+05
    0.81451E-02    0.20867E+05
    0.83096E-02    0.21066E+05
    0.84775E-02    0.21263E+05
    0.86488E-02    0.21457E+05
    0.88235E-02    0.21649E+05
    0.90017E-02    0.21837E+05
    0.91836E-02    0.22023E+05
    0.93691E-02    0.22205E+05
    0.95583E-02    0.22383E+05
    0.97514E-02    0.22557E+05
    0.99484E-02    0.22727E+05
    0.10149E-01    0.22893E+05
    0.10354E-01    0.23055E+05
    0.10564E-01    0.23211E+05
    0.10777E-01    0.23363E+05
    0.10995E-01    0.23509E+05
    0.11217E-01    0.23650E+05
    0.11443E-01    0.23784E+05
    0.11675E-01    0.23913E+05
    0.11910E-01    0.24036E+05
    0.12151E-01    0.24152E+05
    0.12397E-01    0.24261E+05
    0.12647E-01    0.24363E+05
    0.12902E-01    0.24457E+05
    0.13163E-01    0.24544E+05
    0.13429E-01    0.24623E+05
    0.13700E-01    0.24694E+05
    0.13977E-01    0.24757E+05
    0.14259E-01    0.24810E+05
    0.14547E-01    0.24855E+05
    0.14841E-01    0.24890E+05
    0.15141E-01    0.24916E+05
    0.15447E-01    0.24932E+05
    0.15759E-01    0.24938E+05
    0.16077E-01    0.24934E+05
    0.16402E-01    0.24920E+05
    0.16734E-01    0.24895E+05
    0.17072E-01    0.24858E+05
    0.17416E-01    0.24811E+05
    0.17768E-01    0.24753E+05
    0.18127E-01    0.24683E+05
    0.18493E-01    0.24601E+05
    0.18867E-01    0.24508E+05
    0.19248E-01    0.24403E+05
    0.19637E-01    0.24286E+05
    0.20034E-01    0.24157E+05
    0.20438E-01    0.24016E+05
    0.20851E-01    0.23864E+05
    0.21272E-01    0.23699E+05
    0.21702E-01    0.23522E+05
    0.22141E-01    0.23334E+05
    0.22588E-01    0.23134E+05
    0.23044E-01    0.22923E+05
    0.23510E-01    0.22700E+05
    0.23985E-01    0.22467E+05
    0.24469E-01    0.22223E+05
    0.24964E-01    0.21968E+05
    0.25468E-01    0.21704E+05
    0.25982E-01    0.21430E+05
    0.26507E-01    0.21147E+05
    0.27043E-01    0.20855E+05
    0.27589E-01    0.20556E+05
    0.28146E-01    0.20249E+05
    0.28715E-01    0.19935E+05
    0.29295E-01    0.19616E+05
    0.29887E-01    0.19291E+05
    0.30490E-01    0.18962E+05
    0.31106E-01    0.18629E+05
    0.31735E-01    0.18294E+05
    0.32376E-01    0.17956E+05
    0.33030E-01    0.17618E+05
    0.33697E-01    0.17279E+05
    0.34378E-01    0.16941E+05
    0.35072E-01    0.16605E+05
    0.35781E-01    0.16271E+05
    0.36504E-01    0.15940E+05
    0.37241E-01    0.15614E+05
    0.37993E-01    0.15294E+05
    0.38761E-01    0.14980E+05
    0.39544E-01    0.14672E+05
    0.40343E-01    0.14373E+05
    0.41158E-01    0.14081E+05
    0.41989E-01    0.13797E+05
    0.42838E-01    0.13522E+05
    0.43703E-01    0.13256E+05
    0.44586E-01    0.13000E+05
    0.45486E-01    0.12755E+05
    0.46405E-01    0.12522E+05
    0.47343E-01    0.12302E+05
    0.48299E-01    0.12093E+05
    0.49275E-01    0.11896E+05
    0.50270E-01    0.11708E+05
    0.51286E-01    0.11529E+05
    0.52322E-01    0.11359E+05
    0.53379E-01    0.11195E+05
    0.54457E-01    0.11038E+05
    0.55557E-01    0.10886E+05
    0.56680E-01    0.10739E+05
    0.57825E-01    0.10595E+05
    0.58993E-01    0.10454E+05
    0.60184E-01    0.10315E+05
    0.61400E-01    0.10176E+05
    0.62641E-01    0.10035E+05
    0.63906E-01    0.98908E+04
    0.65197E-01    0.97413E+04
    0.66514E-01    0.95848E+04
    0.67858E-01    0.94196E+04
    0.69229E-01    0.92445E+04
    0.70627E-01    0.90585E+04
    0.72054E-01    0.88609E+04
    0.73510E-01    0.86513E+04
    0.74994E-01    0.84303E+04
    0.76509E-01    0.81987E+04
    0.78055E-01    0.79576E+04
    0.79632E-01    0.77088E+04
    0.81241E-01    0.74545E+04
    0.82882E-01    0.71967E+04
    0.84556E-01    0.69379E+04
    0.86264E-01    0.66804E+04
    0.88007E-01    0.64265E+04
    0.89785E-01    0.61787E+04
    0.91598E-01    0.59392E+04
    0.93449E-01    0.57104E+04
    0.95337E-01    0.54945E+04
    0.97263E-01    0.52934E+04
    0.99227E-01    0.51087E+04
    0.10123E+00    0.49420E+04
    0.10328E+00    0.47933E+04
    0.10536E+00    0.46624E+04
    0.10749E+00    0.45485E+04
    0.10966E+00    0.44493E+04
    0.11188E+00    0.43625E+04
    0.11414E+00    0.42849E+04
    0.11644E+00    0.42130E+04
    0.11880E+00    0.41433E+04
    0.12120E+00    0.40726E+04
    0.12365E+00    0.39974E+04
    0.12614E+00    0.39153E+04
    0.12869E+00    0.38240E+04
    0.13129E+00    0.37224E+04
    0.13394E+00    0.36099E+04
    0.13665E+00    0.34871E+04
    0.13941E+00    0.33555E+04
    0.14223E+00    0.32174E+04
    0.14510E+00    0.30758E+04
    0.14803E+00    0.29343E+04
    0.15102E+00    0.27967E+04
    0.15407E+00    0.26671E+04
    0.15718E+00    0.25487E+04
    0.16036E+00    0.24440E+04
    0.16360E+00    0.23539E+04
    0.16690E+00    0.22779E+04
    0.17028E+00    0.22140E+04
    0.17371E+00    0.21598E+04
    0.17722E+00    0.21123E+04
    0.18080E+00    0.20682E+04
    0.18446E+00    0.20239E+04
    0.18818E+00    0.19759E+04
    0.19198E+00    0.19212E+04
    0.19586E+00    0.18585E+04
    0.19982E+00    0.17883E+04
    0.20386E+00    0.17125E+04
    0.20797E+00    0.16344E+04
    0.21218E+00    0.15570E+04
    0.21646E+00    0.14834E+04
    0.22083E+00    0.14163E+04
    0.22530E+00    0.13575E+04
    0.22985E+00    0.13078E+04
    0.23449E+00    0.12659E+04
    0.23923E+00    0.12299E+04
    0.24406E+00    0.11969E+04
    0.24899E+00    0.11640E+04
    0.25402E+00    0.11286E+04
    0.25915E+00    0.10894E+04
    0.26439E+00    0.10465E+04
    0.26973E+00    0.10012E+04
    0.27518E+00    0.95559E+03
    0.28074E+00    0.91190E+03
    0.28641E+00    0.87206E+03
    0.29219E+00    0.83709E+03
    0.29810E+00    0.80672E+03
    0.30412E+00    0.77972E+03
    0.31026E+00    0.75438E+03
    0.31653E+00    0.72895E+03
    0.32292E+00    0.70223E+03
    0.32945E+00    0.67399E+03
    0.33610E+00    0.64503E+03
    0.34289E+00    0.61664E+03
    0.34982E+00    0.58999E+03
    0.35689E+00    0.56579E+03
    0.36409E+00    0.54401E+03
    0.37145E+00    0.52393E+03
    0.37895E+00    0.50459E+03
    0.38661E+00    0.48521E+03
    0.39442E+00    0.46547E+03
    0.40239E+00    0.44571E+03
    0.41052E+00    0.42659E+03
    0.41881E+00    0.40861E+03
    0.42727E+00    0.39197E+03
    0.43590E+00    0.37645E+03
    0.44471E+00    0.36156E+03
    0.45369E+00    0.34694E+03
    0.46286E+00    0.33247E+03
    0.47221E+00    0.31833E+03
    0.48174E+00    0.30482E+03
    0.49148E+00    0.29208E+03
    0.50141E+00    0.28003E+03
    0.51153E+00    0.26850E+03
    0.52187E+00    0.25729E+03
    0.53241E+00    0.24637E+03
    0.54317E+00    0.23586E+03
    0.55414E+00    0.22582E+03
    0.56533E+00    0.21628E+03
    0.57675E+00    0.20714E+03
    0.58840E+00    0.19832E+03
    0.60029E+00    0.18982E+03
    0.61242E+00    0.18165E+03
    0.62479E+00    0.17384E+03
    0.63741E+00    0.16637E+03
    0.65029E+00    0.15920E+03
    0.66342E+00    0.15233E+03
    0.67683E+00    0.14573E+03
    0.69050E+00    0.13940E+03
    0.70445E+00    0.13332E+03
    0.71868E+00    0.12750E+03
    0.73320E+00    0.12192E+03
    0.74801E+00    0.11657E+03
    0.76312E+00    0.11144E+03
    0.77854E+00    0.10653E+03
    0.79426E+00    0.10183E+03
    0.81031E+00    0.97325E+02
    0.82668E+00    0.93012E+02
    0.84338E+00    0.88883E+02
    0.86041E+00    0.84930E+02
    0.87780E+00    0.81146E+02
    0.89553E+00    0.77524E+02
    0.91362E+00    0.74057E+02
    0.93208E+00    0.70739E+02
    0.95091E+00    0.67565E+02
    0.97011E+00    0.64527E+02
    0.98971E+00    0.61620E+02
    0.10097E+01    0.58839E+02
    0.10301E+01    0.56179E+02
    0.10509E+01    0.53635E+02
    0.10721E+01    0.51201E+02
    0.10938E+01    0.48874E+02
    0.11159E+01    0.46649E+02
    0.11384E+01    0.44521E+02
    0.11614E+01    0.42487E+02
    0.11849E+01    0.40543E+02
    0.12088E+01    0.38685E+02
    0.12333E+01    0.36909E+02
    0.12582E+01    0.35212E+02
    0.12836E+01    0.33590E+02
    0.13095E+01    0.32041E+02
    0.13360E+01    0.30560E+02
    0.13630E+01    0.29146E+02
    0.13905E+01    0.27796E+02
    0.14186E+01    0.26506E+02
    0.14472E+01    0.25274E+02
    0.14765E+01    0.24098E+02
    0.15063E+01    0.22975E+02
    0.15367E+01    0.21903E+02
    0.15678E+01    0.20880E+02
    0.15994E+01    0.19903E+02
    0.16318E+01    0.18971E+02
    0.16647E+01    0.18081E+02
    0.16984E+01    0.17231E+02
    0.17327E+01    0.16420E+02
    0.17677E+01    0.15647E+02
    0.18034E+01    0.14909E+02
    0.18398E+01    0.14204E+02
    0.18770E+01    0.13532E+02
    0.19149E+01    0.12891E+02
    0.19536E+01    0.12279E+02
    0.19930E+01    0.11695E+02
    0.20333E+01    0.11138E+02
    0.20744E+01    0.10607E+02
    0.21163E+01    0.10101E+02
    0.21590E+01    0.96188E+01
    0.22026E+01    0.91591E+01
    0.22471E+01    0.87210E+01
    0.22925E+01    0.83036E+01
    0.23388E+01    0.79061E+01
    0.23861E+01    0.75274E+01
