    0.10000E-03    0.26137E+03
    0.10202E-03    0.26648E+03
    0.10408E-03    0.27169E+03
    0.10618E-03    0.27700E+03
    0.10833E-03    0.28242E+03
    0.11052E-03    0.28794E+03
    0.11275E-03    0.29357E+03
    0.11503E-03    0.29930E+03
    0.11735E-03    0.30516E+03
    0.11972E-03    0.31112E+03
    0.12214E-03    0.31720E+03
    0.12461E-03    0.32340E+03
    0.12712E-03    0.32972E+03
    0.12969E-03    0.33617E+03
    0.13231E-03    0.34274E+03
    0.13499E-03    0.34944E+03
    0.13771E-03    0.35626E+03
    0.14049E-03    0.36323E+03
    0.14333E-03    0.37033E+03
    0.14623E-03    0.37756E+03
    0.14918E-03    0.38494E+03
    0.15220E-03    0.39246E+03
    0.15527E-03    0.40013E+03
    0.15841E-03    0.40795E+03
    0.16161E-03    0.41592E+03
    0.16487E-03    0.42405E+03
    0.16820E-03    0.43234E+03
    0.17160E-03    0.44078E+03
    0.17507E-03    0.44939E+03
    0.17860E-03    0.45817E+03
    0.18221E-03    0.46712E+03
    0.18589E-03    0.47625E+03
    0.18965E-03    0.48555E+03
    0.19348E-03    0.49504E+03
    0.19739E-03    0.50471E+03
    0.20138E-03    0.51457E+03
    0.20544E-03    0.52462E+03
    0.20959E-03    0.53486E+03
    0.21383E-03    0.54531E+03
    0.21815E-03    0.55596E+03
    0.22255E-03    0.56681E+03
    0.22705E-03    0.57788E+03
    0.23164E-03    0.58916E+03
    0.23632E-03    0.60067E+03
    0.24109E-03    0.61239E+03
    0.24596E-03    0.62435E+03
    0.25093E-03    0.63653E+03
    0.25600E-03    0.64896E+03
    0.26117E-03    0.66162E+03
    0.26645E-03    0.67454E+03
    0.27183E-03    0.68770E+03
    0.27732E-03    0.70112E+03
    0.28292E-03    0.71480E+03
    0.28864E-03    0.72874E+03
    0.29447E-03    0.74296E+03
    0.30042E-03    0.75745E+03
    0.30649E-03    0.77222E+03
    0.31268E-03    0.78728E+03
    0.31899E-03    0.80263E+03
    0.32544E-03    0.81828E+03
    0.33201E-03    0.83423E+03
    0.33872E-03    0.85049E+03
    0.34556E-03    0.86707E+03
    0.35254E-03    0.88397E+03
    0.35966E-03    0.90119E+03
    0.36693E-03    0.91875E+03
    0.37434E-03    0.93665E+03
    0.38190E-03    0.95489E+03
    0.38962E-03    0.97348E+03
    0.39749E-03    0.99244E+03
    0.40552E-03    0.10118E+04
    0.41371E-03    0.10315E+04
    0.42207E-03    0.10515E+04
    0.43060E-03    0.10720E+04
    0.43929E-03    0.10928E+04
    0.44817E-03    0.11141E+04
    0.45722E-03    0.11358E+04
    0.46646E-03    0.11578E+04
    0.47588E-03    0.11803E+04
    0.48550E-03    0.12033E+04
    0.49530E-03    0.12267E+04
    0.50531E-03    0.12505E+04
    0.51552E-03    0.12748E+04
    0.52593E-03    0.12995E+04
    0.53656E-03    0.13247E+04
    0.54739E-03    0.13504E+04
    0.55845E-03    0.13766E+04
    0.56973E-03    0.14033E+04
    0.58124E-03    0.14305E+04
    0.59299E-03    0.14583E+04
    0.60496E-03    0.14865E+04
    0.61719E-03    0.15153E+04
    0.62965E-03    0.15446E+04
    0.64237E-03    0.15745E+04
    0.65535E-03    0.16050E+04
    0.66859E-03    0.16360E+04
    0.68210E-03    0.16676E+04
    0.69588E-03    0.16999E+04
    0.70993E-03    0.17327E+04
    0.72427E-03    0.17661E+04
    0.73891E-03    0.18002E+04
    0.75383E-03    0.18350E+04
    0.76906E-03    0.18703E+04
    0.78460E-03    0.19064E+04
    0.80045E-03    0.19431E+04
    0.81662E-03    0.19805E+04
    0.83311E-03    0.20186E+04
    0.84994E-03    0.20574E+04
    0.86711E-03    0.20969E+04
    0.88463E-03    0.21372E+04
    0.90250E-03    0.21783E+04
    0.92073E-03    0.22200E+04
    0.93933E-03    0.22626E+04
    0.95831E-03    0.23059E+04
    0.97767E-03    0.23501E+04
    0.99742E-03    0.23951E+04
    0.10176E-02    0.24408E+04
    0.10381E-02    0.24875E+04
    0.10591E-02    0.25350E+04
    0.10805E-02    0.25833E+04
    0.11023E-02    0.26326E+04
    0.11246E-02    0.26827E+04
    0.11473E-02    0.27337E+04
    0.11705E-02    0.27857E+04
    0.11941E-02    0.28386E+04
    0.12182E-02    0.28925E+04
    0.12429E-02    0.29473E+04
    0.12680E-02    0.30031E+04
    0.12936E-02    0.30600E+04
    0.13197E-02    0.31178E+04
    0.13464E-02    0.31767E+04
    0.13736E-02    0.32366E+04
    0.14013E-02    0.32976E+04
    0.14296E-02    0.33596E+04
    0.14585E-02    0.34228E+04
    0.14880E-02    0.34870E+04
    0.15180E-02    0.35524E+04
    0.15487E-02    0.36189E+04
    0.15800E-02    0.36866E+04
    0.16119E-02    0.37554E+04
    0.16445E-02    0.38254E+04
    0.16777E-02    0.38967E+04
    0.17116E-02    0.39691E+04
    0.17462E-02    0.40428E+04
    0.17814E-02    0.41177E+04
    0.18174E-02    0.41939E+04
    0.18541E-02    0.42714E+04
    0.18916E-02    0.43501E+04
    0.19298E-02    0.44302E+04
    0.19688E-02    0.45116E+04
    0.20086E-02    0.45944E+04
    0.20491E-02    0.46785E+04
    0.20905E-02    0.47640E+04
    0.21328E-02    0.48509E+04
    0.21758E-02    0.49391E+04
    0.22198E-02    0.50288E+04
    0.22646E-02    0.51199E+04
    0.23104E-02    0.52125E+04
    0.23571E-02    0.53065E+04
    0.24047E-02    0.54020E+04
    0.24533E-02    0.54990E+04
    0.25028E-02    0.55974E+04
    0.25534E-02    0.56974E+04
    0.26050E-02    0.57989E+04
    0.26576E-02    0.59020E+04
    0.27113E-02    0.60065E+04
    0.27660E-02    0.61127E+04
    0.28219E-02    0.62204E+04
    0.28789E-02    0.63296E+04
    0.29371E-02    0.64405E+04
    0.29964E-02    0.65529E+04
    0.30569E-02    0.66669E+04
    0.31187E-02    0.67826E+04
    0.31817E-02    0.68998E+04
    0.32460E-02    0.70187E+04
    0.33115E-02    0.71392E+04
    0.33784E-02    0.72613E+04
    0.34467E-02    0.73851E+04
    0.35163E-02    0.75105E+04
    0.35874E-02    0.76375E+04
    0.36598E-02    0.77661E+04
    0.37338E-02    0.78964E+04
    0.38092E-02    0.80283E+04
    0.38861E-02    0.81619E+04
    0.39646E-02    0.82970E+04
    0.40447E-02    0.84338E+04
    0.41264E-02    0.85722E+04
    0.42098E-02    0.87122E+04
    0.42948E-02    0.88539E+04
    0.43816E-02    0.89971E+04
    0.44701E-02    0.91418E+04
    0.45604E-02    0.92882E+04
    0.46525E-02    0.94361E+04
    0.47465E-02    0.95855E+04
    0.48424E-02    0.97364E+04
    0.49402E-02    0.98889E+04
    0.50400E-02    0.10043E+05
    0.51419E-02    0.10198E+05
    0.52457E-02    0.10355E+05
    0.53517E-02    0.10513E+05
    0.54598E-02    0.10673E+05
    0.55701E-02    0.10834E+05
    0.56826E-02    0.10996E+05
    0.57974E-02    0.11159E+05
    0.59145E-02    0.11324E+05
    0.60340E-02    0.11490E+05
    0.61559E-02    0.11657E+05
    0.62803E-02    0.11825E+05
    0.64072E-02    0.11994E+05
    0.65366E-02    0.12164E+05
    0.66686E-02    0.12335E+05
    0.68033E-02    0.12507E+05
    0.69408E-02    0.12680E+05
    0.70810E-02    0.12854E+05
    0.72240E-02    0.13028E+05
    0.73700E-02    0.13203E+05
    0.75189E-02    0.13378E+05
    0.76708E-02    0.13554E+05
    0.78257E-02    0.13730E+05
    0.79838E-02    0.13907E+05
    0.81451E-02    0.14084E+05
    0.83096E-02    0.14260E+05
    0.84775E-02    0.14437E+05
    0.86488E-02    0.14614E+05
    0.88235E-02    0.14791E+05
    0.90017E-02    0.14967E+05
    0.91836E-02    0.15143E+05
    0.93691E-02    0.15318E+05
    0.95583E-02    0.15493E+05
    0.97514E-02    0.15667E+05
    0.99484E-02    0.15840E+05
    0.10149E-01    0.16012E+05
    0.10354E-01    0.16183E+05
    0.10564E-01    0.16353E+05
    0.10777E-01    0.16521E+05
    0.10995E-01    0.16688E+05
    0.11217E-01    0.16853E+05
    0.11443E-01    0.17016E+05
    0.11675E-01    0.17178E+05
    0.11910E-01    0.17336E+05
    0.12151E-01    0.17493E+05
    0.12397E-01    0.17647E+05
    0.12647E-01    0.17798E+05
    0.12902E-01    0.17946E+05
    0.13163E-01    0.18091E+05
    0.13429E-01    0.18233E+05
    0.13700E-01    0.18371E+05
    0.13977E-01    0.18506E+05
    0.14259E-01    0.18636E+05
    0.14547E-01    0.18763E+05
    0.14841E-01    0.18885E+05
    0.15141E-01    0.19002E+05
    0.15447E-01    0.19115E+05
    0.15759E-01    0.19223E+05
    0.16077E-01    0.19326E+05
    0.16402E-01    0.19423E+05
    0.16734E-01    0.19515E+05
    0.17072E-01    0.19601E+05
    0.17416E-01    0.19680E+05
    0.17768E-01    0.19754E+05
    0.18127E-01    0.19821E+05
    0.18493E-01    0.19881E+05
    0.18867E-01    0.19934E+05
    0.19248E-01    0.19981E+05
    0.19637E-01    0.20019E+05
    0.20034E-01    0.20051E+05
    0.20438E-01    0.20075E+05
    0.20851E-01    0.20090E+05
    0.21272E-01    0.20098E+05
    0.21702E-01    0.20098E+05
    0.22141E-01    0.20089E+05
    0.22588E-01    0.20072E+05
    0.23044E-01    0.20047E+05
    0.23510E-01    0.20012E+05
    0.23985E-01    0.19969E+05
    0.24469E-01    0.19918E+05
    0.24964E-01    0.19857E+05
    0.25468E-01    0.19788E+05
    0.25982E-01    0.19709E+05
    0.26507E-01    0.19623E+05
    0.27043E-01    0.19527E+05
    0.27589E-01    0.19423E+05
    0.28146E-01    0.19310E+05
    0.28715E-01    0.19189E+05
    0.29295E-01    0.19059E+05
    0.29887E-01    0.18922E+05
    0.30490E-01    0.18777E+05
    0.31106E-01    0.18625E+05
    0.31735E-01    0.18465E+05
    0.32376E-01    0.18299E+05
    0.33030E-01    0.18126E+05
    0.33697E-01    0.17947E+05
    0.34378E-01    0.17763E+05
    0.35072E-01    0.17574E+05
    0.35781E-01    0.17379E+05
    0.36504E-01    0.17181E+05
    0.37241E-01    0.16980E+05
    0.37993E-01    0.16775E+05
    0.38761E-01    0.16568E+05
    0.39544E-01    0.16359E+05
    0.40343E-01    0.16149E+05
    0.41158E-01    0.15939E+05
    0.41989E-01    0.15727E+05
    0.42838E-01    0.15516E+05
    0.43703E-01    0.15306E+05
    0.44586E-01    0.15097E+05
    0.45486E-01    0.14891E+05
    0.46405E-01    0.14687E+05
    0.47343E-01    0.14486E+05
    0.48299E-01    0.14289E+05
    0.49275E-01    0.14096E+05
    0.50270E-01    0.13908E+05
    0.51286E-01    0.13725E+05
    0.52322E-01    0.13546E+05
    0.53379E-01    0.13373E+05
    0.54457E-01    0.13204E+05
    0.55557E-01    0.13040E+05
    0.56680E-01    0.12880E+05
    0.57825E-01    0.12724E+05
    0.58993E-01    0.12570E+05
    0.60184E-01    0.12419E+05
    0.61400E-01    0.12270E+05
    0.62641E-01    0.12122E+05
    0.63906E-01    0.11975E+05
    0.65197E-01    0.11827E+05
    0.66514E-01    0.11678E+05
    0.67858E-01    0.11528E+05
    0.69229E-01    0.11375E+05
    0.70627E-01    0.11218E+05
    0.72054E-01    0.11057E+05
    0.73510E-01    0.10891E+05
    0.74994E-01    0.10719E+05
    0.76509E-01    0.10539E+05
    0.78055E-01    0.10353E+05
    0.79632E-01    0.10158E+05
    0.81241E-01    0.99553E+04
    0.82882E-01    0.97448E+04
    0.84556E-01    0.95275E+04
    0.86264E-01    0.93042E+04
    0.88007E-01    0.90754E+04
    0.89785E-01    0.88421E+04
    0.91598E-01    0.86057E+04
    0.93449E-01    0.83682E+04
    0.95337E-01    0.81312E+04
    0.97263E-01    0.78967E+04
    0.99227E-01    0.76665E+04
    0.10123E+00    0.74424E+04
    0.10328E+00    0.72261E+04
    0.10536E+00    0.70190E+04
    0.10749E+00    0.68225E+04
    0.10966E+00    0.66377E+04
    0.11188E+00    0.64655E+04
    0.11414E+00    0.63060E+04
    0.11644E+00    0.61591E+04
    0.11880E+00    0.60241E+04
    0.12120E+00    0.58993E+04
    0.12365E+00    0.57832E+04
    0.12614E+00    0.56731E+04
    0.12869E+00    0.55666E+04
    0.13129E+00    0.54609E+04
    0.13394E+00    0.53534E+04
    0.13665E+00    0.52421E+04
    0.13941E+00    0.51251E+04
    0.14223E+00    0.50013E+04
    0.14510E+00    0.48702E+04
    0.14803E+00    0.47320E+04
    0.15102E+00    0.45874E+04
    0.15407E+00    0.44380E+04
    0.15718E+00    0.42859E+04
    0.16036E+00    0.41333E+04
    0.16360E+00    0.39829E+04
    0.16690E+00    0.38373E+04
    0.17028E+00    0.36988E+04
    0.17371E+00    0.35697E+04
    0.17722E+00    0.34515E+04
    0.18080E+00    0.33451E+04
    0.18446E+00    0.32500E+04
    0.18818E+00    0.31648E+04
    0.19198E+00    0.30869E+04
    0.19586E+00    0.30133E+04
    0.19982E+00    0.29409E+04
    0.20386E+00    0.28671E+04
    0.20797E+00    0.27899E+04
    0.21218E+00    0.27081E+04
    0.21646E+00    0.26211E+04
    0.22083E+00    0.25297E+04
    0.22530E+00    0.24355E+04
    0.22985E+00    0.23411E+04
    0.23449E+00    0.22494E+04
    0.23923E+00    0.21628E+04
    0.24406E+00    0.20829E+04
    0.24899E+00    0.20104E+04
    0.25402E+00    0.19454E+04
    0.25915E+00    0.18866E+04
    0.26439E+00    0.18321E+04
    0.26973E+00    0.17793E+04
    0.27518E+00    0.17259E+04
    0.28074E+00    0.16706E+04
    0.28641E+00    0.16127E+04
    0.29219E+00    0.15528E+04
    0.29810E+00    0.14924E+04
    0.30412E+00    0.14334E+04
    0.31026E+00    0.13775E+04
    0.31653E+00    0.13258E+04
    0.32292E+00    0.12786E+04
    0.32945E+00    0.12353E+04
    0.33610E+00    0.11946E+04
    0.34289E+00    0.11550E+04
    0.34982E+00    0.11151E+04
    0.35689E+00    0.10744E+04
    0.36409E+00    0.10334E+04
    0.37145E+00    0.99274E+03
    0.37895E+00    0.95358E+03
    0.38661E+00    0.91676E+03
    0.39442E+00    0.88255E+03
    0.40239E+00    0.85056E+03
    0.41052E+00    0.81994E+03
    0.41881E+00    0.78992E+03
    0.42727E+00    0.76009E+03
    0.43590E+00    0.73050E+03
    0.44471E+00    0.70158E+03
    0.45369E+00    0.67383E+03
    0.46286E+00    0.64759E+03
    0.47221E+00    0.62280E+03
    0.48174E+00    0.59908E+03
    0.49148E+00    0.57603E+03
    0.50141E+00    0.55345E+03
    0.51153E+00    0.53143E+03
    0.52187E+00    0.51014E+03
    0.53241E+00    0.48978E+03
    0.54317E+00    0.47040E+03
    0.55414E+00    0.45181E+03
    0.56533E+00    0.43382E+03
    0.57675E+00    0.41638E+03
    0.58840E+00    0.39951E+03
    0.60029E+00    0.38328E+03
    0.61242E+00    0.36775E+03
    0.62479E+00    0.35284E+03
    0.63741E+00    0.33848E+03
    0.65029E+00    0.32463E+03
    0.66342E+00    0.31127E+03
    0.67683E+00    0.29843E+03
    0.69050E+00    0.28613E+03
    0.70445E+00    0.27430E+03
    0.71868E+00    0.26293E+03
    0.73320E+00    0.25199E+03
    0.74801E+00    0.24147E+03
    0.76312E+00    0.23137E+03
    0.77854E+00    0.22165E+03
    0.79426E+00    0.21232E+03
    0.81031E+00    0.20336E+03
    0.82668E+00    0.19475E+03
    0.84338E+00    0.18648E+03
    0.86041E+00    0.17855E+03
    0.87780E+00    0.17094E+03
    0.89553E+00    0.16363E+03
    0.91362E+00    0.15662E+03
    0.93208E+00    0.14989E+03
    0.95091E+00    0.14344E+03
    0.97011E+00    0.13725E+03
    0.98971E+00    0.13132E+03
    0.10097E+01    0.12563E+03
    0.10301E+01    0.12017E+03
    0.10509E+01    0.11494E+03
    0.10721E+01    0.10993E+03
    0.10938E+01    0.10512E+03
    0.11159E+01    0.10052E+03
    0.11384E+01    0.96102E+02
    0.11614E+01    0.91873E+02
    0.11849E+01    0.87821E+02
    0.12088E+01    0.83941E+02
    0.12333E+01    0.80224E+02
    0.12582E+01    0.76665E+02
    0.12836E+01    0.73257E+02
    0.13095E+01    0.69994E+02
    0.13360E+01    0.66871E+02
    0.13630E+01    0.63882E+02
    0.13905E+01    0.61022E+02
    0.14186E+01    0.58285E+02
    0.14472E+01    0.55665E+02
    0.14765E+01    0.53159E+02
    0.15063E+01    0.50761E+02
    0.15367E+01    0.48467E+02
    0.15678E+01    0.46272E+02
    0.15994E+01    0.44173E+02
    0.16318E+01    0.42165E+02
    0.16647E+01    0.40244E+02
    0.16984E+01    0.38407E+02
    0.17327E+01    0.36650E+02
    0.17677E+01    0.34971E+02
    0.18034E+01    0.33365E+02
    0.18398E+01    0.31832E+02
    0.18770E+01    0.30366E+02
    0.19149E+01    0.28967E+02
    0.19536E+01    0.27631E+02
    0.19930E+01    0.26355E+02
    0.20333E+01    0.25138E+02
    0.20744E+01    0.23976E+02
    0.21163E+01    0.22868E+02
