    0.10000E-03    0.51150E+03
    0.10202E-03    0.52150E+03
    0.10408E-03    0.53169E+03
    0.10618E-03    0.54208E+03
    0.10833E-03    0.55267E+03
    0.11052E-03    0.56347E+03
    0.11275E-03    0.57448E+03
    0.11503E-03    0.58571E+03
    0.11735E-03    0.59715E+03
    0.11972E-03    0.60882E+03
    0.12214E-03    0.62071E+03
    0.12461E-03    0.63284E+03
    0.12712E-03    0.64520E+03
    0.12969E-03    0.65781E+03
    0.13231E-03    0.67066E+03
    0.13499E-03    0.68376E+03
    0.13771E-03    0.69712E+03
    0.14049E-03    0.71073E+03
    0.14333E-03    0.72461E+03
    0.14623E-03    0.73877E+03
    0.14918E-03    0.75319E+03
    0.15220E-03    0.76790E+03
    0.15527E-03    0.78290E+03
    0.15841E-03    0.79818E+03
    0.16161E-03    0.81377E+03
    0.16487E-03    0.82966E+03
    0.16820E-03    0.84586E+03
    0.17160E-03    0.86237E+03
    0.17507E-03    0.87920E+03
    0.17860E-03    0.89636E+03
    0.18221E-03    0.91386E+03
    0.18589E-03    0.93169E+03
    0.18965E-03    0.94987E+03
    0.19348E-03    0.96841E+03
    0.19739E-03    0.98730E+03
    0.20138E-03    0.10066E+04
    0.20544E-03    0.10262E+04
    0.20959E-03    0.10462E+04
    0.21383E-03    0.10666E+04
    0.21815E-03    0.10874E+04
    0.22255E-03    0.11086E+04
    0.22705E-03    0.11302E+04
    0.23164E-03    0.11523E+04
    0.23632E-03    0.11747E+04
    0.24109E-03    0.11976E+04
    0.24596E-03    0.12210E+04
    0.25093E-03    0.12448E+04
    0.25600E-03    0.12690E+04
    0.26117E-03    0.12937E+04
    0.26645E-03    0.13189E+04
    0.27183E-03    0.13446E+04
    0.27732E-03    0.13708E+04
    0.28292E-03    0.13975E+04
    0.28864E-03    0.14247E+04
    0.29447E-03    0.14524E+04
    0.30042E-03    0.14807E+04
    0.30649E-03    0.15095E+04
    0.31268E-03    0.15388E+04
    0.31899E-03    0.15688E+04
    0.32544E-03    0.15993E+04
    0.33201E-03    0.16304E+04
    0.33872E-03    0.16620E+04
    0.34556E-03    0.16943E+04
    0.35254E-03    0.17272E+04
    0.35966E-03    0.17608E+04
    0.36693E-03    0.17950E+04
    0.37434E-03    0.18298E+04
    0.38190E-03    0.18653E+04
    0.38962E-03    0.19015E+04
    0.39749E-03    0.19383E+04
    0.40552E-03    0.19759E+04
    0.41371E-03    0.20142E+04
    0.42207E-03    0.20532E+04
    0.43060E-03    0.20930E+04
    0.43929E-03    0.21335E+04
    0.44817E-03    0.21748E+04
    0.45722E-03    0.22168E+04
    0.46646E-03    0.22597E+04
    0.47588E-03    0.23034E+04
    0.48550E-03    0.23479E+04
    0.49530E-03    0.23932E+04
    0.50531E-03    0.24394E+04
    0.51552E-03    0.24865E+04
    0.52593E-03    0.25344E+04
    0.53656E-03    0.25833E+04
    0.54739E-03    0.26330E+04
    0.55845E-03    0.26837E+04
    0.56973E-03    0.27354E+04
    0.58124E-03    0.27880E+04
    0.59299E-03    0.28415E+04
    0.60496E-03    0.28961E+04
    0.61719E-03    0.29517E+04
    0.62965E-03    0.30083E+04
    0.64237E-03    0.30660E+04
    0.65535E-03    0.31247E+04
    0.66859E-03    0.31846E+04
    0.68210E-03    0.32455E+04
    0.69588E-03    0.33075E+04
    0.70993E-03    0.33707E+04
    0.72427E-03    0.34350E+04
    0.73891E-03    0.35006E+04
    0.75383E-03    0.35673E+04
    0.76906E-03    0.36352E+04
    0.78460E-03    0.37043E+04
    0.80045E-03    0.37747E+04
    0.81662E-03    0.38464E+04
    0.83311E-03    0.39194E+04
    0.84994E-03    0.39936E+04
    0.86711E-03    0.40692E+04
    0.88463E-03    0.41462E+04
    0.90250E-03    0.42245E+04
    0.92073E-03    0.43042E+04
    0.93933E-03    0.43854E+04
    0.95831E-03    0.44679E+04
    0.97767E-03    0.45519E+04
    0.99742E-03    0.46374E+04
    0.10176E-02    0.47244E+04
    0.10381E-02    0.48129E+04
    0.10591E-02    0.49029E+04
    0.10805E-02    0.49945E+04
    0.11023E-02    0.50877E+04
    0.11246E-02    0.51825E+04
    0.11473E-02    0.52788E+04
    0.11705E-02    0.53769E+04
    0.11941E-02    0.54766E+04
    0.12182E-02    0.55779E+04
    0.12429E-02    0.56810E+04
    0.12680E-02    0.57858E+04
    0.12936E-02    0.58924E+04
    0.13197E-02    0.60007E+04
    0.13464E-02    0.61108E+04
    0.13736E-02    0.62227E+04
    0.14013E-02    0.63364E+04
    0.14296E-02    0.64520E+04
    0.14585E-02    0.65694E+04
    0.14880E-02    0.66887E+04
    0.15180E-02    0.68100E+04
    0.15487E-02    0.69331E+04
    0.15800E-02    0.70582E+04
    0.16119E-02    0.71852E+04
    0.16445E-02    0.73142E+04
    0.16777E-02    0.74452E+04
    0.17116E-02    0.75782E+04
    0.17462E-02    0.77132E+04
    0.17814E-02    0.78502E+04
    0.18174E-02    0.79893E+04
    0.18541E-02    0.81305E+04
    0.18916E-02    0.82737E+04
    0.19298E-02    0.84190E+04
    0.19688E-02    0.85664E+04
    0.20086E-02    0.87159E+04
    0.20491E-02    0.88675E+04
    0.20905E-02    0.90213E+04
    0.21328E-02    0.91772E+04
    0.21758E-02    0.93352E+04
    0.22198E-02    0.94953E+04
    0.22646E-02    0.96576E+04
    0.23104E-02    0.98221E+04
    0.23571E-02    0.99887E+04
    0.24047E-02    0.10157E+05
    0.24533E-02    0.10328E+05
    0.25028E-02    0.10501E+05
    0.25534E-02    0.10677E+05
    0.26050E-02    0.10854E+05
    0.26576E-02    0.11034E+05
    0.27113E-02    0.11215E+05
    0.27660E-02    0.11399E+05
    0.28219E-02    0.11585E+05
    0.28789E-02    0.11773E+05
    0.29371E-02    0.11963E+05
    0.29964E-02    0.12155E+05
    0.30569E-02    0.12349E+05
    0.31187E-02    0.12545E+05
    0.31817E-02    0.12744E+05
    0.32460E-02    0.12944E+05
    0.33115E-02    0.13146E+05
    0.33784E-02    0.13350E+05
    0.34467E-02    0.13556E+05
    0.35163E-02    0.13764E+05
    0.35874E-02    0.13974E+05
    0.36598E-02    0.14185E+05
    0.37338E-02    0.14399E+05
    0.38092E-02    0.14613E+05
    0.38861E-02    0.14830E+05
    0.39646E-02    0.15048E+05
    0.40447E-02    0.15268E+05
    0.41264E-02    0.15489E+05
    0.42098E-02    0.15712E+05
    0.42948E-02    0.15936E+05
    0.43816E-02    0.16162E+05
    0.44701E-02    0.16389E+05
    0.45604E-02    0.16617E+05
    0.46525E-02    0.16846E+05
    0.47465E-02    0.17076E+05
    0.48424E-02    0.17307E+05
    0.49402E-02    0.17539E+05
    0.50400E-02    0.17771E+05
    0.51419E-02    0.18005E+05
    0.52457E-02    0.18239E+05
    0.53517E-02    0.18473E+05
    0.54598E-02    0.18708E+05
    0.55701E-02    0.18944E+05
    0.56826E-02    0.19179E+05
    0.57974E-02    0.19414E+05
    0.59145E-02    0.19650E+05
    0.60340E-02    0.19885E+05
    0.61559E-02    0.20119E+05
    0.62803E-02    0.20353E+05
    0.64072E-02    0.20587E+05
    0.65366E-02    0.20819E+05
    0.66686E-02    0.21051E+05
    0.68033E-02    0.21282E+05
    0.69408E-02    0.21511E+05
    0.70810E-02    0.21739E+05
    0.72240E-02    0.21965E+05
    0.73700E-02    0.22190E+05
    0.75189E-02    0.22412E+05
    0.76708E-02    0.22633E+05
    0.78257E-02    0.22851E+05
    0.79838E-02    0.23066E+05
    0.81451E-02    0.23279E+05
    0.83096E-02    0.23489E+05
    0.84775E-02    0.23696E+05
    0.86488E-02    0.23900E+05
    0.88235E-02    0.24100E+05
    0.90017E-02    0.24296E+05
    0.91836E-02    0.24488E+05
    0.93691E-02    0.24676E+05
    0.95583E-02    0.24859E+05
    0.97514E-02    0.25037E+05
    0.99484E-02    0.25211E+05
    0.10149E-01    0.25379E+05
    0.10354E-01    0.25542E+05
    0.10564E-01    0.25698E+05
    0.10777E-01    0.25849E+05
    0.10995E-01    0.25993E+05
    0.11217E-01    0.26131E+05
    0.11443E-01    0.26262E+05
    0.11675E-01    0.26385E+05
    0.11910E-01    0.26501E+05
    0.12151E-01    0.26609E+05
    0.12397E-01    0.26709E+05
    0.12647E-01    0.26801E+05
    0.12902E-01    0.26884E+05
    0.13163E-01    0.26958E+05
    0.13429E-01    0.27023E+05
    0.13700E-01    0.27078E+05
    0.13977E-01    0.27124E+05
    0.14259E-01    0.27159E+05
    0.14547E-01    0.27184E+05
    0.14841E-01    0.27198E+05
    0.15141E-01    0.27201E+05
    0.15447E-01    0.27193E+05
    0.15759E-01    0.27174E+05
    0.16077E-01    0.27143E+05
    0.16402E-01    0.27100E+05
    0.16734E-01    0.27045E+05
    0.17072E-01    0.26977E+05
    0.17416E-01    0.26897E+05
    0.17768E-01    0.26804E+05
    0.18127E-01    0.26699E+05
    0.18493E-01    0.26581E+05
    0.18867E-01    0.26449E+05
    0.19248E-01    0.26304E+05
    0.19637E-01    0.26147E+05
    0.20034E-01    0.25976E+05
    0.20438E-01    0.25792E+05
    0.20851E-01    0.25595E+05
    0.21272E-01    0.25384E+05
    0.21702E-01    0.25161E+05
    0.22141E-01    0.24926E+05
    0.22588E-01    0.24678E+05
    0.23044E-01    0.24417E+05
    0.23510E-01    0.24145E+05
    0.23985E-01    0.23861E+05
    0.24469E-01    0.23566E+05
    0.24964E-01    0.23261E+05
    0.25468E-01    0.22945E+05
    0.25982E-01    0.22620E+05
    0.26507E-01    0.22285E+05
    0.27043E-01    0.21942E+05
    0.27589E-01    0.21592E+05
    0.28146E-01    0.21235E+05
    0.28715E-01    0.20871E+05
    0.29295E-01    0.20502E+05
    0.29887E-01    0.20129E+05
    0.30490E-01    0.19752E+05
    0.31106E-01    0.19373E+05
    0.31735E-01    0.18992E+05
    0.32376E-01    0.18611E+05
    0.33030E-01    0.18230E+05
    0.33697E-01    0.17850E+05
    0.34378E-01    0.17473E+05
    0.35072E-01    0.17099E+05
    0.35781E-01    0.16730E+05
    0.36504E-01    0.16366E+05
    0.37241E-01    0.16009E+05
    0.37993E-01    0.15659E+05
    0.38761E-01    0.15318E+05
    0.39544E-01    0.14986E+05
    0.40343E-01    0.14663E+05
    0.41158E-01    0.14350E+05
    0.41989E-01    0.14047E+05
    0.42838E-01    0.13755E+05
    0.43703E-01    0.13475E+05
    0.44586E-01    0.13207E+05
    0.45486E-01    0.12953E+05
    0.46405E-01    0.12712E+05
    0.47343E-01    0.12486E+05
    0.48299E-01    0.12273E+05
    0.49275E-01    0.12072E+05
    0.50270E-01    0.11881E+05
    0.51286E-01    0.11699E+05
    0.52322E-01    0.11526E+05
    0.53379E-01    0.11361E+05
    0.54457E-01    0.11203E+05
    0.55557E-01    0.11051E+05
    0.56680E-01    0.10904E+05
    0.57825E-01    0.10761E+05
    0.58993E-01    0.10619E+05
    0.60184E-01    0.10479E+05
    0.61400E-01    0.10336E+05
    0.62641E-01    0.10190E+05
    0.63906E-01    0.10039E+05
    0.65197E-01    0.98803E+04
    0.66514E-01    0.97126E+04
    0.67858E-01    0.95342E+04
    0.69229E-01    0.93440E+04
    0.70627E-01    0.91412E+04
    0.72054E-01    0.89256E+04
    0.73510E-01    0.86971E+04
    0.74994E-01    0.84569E+04
    0.76509E-01    0.82057E+04
    0.78055E-01    0.79455E+04
    0.79632E-01    0.76784E+04
    0.81241E-01    0.74064E+04
    0.82882E-01    0.71323E+04
    0.84556E-01    0.68584E+04
    0.86264E-01    0.65875E+04
    0.88007E-01    0.63221E+04
    0.89785E-01    0.60649E+04
    0.91598E-01    0.58189E+04
    0.93449E-01    0.55865E+04
    0.95337E-01    0.53702E+04
    0.97263E-01    0.51718E+04
    0.99227E-01    0.49930E+04
    0.10123E+00    0.48343E+04
    0.10328E+00    0.46952E+04
    0.10536E+00    0.45751E+04
    0.10749E+00    0.44717E+04
    0.10966E+00    0.43824E+04
    0.11188E+00    0.43041E+04
    0.11414E+00    0.42332E+04
    0.11644E+00    0.41662E+04
    0.11880E+00    0.40992E+04
    0.12120E+00    0.40288E+04
    0.12365E+00    0.39518E+04
    0.12614E+00    0.38655E+04
    0.12869E+00    0.37680E+04
    0.13129E+00    0.36584E+04
    0.13394E+00    0.35367E+04
    0.13665E+00    0.34042E+04
    0.13941E+00    0.32634E+04
    0.14223E+00    0.31173E+04
    0.14510E+00    0.29698E+04
    0.14803E+00    0.28252E+04
    0.15102E+00    0.26879E+04
    0.15407E+00    0.25617E+04
    0.15718E+00    0.24495E+04
    0.16036E+00    0.23527E+04
    0.16360E+00    0.22713E+04
    0.16690E+00    0.22038E+04
    0.17028E+00    0.21479E+04
    0.17371E+00    0.21006E+04
    0.17722E+00    0.20583E+04
    0.18080E+00    0.20172E+04
    0.18446E+00    0.19729E+04
    0.18818E+00    0.19220E+04
    0.19198E+00    0.18626E+04
    0.19586E+00    0.17947E+04
    0.19982E+00    0.17199E+04
    0.20386E+00    0.16411E+04
    0.20797E+00    0.15614E+04
    0.21218E+00    0.14844E+04
    0.21646E+00    0.14135E+04
    0.22083E+00    0.13512E+04
    0.22530E+00    0.12984E+04
    0.22985E+00    0.12546E+04
    0.23449E+00    0.12178E+04
    0.23923E+00    0.11854E+04
    0.24406E+00    0.11542E+04
    0.24899E+00    0.11212E+04
    0.25402E+00    0.10841E+04
    0.25915E+00    0.10427E+04
    0.26439E+00    0.99805E+03
    0.26973E+00    0.95213E+03
    0.27518E+00    0.90727E+03
    0.28074E+00    0.86573E+03
    0.28641E+00    0.82911E+03
    0.29219E+00    0.79769E+03
    0.29810E+00    0.77041E+03
    0.30412E+00    0.74546E+03
    0.31026E+00    0.72098E+03
    0.31653E+00    0.69546E+03
    0.32292E+00    0.66819E+03
    0.32945E+00    0.63959E+03
    0.33610E+00    0.61100E+03
    0.34289E+00    0.58384E+03
    0.34982E+00    0.55903E+03
    0.35689E+00    0.53680E+03
    0.36409E+00    0.51673E+03
    0.37145E+00    0.49779E+03
    0.37895E+00    0.47896E+03
    0.38661E+00    0.45974E+03
    0.39442E+00    0.44027E+03
    0.40239E+00    0.42113E+03
    0.41052E+00    0.40298E+03
    0.41881E+00    0.38623E+03
    0.42727E+00    0.37071E+03
    0.43590E+00    0.35604E+03
    0.44471E+00    0.34174E+03
    0.45369E+00    0.32752E+03
    0.46286E+00    0.31354E+03
    0.47221E+00    0.30007E+03
    0.48174E+00    0.28734E+03
    0.49148E+00    0.27537E+03
    0.50141E+00    0.26398E+03
    0.51153E+00    0.25297E+03
    0.52187E+00    0.24222E+03
    0.53241E+00    0.23181E+03
    0.54317E+00    0.22185E+03
    0.55414E+00    0.21239E+03
    0.56533E+00    0.20338E+03
    0.57675E+00    0.19470E+03
    0.58840E+00    0.18632E+03
    0.60029E+00    0.17826E+03
    0.61242E+00    0.17053E+03
    0.62479E+00    0.16316E+03
    0.63741E+00    0.15611E+03
    0.65029E+00    0.14934E+03
    0.66342E+00    0.14284E+03
    0.67683E+00    0.13661E+03
    0.69050E+00    0.13063E+03
    0.70445E+00    0.12490E+03
    0.71868E+00    0.11940E+03
    0.73320E+00    0.11414E+03
    0.74801E+00    0.10910E+03
    0.76312E+00    0.10427E+03
    0.77854E+00    0.99640E+02
    0.79426E+00    0.95212E+02
    0.81031E+00    0.90973E+02
    0.82668E+00    0.86916E+02
    0.84338E+00    0.83034E+02
    0.86041E+00    0.79318E+02
    0.87780E+00    0.75763E+02
    0.89553E+00    0.72361E+02
    0.91362E+00    0.69106E+02
    0.93208E+00    0.65992E+02
    0.95091E+00    0.63014E+02
    0.97011E+00    0.60164E+02
    0.98971E+00    0.57439E+02
    0.10097E+01    0.54832E+02
    0.10301E+01    0.52339E+02
    0.10509E+01    0.49956E+02
    0.10721E+01    0.47677E+02
    0.10938E+01    0.45498E+02
    0.11159E+01    0.43416E+02
    0.11384E+01    0.41425E+02
    0.11614E+01    0.39523E+02
    0.11849E+01    0.37705E+02
    0.12088E+01    0.35968E+02
    0.12333E+01    0.34308E+02
    0.12582E+01    0.32723E+02
    0.12836E+01    0.31208E+02
    0.13095E+01    0.29762E+02
    0.13360E+01    0.28380E+02
    0.13630E+01    0.27061E+02
    0.13905E+01    0.25801E+02
    0.14186E+01    0.24599E+02
    0.14472E+01    0.23450E+02
    0.14765E+01    0.22354E+02
    0.15063E+01    0.21308E+02
    0.15367E+01    0.20309E+02
    0.15678E+01    0.19356E+02
    0.15994E+01    0.18447E+02
    0.16318E+01    0.17579E+02
    0.16647E+01    0.16751E+02
    0.16984E+01    0.15960E+02
    0.17327E+01    0.15206E+02
    0.17677E+01    0.14487E+02
    0.18034E+01    0.13800E+02
    0.18398E+01    0.13146E+02
    0.18770E+01    0.12521E+02
    0.19149E+01    0.11925E+02
    0.19536E+01    0.11357E+02
    0.19930E+01    0.10815E+02
    0.20333E+01    0.10298E+02
    0.20744E+01    0.98054E+01
    0.21163E+01    0.93358E+01
    0.21590E+01    0.88883E+01
    0.22026E+01    0.84620E+01
    0.22471E+01    0.80559E+01
    0.22925E+01    0.76691E+01
    0.23388E+01    0.73007E+01
    0.23861E+01    0.69500E+01
