    0.10000E-03    0.93217E+03
    0.10202E-03    0.95037E+03
    0.10408E-03    0.96893E+03
    0.10618E-03    0.98786E+03
    0.10833E-03    0.10071E+04
    0.11052E-03    0.10268E+04
    0.11275E-03    0.10469E+04
    0.11503E-03    0.10673E+04
    0.11735E-03    0.10881E+04
    0.11972E-03    0.11094E+04
    0.12214E-03    0.11310E+04
    0.12461E-03    0.11531E+04
    0.12712E-03    0.11756E+04
    0.12969E-03    0.11986E+04
    0.13231E-03    0.12219E+04
    0.13499E-03    0.12458E+04
    0.13771E-03    0.12701E+04
    0.14049E-03    0.12949E+04
    0.14333E-03    0.13201E+04
    0.14623E-03    0.13459E+04
    0.14918E-03    0.13721E+04
    0.15220E-03    0.13989E+04
    0.15527E-03    0.14262E+04
    0.15841E-03    0.14540E+04
    0.16161E-03    0.14823E+04
    0.16487E-03    0.15112E+04
    0.16820E-03    0.15407E+04
    0.17160E-03    0.15707E+04
    0.17507E-03    0.16013E+04
    0.17860E-03    0.16325E+04
    0.18221E-03    0.16643E+04
    0.18589E-03    0.16967E+04
    0.18965E-03    0.17298E+04
    0.19348E-03    0.17634E+04
    0.19739E-03    0.17978E+04
    0.20138E-03    0.18328E+04
    0.20544E-03    0.18684E+04
    0.20959E-03    0.19048E+04
    0.21383E-03    0.19418E+04
    0.21815E-03    0.19796E+04
    0.22255E-03    0.20181E+04
    0.22705E-03    0.20573E+04
    0.23164E-03    0.20973E+04
    0.23632E-03    0.21380E+04
    0.24109E-03    0.21796E+04
    0.24596E-03    0.22219E+04
    0.25093E-03    0.22651E+04
    0.25600E-03    0.23090E+04
    0.26117E-03    0.23538E+04
    0.26645E-03    0.23995E+04
    0.27183E-03    0.24460E+04
    0.27732E-03    0.24934E+04
    0.28292E-03    0.25418E+04
    0.28864E-03    0.25910E+04
    0.29447E-03    0.26412E+04
    0.30042E-03    0.26923E+04
    0.30649E-03    0.27444E+04
    0.31268E-03    0.27975E+04
    0.31899E-03    0.28516E+04
    0.32544E-03    0.29067E+04
    0.33201E-03    0.29629E+04
    0.33872E-03    0.30201E+04
    0.34556E-03    0.30784E+04
    0.35254E-03    0.31378E+04
    0.35966E-03    0.31983E+04
    0.36693E-03    0.32599E+04
    0.37434E-03    0.33227E+04
    0.38190E-03    0.33867E+04
    0.38962E-03    0.34518E+04
    0.39749E-03    0.35182E+04
    0.40552E-03    0.35858E+04
    0.41371E-03    0.36547E+04
    0.42207E-03    0.37248E+04
    0.43060E-03    0.37963E+04
    0.43929E-03    0.38690E+04
    0.44817E-03    0.39431E+04
    0.45722E-03    0.40186E+04
    0.46646E-03    0.40954E+04
    0.47588E-03    0.41737E+04
    0.48550E-03    0.42534E+04
    0.49530E-03    0.43345E+04
    0.50531E-03    0.44172E+04
    0.51552E-03    0.45013E+04
    0.52593E-03    0.45869E+04
    0.53656E-03    0.46741E+04
    0.54739E-03    0.47629E+04
    0.55845E-03    0.48532E+04
    0.56973E-03    0.49452E+04
    0.58124E-03    0.50388E+04
    0.59299E-03    0.51341E+04
    0.60496E-03    0.52311E+04
    0.61719E-03    0.53298E+04
    0.62965E-03    0.54302E+04
    0.64237E-03    0.55324E+04
    0.65535E-03    0.56364E+04
    0.66859E-03    0.57423E+04
    0.68210E-03    0.58499E+04
    0.69588E-03    0.59595E+04
    0.70993E-03    0.60709E+04
    0.72427E-03    0.61843E+04
    0.73891E-03    0.62996E+04
    0.75383E-03    0.64168E+04
    0.76906E-03    0.65361E+04
    0.78460E-03    0.66574E+04
    0.80045E-03    0.67808E+04
    0.81662E-03    0.69062E+04
    0.83311E-03    0.70337E+04
    0.84994E-03    0.71633E+04
    0.86711E-03    0.72951E+04
    0.88463E-03    0.74291E+04
    0.90250E-03    0.75652E+04
    0.92073E-03    0.77036E+04
    0.93933E-03    0.78442E+04
    0.95831E-03    0.79871E+04
    0.97767E-03    0.81323E+04
    0.99742E-03    0.82798E+04
    0.10176E-02    0.84296E+04
    0.10381E-02    0.85817E+04
    0.10591E-02    0.87363E+04
    0.10805E-02    0.88932E+04
    0.11023E-02    0.90526E+04
    0.11246E-02    0.92144E+04
    0.11473E-02    0.93787E+04
    0.11705E-02    0.95454E+04
    0.11941E-02    0.97146E+04
    0.12182E-02    0.98863E+04
    0.12429E-02    0.10061E+05
    0.12680E-02    0.10237E+05
    0.12936E-02    0.10417E+05
    0.13197E-02    0.10598E+05
    0.13464E-02    0.10783E+05
    0.13736E-02    0.10970E+05
    0.14013E-02    0.11159E+05
    0.14296E-02    0.11352E+05
    0.14585E-02    0.11546E+05
    0.14880E-02    0.11744E+05
    0.15180E-02    0.11944E+05
    0.15487E-02    0.12146E+05
    0.15800E-02    0.12352E+05
    0.16119E-02    0.12559E+05
    0.16445E-02    0.12770E+05
    0.16777E-02    0.12983E+05
    0.17116E-02    0.13198E+05
    0.17462E-02    0.13416E+05
    0.17814E-02    0.13637E+05
    0.18174E-02    0.13860E+05
    0.18541E-02    0.14086E+05
    0.18916E-02    0.14314E+05
    0.19298E-02    0.14545E+05
    0.19688E-02    0.14778E+05
    0.20086E-02    0.15014E+05
    0.20491E-02    0.15252E+05
    0.20905E-02    0.15493E+05
    0.21328E-02    0.15736E+05
    0.21758E-02    0.15981E+05
    0.22198E-02    0.16229E+05
    0.22646E-02    0.16478E+05
    0.23104E-02    0.16730E+05
    0.23571E-02    0.16984E+05
    0.24047E-02    0.17241E+05
    0.24533E-02    0.17499E+05
    0.25028E-02    0.17759E+05
    0.25534E-02    0.18022E+05
    0.26050E-02    0.18286E+05
    0.26576E-02    0.18552E+05
    0.27113E-02    0.18820E+05
    0.27660E-02    0.19089E+05
    0.28219E-02    0.19360E+05
    0.28789E-02    0.19633E+05
    0.29371E-02    0.19907E+05
    0.29964E-02    0.20183E+05
    0.30569E-02    0.20459E+05
    0.31187E-02    0.20737E+05
    0.31817E-02    0.21016E+05
    0.32460E-02    0.21297E+05
    0.33115E-02    0.21578E+05
    0.33784E-02    0.21859E+05
    0.34467E-02    0.22142E+05
    0.35163E-02    0.22425E+05
    0.35874E-02    0.22708E+05
    0.36598E-02    0.22992E+05
    0.37338E-02    0.23276E+05
    0.38092E-02    0.23560E+05
    0.38861E-02    0.23844E+05
    0.39646E-02    0.24128E+05
    0.40447E-02    0.24411E+05
    0.41264E-02    0.24694E+05
    0.42098E-02    0.24976E+05
    0.42948E-02    0.25258E+05
    0.43816E-02    0.25538E+05
    0.44701E-02    0.25817E+05
    0.45604E-02    0.26095E+05
    0.46525E-02    0.26372E+05
    0.47465E-02    0.26646E+05
    0.48424E-02    0.26920E+05
    0.49402E-02    0.27191E+05
    0.50400E-02    0.27460E+05
    0.51419E-02    0.27726E+05
    0.52457E-02    0.27989E+05
    0.53517E-02    0.28250E+05
    0.54598E-02    0.28506E+05
    0.55701E-02    0.28760E+05
    0.56826E-02    0.29010E+05
    0.57974E-02    0.29256E+05
    0.59145E-02    0.29497E+05
    0.60340E-02    0.29735E+05
    0.61559E-02    0.29967E+05
    0.62803E-02    0.30195E+05
    0.64072E-02    0.30418E+05
    0.65366E-02    0.30636E+05
    0.66686E-02    0.30848E+05
    0.68033E-02    0.31055E+05
    0.69408E-02    0.31255E+05
    0.70810E-02    0.31449E+05
    0.72240E-02    0.31636E+05
    0.73700E-02    0.31816E+05
    0.75189E-02    0.31988E+05
    0.76708E-02    0.32154E+05
    0.78257E-02    0.32311E+05
    0.79838E-02    0.32460E+05
    0.81451E-02    0.32601E+05
    0.83096E-02    0.32732E+05
    0.84775E-02    0.32855E+05
    0.86488E-02    0.32968E+05
    0.88235E-02    0.33071E+05
    0.90017E-02    0.33165E+05
    0.91836E-02    0.33247E+05
    0.93691E-02    0.33319E+05
    0.95583E-02    0.33381E+05
    0.97514E-02    0.33430E+05
    0.99484E-02    0.33468E+05
    0.10149E-01    0.33494E+05
    0.10354E-01    0.33508E+05
    0.10564E-01    0.33509E+05
    0.10777E-01    0.33497E+05
    0.10995E-01    0.33472E+05
    0.11217E-01    0.33434E+05
    0.11443E-01    0.33381E+05
    0.11675E-01    0.33314E+05
    0.11910E-01    0.33233E+05
    0.12151E-01    0.33137E+05
    0.12397E-01    0.33026E+05
    0.12647E-01    0.32900E+05
    0.12902E-01    0.32759E+05
    0.13163E-01    0.32601E+05
    0.13429E-01    0.32428E+05
    0.13700E-01    0.32239E+05
    0.13977E-01    0.32034E+05
    0.14259E-01    0.31812E+05
    0.14547E-01    0.31574E+05
    0.14841E-01    0.31319E+05
    0.15141E-01    0.31048E+05
    0.15447E-01    0.30760E+05
    0.15759E-01    0.30456E+05
    0.16077E-01    0.30135E+05
    0.16402E-01    0.29797E+05
    0.16734E-01    0.29444E+05
    0.17072E-01    0.29074E+05
    0.17416E-01    0.28688E+05
    0.17768E-01    0.28287E+05
    0.18127E-01    0.27870E+05
    0.18493E-01    0.27439E+05
    0.18867E-01    0.26993E+05
    0.19248E-01    0.26533E+05
    0.19637E-01    0.26060E+05
    0.20034E-01    0.25574E+05
    0.20438E-01    0.25076E+05
    0.20851E-01    0.24567E+05
    0.21272E-01    0.24047E+05
    0.21702E-01    0.23518E+05
    0.22141E-01    0.22980E+05
    0.22588E-01    0.22435E+05
    0.23044E-01    0.21883E+05
    0.23510E-01    0.21325E+05
    0.23985E-01    0.20764E+05
    0.24469E-01    0.20199E+05
    0.24964E-01    0.19633E+05
    0.25468E-01    0.19066E+05
    0.25982E-01    0.18500E+05
    0.26507E-01    0.17936E+05
    0.27043E-01    0.17376E+05
    0.27589E-01    0.16821E+05
    0.28146E-01    0.16272E+05
    0.28715E-01    0.15732E+05
    0.29295E-01    0.15200E+05
    0.29887E-01    0.14679E+05
    0.30490E-01    0.14170E+05
    0.31106E-01    0.13674E+05
    0.31735E-01    0.13192E+05
    0.32376E-01    0.12725E+05
    0.33030E-01    0.12275E+05
    0.33697E-01    0.11843E+05
    0.34378E-01    0.11429E+05
    0.35072E-01    0.11033E+05
    0.35781E-01    0.10658E+05
    0.36504E-01    0.10303E+05
    0.37241E-01    0.99688E+04
    0.37993E-01    0.96556E+04
    0.38761E-01    0.93637E+04
    0.39544E-01    0.90931E+04
    0.40343E-01    0.88436E+04
    0.41158E-01    0.86151E+04
    0.41989E-01    0.84076E+04
    0.42838E-01    0.82206E+04
    0.43703E-01    0.80525E+04
    0.44586E-01    0.79017E+04
    0.45486E-01    0.77665E+04
    0.46405E-01    0.76457E+04
    0.47343E-01    0.75379E+04
    0.48299E-01    0.74422E+04
    0.49275E-01    0.73577E+04
    0.50270E-01    0.72833E+04
    0.51286E-01    0.72172E+04
    0.52322E-01    0.71571E+04
    0.53379E-01    0.71005E+04
    0.54457E-01    0.70450E+04
    0.55557E-01    0.69876E+04
    0.56680E-01    0.69250E+04
    0.57825E-01    0.68541E+04
    0.58993E-01    0.67721E+04
    0.60184E-01    0.66763E+04
    0.61400E-01    0.65645E+04
    0.62641E-01    0.64351E+04
    0.63906E-01    0.62873E+04
    0.65197E-01    0.61210E+04
    0.66514E-01    0.59365E+04
    0.67858E-01    0.57352E+04
    0.69229E-01    0.55186E+04
    0.70627E-01    0.52887E+04
    0.72054E-01    0.50481E+04
    0.73510E-01    0.47994E+04
    0.74994E-01    0.45460E+04
    0.76509E-01    0.42914E+04
    0.78055E-01    0.40393E+04
    0.79632E-01    0.37942E+04
    0.81241E-01    0.35601E+04
    0.82882E-01    0.33408E+04
    0.84556E-01    0.31398E+04
    0.86264E-01    0.29594E+04
    0.88007E-01    0.28012E+04
    0.89785E-01    0.26660E+04
    0.91598E-01    0.25540E+04
    0.93449E-01    0.24642E+04
    0.95337E-01    0.23955E+04
    0.97263E-01    0.23458E+04
    0.99227E-01    0.23124E+04
    0.10123E+00    0.22924E+04
    0.10328E+00    0.22818E+04
    0.10536E+00    0.22764E+04
    0.10749E+00    0.22720E+04
    0.10966E+00    0.22641E+04
    0.11188E+00    0.22484E+04
    0.11414E+00    0.22216E+04
    0.11644E+00    0.21805E+04
    0.11880E+00    0.21233E+04
    0.12120E+00    0.20491E+04
    0.12365E+00    0.19588E+04
    0.12614E+00    0.18548E+04
    0.12869E+00    0.17416E+04
    0.13129E+00    0.16245E+04
    0.13394E+00    0.15094E+04
    0.13665E+00    0.14015E+04
    0.13941E+00    0.13049E+04
    0.14223E+00    0.12222E+04
    0.14510E+00    0.11548E+04
    0.14803E+00    0.11032E+04
    0.15102E+00    0.10667E+04
    0.15407E+00    0.10438E+04
    0.15718E+00    0.10314E+04
    0.16036E+00    0.10253E+04
    0.16360E+00    0.10208E+04
    0.16690E+00    0.10130E+04
    0.17028E+00    0.99830E+03
    0.17371E+00    0.97429E+03
    0.17722E+00    0.93994E+03
    0.18080E+00    0.89582E+03
    0.18446E+00    0.84425E+03
    0.18818E+00    0.78912E+03
    0.19198E+00    0.73491E+03
    0.19586E+00    0.68550E+03
    0.19982E+00    0.64369E+03
    0.20386E+00    0.61110E+03
    0.20797E+00    0.58791E+03
    0.21218E+00    0.57253E+03
    0.21646E+00    0.56206E+03
    0.22083E+00    0.55324E+03
    0.22530E+00    0.54312E+03
    0.22985E+00    0.52924E+03
    0.23449E+00    0.51010E+03
    0.23923E+00    0.48592E+03
    0.24406E+00    0.45858E+03
    0.24899E+00    0.43076E+03
    0.25402E+00    0.40506E+03
    0.25915E+00    0.38333E+03
    0.26439E+00    0.36632E+03
    0.26973E+00    0.35362E+03
    0.27518E+00    0.34373E+03
    0.28074E+00    0.33453E+03
    0.28641E+00    0.32430E+03
    0.29219E+00    0.31204E+03
    0.29810E+00    0.29770E+03
    0.30412E+00    0.28222E+03
    0.31026E+00    0.26703E+03
    0.31653E+00    0.25344E+03
    0.32292E+00    0.24211E+03
    0.32945E+00    0.23276E+03
    0.33610E+00    0.22461E+03
    0.34289E+00    0.21664E+03
    0.34982E+00    0.20809E+03
    0.35689E+00    0.19878E+03
    0.36409E+00    0.18916E+03
    0.37145E+00    0.17989E+03
    0.37895E+00    0.17152E+03
    0.38661E+00    0.16422E+03
    0.39442E+00    0.15763E+03
    0.40239E+00    0.15132E+03
    0.41052E+00    0.14490E+03
    0.41881E+00    0.13834E+03
    0.42727E+00    0.13187E+03
    0.43590E+00    0.12579E+03
    0.44471E+00    0.12022E+03
    0.45369E+00    0.11508E+03
    0.46286E+00    0.11016E+03
    0.47221E+00    0.10530E+03
    0.48174E+00    0.10051E+03
    0.49148E+00    0.95918E+02
    0.50141E+00    0.91604E+02
    0.51153E+00    0.87535E+02
    0.52187E+00    0.83659E+02
    0.53241E+00    0.79917E+02
    0.54317E+00    0.76285E+02
    0.55414E+00    0.72810E+02
    0.56533E+00    0.69519E+02
    0.57675E+00    0.66384E+02
    0.58840E+00    0.63382E+02
    0.60029E+00    0.60508E+02
    0.61242E+00    0.57757E+02
    0.62479E+00    0.55124E+02
    0.63741E+00    0.52604E+02
    0.65029E+00    0.50195E+02
    0.66342E+00    0.47891E+02
    0.67683E+00    0.45689E+02
    0.69050E+00    0.43584E+02
    0.70445E+00    0.41574E+02
    0.71868E+00    0.39654E+02
    0.73320E+00    0.37820E+02
    0.74801E+00    0.36069E+02
    0.76312E+00    0.34397E+02
    0.77854E+00    0.32801E+02
    0.79426E+00    0.31277E+02
    0.81031E+00    0.29822E+02
    0.82668E+00    0.28432E+02
    0.84338E+00    0.27106E+02
    0.86041E+00    0.25840E+02
    0.87780E+00    0.24631E+02
    0.89553E+00    0.23477E+02
    0.91362E+00    0.22376E+02
    0.93208E+00    0.21325E+02
    0.95091E+00    0.20321E+02
    0.97011E+00    0.19364E+02
    0.98971E+00    0.18450E+02
    0.10097E+01    0.17579E+02
    0.10301E+01    0.16747E+02
    0.10509E+01    0.15954E+02
    0.10721E+01    0.15198E+02
    0.10938E+01    0.14476E+02
    0.11159E+01    0.13788E+02
    0.11384E+01    0.13132E+02
    0.11614E+01    0.12506E+02
    0.11849E+01    0.11909E+02
    0.12088E+01    0.11340E+02
    0.12333E+01    0.10798E+02
    0.12582E+01    0.10281E+02
    0.12836E+01    0.97885E+01
    0.13095E+01    0.93189E+01
    0.13360E+01    0.88713E+01
    0.13630E+01    0.84447E+01
    0.13905E+01    0.80383E+01
    0.14186E+01    0.76510E+01
    0.14472E+01    0.72820E+01
    0.14765E+01    0.69304E+01
    0.15063E+01    0.65954E+01
    0.15367E+01    0.62762E+01
    0.15678E+01    0.59722E+01
    0.15994E+01    0.56826E+01
    0.16318E+01    0.54067E+01
    0.16647E+01    0.51438E+01
    0.16984E+01    0.48935E+01
    0.17327E+01    0.46551E+01
    0.17677E+01    0.44280E+01
    0.18034E+01    0.42117E+01
    0.18398E+01    0.40058E+01
    0.18770E+01    0.38098E+01
    0.19149E+01    0.36232E+01
    0.19536E+01    0.34456E+01
    0.19930E+01    0.32766E+01
    0.20333E+01    0.31159E+01
    0.20744E+01    0.29629E+01
    0.21163E+01    0.28175E+01
    0.21590E+01    0.26791E+01
