    0.10000E-03    0.10265E+04
    0.10202E-03    0.10465E+04
    0.10408E-03    0.10670E+04
    0.10618E-03    0.10878E+04
    0.10833E-03    0.11090E+04
    0.11052E-03    0.11307E+04
    0.11275E-03    0.11528E+04
    0.11503E-03    0.11753E+04
    0.11735E-03    0.11982E+04
    0.11972E-03    0.12216E+04
    0.12214E-03    0.12454E+04
    0.12461E-03    0.12698E+04
    0.12712E-03    0.12945E+04
    0.12969E-03    0.13198E+04
    0.13231E-03    0.13455E+04
    0.13499E-03    0.13718E+04
    0.13771E-03    0.13985E+04
    0.14049E-03    0.14258E+04
    0.14333E-03    0.14536E+04
    0.14623E-03    0.14820E+04
    0.14918E-03    0.15109E+04
    0.15220E-03    0.15403E+04
    0.15527E-03    0.15704E+04
    0.15841E-03    0.16010E+04
    0.16161E-03    0.16322E+04
    0.16487E-03    0.16640E+04
    0.16820E-03    0.16964E+04
    0.17160E-03    0.17294E+04
    0.17507E-03    0.17631E+04
    0.17860E-03    0.17975E+04
    0.18221E-03    0.18325E+04
    0.18589E-03    0.18681E+04
    0.18965E-03    0.19045E+04
    0.19348E-03    0.19416E+04
    0.19739E-03    0.19794E+04
    0.20138E-03    0.20179E+04
    0.20544E-03    0.20571E+04
    0.20959E-03    0.20971E+04
    0.21383E-03    0.21379E+04
    0.21815E-03    0.21794E+04
    0.22255E-03    0.22218E+04
    0.22705E-03    0.22650E+04
    0.23164E-03    0.23090E+04
    0.23632E-03    0.23538E+04
    0.24109E-03    0.23995E+04
    0.24596E-03    0.24461E+04
    0.25093E-03    0.24935E+04
    0.25600E-03    0.25419E+04
    0.26117E-03    0.25912E+04
    0.26645E-03    0.26414E+04
    0.27183E-03    0.26926E+04
    0.27732E-03    0.27447E+04
    0.28292E-03    0.27979E+04
    0.28864E-03    0.28520E+04
    0.29447E-03    0.29072E+04
    0.30042E-03    0.29634E+04
    0.30649E-03    0.30207E+04
    0.31268E-03    0.30791E+04
    0.31899E-03    0.31386E+04
    0.32544E-03    0.31992E+04
    0.33201E-03    0.32609E+04
    0.33872E-03    0.33238E+04
    0.34556E-03    0.33879E+04
    0.35254E-03    0.34532E+04
    0.35966E-03    0.35197E+04
    0.36693E-03    0.35874E+04
    0.37434E-03    0.36564E+04
    0.38190E-03    0.37267E+04
    0.38962E-03    0.37983E+04
    0.39749E-03    0.38712E+04
    0.40552E-03    0.39455E+04
    0.41371E-03    0.40211E+04
    0.42207E-03    0.40982E+04
    0.43060E-03    0.41766E+04
    0.43929E-03    0.42565E+04
    0.44817E-03    0.43379E+04
    0.45722E-03    0.44207E+04
    0.46646E-03    0.45051E+04
    0.47588E-03    0.45910E+04
    0.48550E-03    0.46785E+04
    0.49530E-03    0.47675E+04
    0.50531E-03    0.48582E+04
    0.51552E-03    0.49505E+04
    0.52593E-03    0.50444E+04
    0.53656E-03    0.51401E+04
    0.54739E-03    0.52374E+04
    0.55845E-03    0.53365E+04
    0.56973E-03    0.54373E+04
    0.58124E-03    0.55400E+04
    0.59299E-03    0.56444E+04
    0.60496E-03    0.57507E+04
    0.61719E-03    0.58589E+04
    0.62965E-03    0.59689E+04
    0.64237E-03    0.60809E+04
    0.65535E-03    0.61948E+04
    0.66859E-03    0.63107E+04
    0.68210E-03    0.64286E+04
    0.69588E-03    0.65485E+04
    0.70993E-03    0.66705E+04
    0.72427E-03    0.67945E+04
    0.73891E-03    0.69206E+04
    0.75383E-03    0.70489E+04
    0.76906E-03    0.71794E+04
    0.78460E-03    0.73120E+04
    0.80045E-03    0.74468E+04
    0.81662E-03    0.75839E+04
    0.83311E-03    0.77232E+04
    0.84994E-03    0.78649E+04
    0.86711E-03    0.80088E+04
    0.88463E-03    0.81551E+04
    0.90250E-03    0.83037E+04
    0.92073E-03    0.84547E+04
    0.93933E-03    0.86081E+04
    0.95831E-03    0.87640E+04
    0.97767E-03    0.89223E+04
    0.99742E-03    0.90831E+04
    0.10176E-02    0.92463E+04
    0.10381E-02    0.94121E+04
    0.10591E-02    0.95805E+04
    0.10805E-02    0.97514E+04
    0.11023E-02    0.99248E+04
    0.11246E-02    0.10101E+05
    0.11473E-02    0.10280E+05
    0.11705E-02    0.10461E+05
    0.11941E-02    0.10645E+05
    0.12182E-02    0.10831E+05
    0.12429E-02    0.11021E+05
    0.12680E-02    0.11212E+05
    0.12936E-02    0.11407E+05
    0.13197E-02    0.11604E+05
    0.13464E-02    0.11804E+05
    0.13736E-02    0.12007E+05
    0.14013E-02    0.12212E+05
    0.14296E-02    0.12421E+05
    0.14585E-02    0.12631E+05
    0.14880E-02    0.12845E+05
    0.15180E-02    0.13061E+05
    0.15487E-02    0.13280E+05
    0.15800E-02    0.13502E+05
    0.16119E-02    0.13726E+05
    0.16445E-02    0.13953E+05
    0.16777E-02    0.14183E+05
    0.17116E-02    0.14416E+05
    0.17462E-02    0.14651E+05
    0.17814E-02    0.14888E+05
    0.18174E-02    0.15129E+05
    0.18541E-02    0.15371E+05
    0.18916E-02    0.15617E+05
    0.19298E-02    0.15865E+05
    0.19688E-02    0.16115E+05
    0.20086E-02    0.16368E+05
    0.20491E-02    0.16623E+05
    0.20905E-02    0.16881E+05
    0.21328E-02    0.17141E+05
    0.21758E-02    0.17404E+05
    0.22198E-02    0.17668E+05
    0.22646E-02    0.17935E+05
    0.23104E-02    0.18204E+05
    0.23571E-02    0.18475E+05
    0.24047E-02    0.18748E+05
    0.24533E-02    0.19023E+05
    0.25028E-02    0.19300E+05
    0.25534E-02    0.19579E+05
    0.26050E-02    0.19860E+05
    0.26576E-02    0.20142E+05
    0.27113E-02    0.20426E+05
    0.27660E-02    0.20712E+05
    0.28219E-02    0.20999E+05
    0.28789E-02    0.21287E+05
    0.29371E-02    0.21576E+05
    0.29964E-02    0.21867E+05
    0.30569E-02    0.22159E+05
    0.31187E-02    0.22451E+05
    0.31817E-02    0.22745E+05
    0.32460E-02    0.23039E+05
    0.33115E-02    0.23334E+05
    0.33784E-02    0.23629E+05
    0.34467E-02    0.23925E+05
    0.35163E-02    0.24221E+05
    0.35874E-02    0.24517E+05
    0.36598E-02    0.24813E+05
    0.37338E-02    0.25108E+05
    0.38092E-02    0.25404E+05
    0.38861E-02    0.25698E+05
    0.39646E-02    0.25993E+05
    0.40447E-02    0.26286E+05
    0.41264E-02    0.26578E+05
    0.42098E-02    0.26869E+05
    0.42948E-02    0.27159E+05
    0.43816E-02    0.27447E+05
    0.44701E-02    0.27734E+05
    0.45604E-02    0.28018E+05
    0.46525E-02    0.28301E+05
    0.47465E-02    0.28581E+05
    0.48424E-02    0.28859E+05
    0.49402E-02    0.29134E+05
    0.50400E-02    0.29407E+05
    0.51419E-02    0.29676E+05
    0.52457E-02    0.29941E+05
    0.53517E-02    0.30203E+05
    0.54598E-02    0.30461E+05
    0.55701E-02    0.30714E+05
    0.56826E-02    0.30963E+05
    0.57974E-02    0.31207E+05
    0.59145E-02    0.31446E+05
    0.60340E-02    0.31679E+05
    0.61559E-02    0.31908E+05
    0.62803E-02    0.32130E+05
    0.64072E-02    0.32347E+05
    0.65366E-02    0.32557E+05
    0.66686E-02    0.32761E+05
    0.68033E-02    0.32959E+05
    0.69408E-02    0.33149E+05
    0.70810E-02    0.33332E+05
    0.72240E-02    0.33507E+05
    0.73700E-02    0.33674E+05
    0.75189E-02    0.33832E+05
    0.76708E-02    0.33983E+05
    0.78257E-02    0.34124E+05
    0.79838E-02    0.34256E+05
    0.81451E-02    0.34378E+05
    0.83096E-02    0.34490E+05
    0.84775E-02    0.34592E+05
    0.86488E-02    0.34684E+05
    0.88235E-02    0.34764E+05
    0.90017E-02    0.34833E+05
    0.91836E-02    0.34891E+05
    0.93691E-02    0.34937E+05
    0.95583E-02    0.34971E+05
    0.97514E-02    0.34992E+05
    0.99484E-02    0.35000E+05
    0.10149E-01    0.34995E+05
    0.10354E-01    0.34977E+05
    0.10564E-01    0.34945E+05
    0.10777E-01    0.34899E+05
    0.10995E-01    0.34838E+05
    0.11217E-01    0.34762E+05
    0.11443E-01    0.34672E+05
    0.11675E-01    0.34566E+05
    0.11910E-01    0.34445E+05
    0.12151E-01    0.34308E+05
    0.12397E-01    0.34154E+05
    0.12647E-01    0.33985E+05
    0.12902E-01    0.33799E+05
    0.13163E-01    0.33596E+05
    0.13429E-01    0.33377E+05
    0.13700E-01    0.33140E+05
    0.13977E-01    0.32887E+05
    0.14259E-01    0.32616E+05
    0.14547E-01    0.32328E+05
    0.14841E-01    0.32022E+05
    0.15141E-01    0.31700E+05
    0.15447E-01    0.31360E+05
    0.15759E-01    0.31003E+05
    0.16077E-01    0.30629E+05
    0.16402E-01    0.30238E+05
    0.16734E-01    0.29831E+05
    0.17072E-01    0.29407E+05
    0.17416E-01    0.28967E+05
    0.17768E-01    0.28512E+05
    0.18127E-01    0.28042E+05
    0.18493E-01    0.27556E+05
    0.18867E-01    0.27057E+05
    0.19248E-01    0.26544E+05
    0.19637E-01    0.26018E+05
    0.20034E-01    0.25481E+05
    0.20438E-01    0.24932E+05
    0.20851E-01    0.24372E+05
    0.21272E-01    0.23804E+05
    0.21702E-01    0.23227E+05
    0.22141E-01    0.22643E+05
    0.22588E-01    0.22052E+05
    0.23044E-01    0.21457E+05
    0.23510E-01    0.20858E+05
    0.23985E-01    0.20257E+05
    0.24469E-01    0.19655E+05
    0.24964E-01    0.19053E+05
    0.25468E-01    0.18453E+05
    0.25982E-01    0.17856E+05
    0.26507E-01    0.17264E+05
    0.27043E-01    0.16678E+05
    0.27589E-01    0.16100E+05
    0.28146E-01    0.15531E+05
    0.28715E-01    0.14973E+05
    0.29295E-01    0.14426E+05
    0.29887E-01    0.13893E+05
    0.30490E-01    0.13374E+05
    0.31106E-01    0.12871E+05
    0.31735E-01    0.12384E+05
    0.32376E-01    0.11916E+05
    0.33030E-01    0.11466E+05
    0.33697E-01    0.11037E+05
    0.34378E-01    0.10629E+05
    0.35072E-01    0.10243E+05
    0.35781E-01    0.98786E+04
    0.36504E-01    0.95361E+04
    0.37241E-01    0.92158E+04
    0.37993E-01    0.89176E+04
    0.38761E-01    0.86415E+04
    0.39544E-01    0.83875E+04
    0.40343E-01    0.81555E+04
    0.41158E-01    0.79456E+04
    0.41989E-01    0.77576E+04
    0.42838E-01    0.75906E+04
    0.43703E-01    0.74425E+04
    0.44586E-01    0.73117E+04
    0.45486E-01    0.71966E+04
    0.46405E-01    0.70960E+04
    0.47343E-01    0.70087E+04
    0.48299E-01    0.69334E+04
    0.49275E-01    0.68694E+04
    0.50270E-01    0.68149E+04
    0.51286E-01    0.67676E+04
    0.52322E-01    0.67246E+04
    0.53379E-01    0.66833E+04
    0.54457E-01    0.66409E+04
    0.55557E-01    0.65939E+04
    0.56680E-01    0.65392E+04
    0.57825E-01    0.64736E+04
    0.58993E-01    0.63946E+04
    0.60184E-01    0.62998E+04
    0.61400E-01    0.61871E+04
    0.62641E-01    0.60553E+04
    0.63906E-01    0.59042E+04
    0.65197E-01    0.57334E+04
    0.66514E-01    0.55441E+04
    0.67858E-01    0.53375E+04
    0.69229E-01    0.51154E+04
    0.70627E-01    0.48806E+04
    0.72054E-01    0.46358E+04
    0.73510E-01    0.43844E+04
    0.74994E-01    0.41305E+04
    0.76509E-01    0.38777E+04
    0.78055E-01    0.36305E+04
    0.79632E-01    0.33933E+04
    0.81241E-01    0.31699E+04
    0.82882E-01    0.29642E+04
    0.84556E-01    0.27787E+04
    0.86264E-01    0.26154E+04
    0.88007E-01    0.24754E+04
    0.89785E-01    0.23593E+04
    0.91598E-01    0.22666E+04
    0.93449E-01    0.21957E+04
    0.95337E-01    0.21453E+04
    0.97263E-01    0.21124E+04
    0.99227E-01    0.20942E+04
    0.10123E+00    0.20872E+04
    0.10328E+00    0.20874E+04
    0.10536E+00    0.20907E+04
    0.10749E+00    0.20925E+04
    0.10966E+00    0.20883E+04
    0.11188E+00    0.20740E+04
    0.11414E+00    0.20460E+04
    0.11644E+00    0.20016E+04
    0.11880E+00    0.19395E+04
    0.12120E+00    0.18599E+04
    0.12365E+00    0.17647E+04
    0.12614E+00    0.16578E+04
    0.12869E+00    0.15442E+04
    0.13129E+00    0.14302E+04
    0.13394E+00    0.13214E+04
    0.13665E+00    0.12226E+04
    0.13941E+00    0.11368E+04
    0.14223E+00    0.10659E+04
    0.14510E+00    0.10107E+04
    0.14803E+00    0.97131E+03
    0.15102E+00    0.94657E+03
    0.15407E+00    0.93407E+03
    0.15718E+00    0.92979E+03
    0.16036E+00    0.92889E+03
    0.16360E+00    0.92666E+03
    0.16690E+00    0.91908E+03
    0.17028E+00    0.90304E+03
    0.17371E+00    0.87654E+03
    0.17722E+00    0.83920E+03
    0.18080E+00    0.79287E+03
    0.18446E+00    0.74111E+03
    0.18818E+00    0.68820E+03
    0.19198E+00    0.63834E+03
    0.19586E+00    0.59502E+03
    0.19982E+00    0.56055E+03
    0.20386E+00    0.53565E+03
    0.20797E+00    0.51933E+03
    0.21218E+00    0.50923E+03
    0.21646E+00    0.50227E+03
    0.22083E+00    0.49528E+03
    0.22530E+00    0.48546E+03
    0.22985E+00    0.47074E+03
    0.23449E+00    0.45045E+03
    0.23923E+00    0.42588E+03
    0.24406E+00    0.39959E+03
    0.24899E+00    0.37425E+03
    0.25402E+00    0.35207E+03
    0.25915E+00    0.33446E+03
    0.26439E+00    0.32148E+03
    0.26973E+00    0.31201E+03
    0.27518E+00    0.30415E+03
    0.28074E+00    0.29592E+03
    0.28641E+00    0.28597E+03
    0.29219E+00    0.27378E+03
    0.29810E+00    0.25982E+03
    0.30412E+00    0.24546E+03
    0.31026E+00    0.23213E+03
    0.31653E+00    0.22084E+03
    0.32292E+00    0.21171E+03
    0.32945E+00    0.20413E+03
    0.33610E+00    0.19718E+03
    0.34289E+00    0.18988E+03
    0.34982E+00    0.18179E+03
    0.35689E+00    0.17310E+03
    0.36409E+00    0.16442E+03
    0.37145E+00    0.15639E+03
    0.37895E+00    0.14940E+03
    0.38661E+00    0.14327E+03
    0.39442E+00    0.13761E+03
    0.40239E+00    0.13195E+03
    0.41052E+00    0.12610E+03
    0.41881E+00    0.12018E+03
    0.42727E+00    0.11450E+03
    0.43590E+00    0.10928E+03
    0.44471E+00    0.10453E+03
    0.45369E+00    0.10007E+03
    0.46286E+00    0.95713E+02
    0.47221E+00    0.91385E+02
    0.48174E+00    0.87164E+02
    0.49148E+00    0.83176E+02
    0.50141E+00    0.79446E+02
    0.51153E+00    0.75913E+02
    0.52187E+00    0.72522E+02
    0.53241E+00    0.69229E+02
    0.54317E+00    0.66050E+02
    0.55414E+00    0.63033E+02
    0.56533E+00    0.60176E+02
    0.57675E+00    0.57448E+02
    0.58840E+00    0.54835E+02
    0.60029E+00    0.52333E+02
    0.61242E+00    0.49937E+02
    0.62479E+00    0.47645E+02
    0.63741E+00    0.45453E+02
    0.65029E+00    0.43357E+02
    0.66342E+00    0.41353E+02
    0.67683E+00    0.39439E+02
    0.69050E+00    0.37611E+02
    0.70445E+00    0.35865E+02
    0.71868E+00    0.34198E+02
    0.73320E+00    0.32608E+02
    0.74801E+00    0.31089E+02
    0.76312E+00    0.29640E+02
    0.77854E+00    0.28257E+02
    0.79426E+00    0.26937E+02
    0.81031E+00    0.25677E+02
    0.82668E+00    0.24475E+02
    0.84338E+00    0.23327E+02
    0.86041E+00    0.22232E+02
    0.87780E+00    0.21187E+02
    0.89553E+00    0.20189E+02
    0.91362E+00    0.19237E+02
    0.93208E+00    0.18329E+02
    0.95091E+00    0.17462E+02
    0.97011E+00    0.16635E+02
    0.98971E+00    0.15847E+02
    0.10097E+01    0.15095E+02
    0.10301E+01    0.14377E+02
    0.10509E+01    0.13693E+02
    0.10721E+01    0.13041E+02
    0.10938E+01    0.12418E+02
    0.11159E+01    0.11825E+02
    0.11384E+01    0.11260E+02
    0.11614E+01    0.10721E+02
    0.11849E+01    0.10207E+02
    0.12088E+01    0.97176E+01
    0.12333E+01    0.92509E+01
    0.12582E+01    0.88061E+01
    0.12836E+01    0.83823E+01
    0.13095E+01    0.79785E+01
    0.13360E+01    0.75937E+01
    0.13630E+01    0.72271E+01
    0.13905E+01    0.68778E+01
    0.14186E+01    0.65451E+01
    0.14472E+01    0.62281E+01
    0.14765E+01    0.59262E+01
    0.15063E+01    0.56386E+01
    0.15367E+01    0.53647E+01
    0.15678E+01    0.51038E+01
    0.15994E+01    0.48553E+01
    0.16318E+01    0.46186E+01
    0.16647E+01    0.43933E+01
    0.16984E+01    0.41786E+01
    0.17327E+01    0.39743E+01
    0.17677E+01    0.37796E+01
    0.18034E+01    0.35944E+01
    0.18398E+01    0.34180E+01
    0.18770E+01    0.32502E+01
    0.19149E+01    0.30904E+01
    0.19536E+01    0.29385E+01
    0.19930E+01    0.27939E+01
    0.20333E+01    0.26564E+01
    0.20744E+01    0.25256E+01
    0.21163E+01    0.24012E+01
    0.21590E+01    0.22829E+01
