    0.10000E-03    0.70952E+03
    0.10202E-03    0.72338E+03
    0.10408E-03    0.73751E+03
    0.10618E-03    0.75192E+03
    0.10833E-03    0.76660E+03
    0.11052E-03    0.78158E+03
    0.11275E-03    0.79685E+03
    0.11503E-03    0.81241E+03
    0.11735E-03    0.82828E+03
    0.11972E-03    0.84445E+03
    0.12214E-03    0.86094E+03
    0.12461E-03    0.87776E+03
    0.12712E-03    0.89490E+03
    0.12969E-03    0.91237E+03
    0.13231E-03    0.93018E+03
    0.13499E-03    0.94834E+03
    0.13771E-03    0.96686E+03
    0.14049E-03    0.98573E+03
    0.14333E-03    0.10050E+04
    0.14623E-03    0.10246E+04
    0.14918E-03    0.10446E+04
    0.15220E-03    0.10650E+04
    0.15527E-03    0.10858E+04
    0.15841E-03    0.11069E+04
    0.16161E-03    0.11285E+04
    0.16487E-03    0.11506E+04
    0.16820E-03    0.11730E+04
    0.17160E-03    0.11959E+04
    0.17507E-03    0.12192E+04
    0.17860E-03    0.12430E+04
    0.18221E-03    0.12672E+04
    0.18589E-03    0.12919E+04
    0.18965E-03    0.13171E+04
    0.19348E-03    0.13428E+04
    0.19739E-03    0.13689E+04
    0.20138E-03    0.13956E+04
    0.20544E-03    0.14228E+04
    0.20959E-03    0.14505E+04
    0.21383E-03    0.14788E+04
    0.21815E-03    0.15076E+04
    0.22255E-03    0.15369E+04
    0.22705E-03    0.15669E+04
    0.23164E-03    0.15974E+04
    0.23632E-03    0.16284E+04
    0.24109E-03    0.16601E+04
    0.24596E-03    0.16924E+04
    0.25093E-03    0.17253E+04
    0.25600E-03    0.17589E+04
    0.26117E-03    0.17931E+04
    0.26645E-03    0.18280E+04
    0.27183E-03    0.18635E+04
    0.27732E-03    0.18997E+04
    0.28292E-03    0.19366E+04
    0.28864E-03    0.19742E+04
    0.29447E-03    0.20125E+04
    0.30042E-03    0.20516E+04
    0.30649E-03    0.20914E+04
    0.31268E-03    0.21319E+04
    0.31899E-03    0.21733E+04
    0.32544E-03    0.22154E+04
    0.33201E-03    0.22583E+04
    0.33872E-03    0.23021E+04
    0.34556E-03    0.23467E+04
    0.35254E-03    0.23921E+04
    0.35966E-03    0.24384E+04
    0.36693E-03    0.24855E+04
    0.37434E-03    0.25336E+04
    0.38190E-03    0.25826E+04
    0.38962E-03    0.26325E+04
    0.39749E-03    0.26833E+04
    0.40552E-03    0.27351E+04
    0.41371E-03    0.27878E+04
    0.42207E-03    0.28416E+04
    0.43060E-03    0.28964E+04
    0.43929E-03    0.29521E+04
    0.44817E-03    0.30090E+04
    0.45722E-03    0.30669E+04
    0.46646E-03    0.31258E+04
    0.47588E-03    0.31859E+04
    0.48550E-03    0.32471E+04
    0.49530E-03    0.33094E+04
    0.50531E-03    0.33729E+04
    0.51552E-03    0.34375E+04
    0.52593E-03    0.35034E+04
    0.53656E-03    0.35704E+04
    0.54739E-03    0.36387E+04
    0.55845E-03    0.37082E+04
    0.56973E-03    0.37790E+04
    0.58124E-03    0.38511E+04
    0.59299E-03    0.39245E+04
    0.60496E-03    0.39993E+04
    0.61719E-03    0.40754E+04
    0.62965E-03    0.41529E+04
    0.64237E-03    0.42318E+04
    0.65535E-03    0.43121E+04
    0.66859E-03    0.43938E+04
    0.68210E-03    0.44770E+04
    0.69588E-03    0.45617E+04
    0.70993E-03    0.46479E+04
    0.72427E-03    0.47356E+04
    0.73891E-03    0.48249E+04
    0.75383E-03    0.49157E+04
    0.76906E-03    0.50082E+04
    0.78460E-03    0.51023E+04
    0.80045E-03    0.51980E+04
    0.81662E-03    0.52954E+04
    0.83311E-03    0.53944E+04
    0.84994E-03    0.54952E+04
    0.86711E-03    0.55978E+04
    0.88463E-03    0.57020E+04
    0.90250E-03    0.58081E+04
    0.92073E-03    0.59160E+04
    0.93933E-03    0.60257E+04
    0.95831E-03    0.61372E+04
    0.97767E-03    0.62506E+04
    0.99742E-03    0.63659E+04
    0.10176E-02    0.64832E+04
    0.10381E-02    0.66024E+04
    0.10591E-02    0.67235E+04
    0.10805E-02    0.68466E+04
    0.11023E-02    0.69717E+04
    0.11246E-02    0.70989E+04
    0.11473E-02    0.72281E+04
    0.11705E-02    0.73593E+04
    0.11941E-02    0.74927E+04
    0.12182E-02    0.76281E+04
    0.12429E-02    0.77657E+04
    0.12680E-02    0.79054E+04
    0.12936E-02    0.80473E+04
    0.13197E-02    0.81914E+04
    0.13464E-02    0.83377E+04
    0.13736E-02    0.84861E+04
    0.14013E-02    0.86369E+04
    0.14296E-02    0.87898E+04
    0.14585E-02    0.89450E+04
    0.14880E-02    0.91025E+04
    0.15180E-02    0.92623E+04
    0.15487E-02    0.94244E+04
    0.15800E-02    0.95887E+04
    0.16119E-02    0.97554E+04
    0.16445E-02    0.99244E+04
    0.16777E-02    0.10096E+05
    0.17116E-02    0.10269E+05
    0.17462E-02    0.10446E+05
    0.17814E-02    0.10624E+05
    0.18174E-02    0.10805E+05
    0.18541E-02    0.10988E+05
    0.18916E-02    0.11173E+05
    0.19298E-02    0.11361E+05
    0.19688E-02    0.11551E+05
    0.20086E-02    0.11744E+05
    0.20491E-02    0.11938E+05
    0.20905E-02    0.12135E+05
    0.21328E-02    0.12335E+05
    0.21758E-02    0.12537E+05
    0.22198E-02    0.12741E+05
    0.22646E-02    0.12947E+05
    0.23104E-02    0.13156E+05
    0.23571E-02    0.13366E+05
    0.24047E-02    0.13579E+05
    0.24533E-02    0.13795E+05
    0.25028E-02    0.14012E+05
    0.25534E-02    0.14232E+05
    0.26050E-02    0.14453E+05
    0.26576E-02    0.14677E+05
    0.27113E-02    0.14903E+05
    0.27660E-02    0.15131E+05
    0.28219E-02    0.15360E+05
    0.28789E-02    0.15592E+05
    0.29371E-02    0.15826E+05
    0.29964E-02    0.16061E+05
    0.30569E-02    0.16298E+05
    0.31187E-02    0.16537E+05
    0.31817E-02    0.16778E+05
    0.32460E-02    0.17020E+05
    0.33115E-02    0.17264E+05
    0.33784E-02    0.17509E+05
    0.34467E-02    0.17755E+05
    0.35163E-02    0.18003E+05
    0.35874E-02    0.18253E+05
    0.36598E-02    0.18503E+05
    0.37338E-02    0.18754E+05
    0.38092E-02    0.19007E+05
    0.38861E-02    0.19260E+05
    0.39646E-02    0.19514E+05
    0.40447E-02    0.19769E+05
    0.41264E-02    0.20025E+05
    0.42098E-02    0.20281E+05
    0.42948E-02    0.20537E+05
    0.43816E-02    0.20794E+05
    0.44701E-02    0.21051E+05
    0.45604E-02    0.21308E+05
    0.46525E-02    0.21564E+05
    0.47465E-02    0.21821E+05
    0.48424E-02    0.22077E+05
    0.49402E-02    0.22333E+05
    0.50400E-02    0.22589E+05
    0.51419E-02    0.22843E+05
    0.52457E-02    0.23097E+05
    0.53517E-02    0.23349E+05
    0.54598E-02    0.23600E+05
    0.55701E-02    0.23850E+05
    0.56826E-02    0.24098E+05
    0.57974E-02    0.24344E+05
    0.59145E-02    0.24587E+05
    0.60340E-02    0.24829E+05
    0.61559E-02    0.25068E+05
    0.62803E-02    0.25305E+05
    0.64072E-02    0.25539E+05
    0.65366E-02    0.25770E+05
    0.66686E-02    0.25997E+05
    0.68033E-02    0.26221E+05
    0.69408E-02    0.26441E+05
    0.70810E-02    0.26657E+05
    0.72240E-02    0.26870E+05
    0.73700E-02    0.27077E+05
    0.75189E-02    0.27281E+05
    0.76708E-02    0.27479E+05
    0.78257E-02    0.27672E+05
    0.79838E-02    0.27860E+05
    0.81451E-02    0.28043E+05
    0.83096E-02    0.28219E+05
    0.84775E-02    0.28389E+05
    0.86488E-02    0.28553E+05
    0.88235E-02    0.28710E+05
    0.90017E-02    0.28860E+05
    0.91836E-02    0.29003E+05
    0.93691E-02    0.29138E+05
    0.95583E-02    0.29265E+05
    0.97514E-02    0.29384E+05
    0.99484E-02    0.29494E+05
    0.10149E-01    0.29595E+05
    0.10354E-01    0.29688E+05
    0.10564E-01    0.29770E+05
    0.10777E-01    0.29844E+05
    0.10995E-01    0.29907E+05
    0.11217E-01    0.29959E+05
    0.11443E-01    0.30001E+05
    0.11675E-01    0.30033E+05
    0.11910E-01    0.30052E+05
    0.12151E-01    0.30061E+05
    0.12397E-01    0.30057E+05
    0.12647E-01    0.30041E+05
    0.12902E-01    0.30013E+05
    0.13163E-01    0.29972E+05
    0.13429E-01    0.29918E+05
    0.13700E-01    0.29851E+05
    0.13977E-01    0.29770E+05
    0.14259E-01    0.29676E+05
    0.14547E-01    0.29568E+05
    0.14841E-01    0.29445E+05
    0.15141E-01    0.29308E+05
    0.15447E-01    0.29157E+05
    0.15759E-01    0.28991E+05
    0.16077E-01    0.28811E+05
    0.16402E-01    0.28616E+05
    0.16734E-01    0.28405E+05
    0.17072E-01    0.28180E+05
    0.17416E-01    0.27940E+05
    0.17768E-01    0.27685E+05
    0.18127E-01    0.27416E+05
    0.18493E-01    0.27132E+05
    0.18867E-01    0.26833E+05
    0.19248E-01    0.26520E+05
    0.19637E-01    0.26193E+05
    0.20034E-01    0.25852E+05
    0.20438E-01    0.25497E+05
    0.20851E-01    0.25130E+05
    0.21272E-01    0.24750E+05
    0.21702E-01    0.24358E+05
    0.22141E-01    0.23955E+05
    0.22588E-01    0.23541E+05
    0.23044E-01    0.23116E+05
    0.23510E-01    0.22683E+05
    0.23985E-01    0.22240E+05
    0.24469E-01    0.21790E+05
    0.24964E-01    0.21333E+05
    0.25468E-01    0.20870E+05
    0.25982E-01    0.20403E+05
    0.26507E-01    0.19931E+05
    0.27043E-01    0.19457E+05
    0.27589E-01    0.18980E+05
    0.28146E-01    0.18504E+05
    0.28715E-01    0.18028E+05
    0.29295E-01    0.17554E+05
    0.29887E-01    0.17084E+05
    0.30490E-01    0.16617E+05
    0.31106E-01    0.16156E+05
    0.31735E-01    0.15702E+05
    0.32376E-01    0.15256E+05
    0.33030E-01    0.14819E+05
    0.33697E-01    0.14392E+05
    0.34378E-01    0.13976E+05
    0.35072E-01    0.13573E+05
    0.35781E-01    0.13183E+05
    0.36504E-01    0.12807E+05
    0.37241E-01    0.12445E+05
    0.37993E-01    0.12100E+05
    0.38761E-01    0.11770E+05
    0.39544E-01    0.11456E+05
    0.40343E-01    0.11158E+05
    0.41158E-01    0.10878E+05
    0.41989E-01    0.10616E+05
    0.42838E-01    0.10371E+05
    0.43703E-01    0.10145E+05
    0.44586E-01    0.99368E+04
    0.45486E-01    0.97457E+04
    0.46405E-01    0.95699E+04
    0.47343E-01    0.94079E+04
    0.48299E-01    0.92586E+04
    0.49275E-01    0.91205E+04
    0.50270E-01    0.89923E+04
    0.51286E-01    0.88729E+04
    0.52322E-01    0.87609E+04
    0.53379E-01    0.86550E+04
    0.54457E-01    0.85533E+04
    0.55557E-01    0.84543E+04
    0.56680E-01    0.83564E+04
    0.57825E-01    0.82572E+04
    0.58993E-01    0.81543E+04
    0.60184E-01    0.80456E+04
    0.61400E-01    0.79286E+04
    0.62641E-01    0.78009E+04
    0.63906E-01    0.76605E+04
    0.65197E-01    0.75055E+04
    0.66514E-01    0.73350E+04
    0.67858E-01    0.71482E+04
    0.69229E-01    0.69454E+04
    0.70627E-01    0.67277E+04
    0.72054E-01    0.64967E+04
    0.73510E-01    0.62544E+04
    0.74994E-01    0.60032E+04
    0.76509E-01    0.57458E+04
    0.78055E-01    0.54853E+04
    0.79632E-01    0.52249E+04
    0.81241E-01    0.49677E+04
    0.82882E-01    0.47171E+04
    0.84556E-01    0.44760E+04
    0.86264E-01    0.42478E+04
    0.88007E-01    0.40355E+04
    0.89785E-01    0.38414E+04
    0.91598E-01    0.36675E+04
    0.93449E-01    0.35152E+04
    0.95337E-01    0.33851E+04
    0.97263E-01    0.32764E+04
    0.99227E-01    0.31880E+04
    0.10123E+00    0.31178E+04
    0.10328E+00    0.30628E+04
    0.10536E+00    0.30200E+04
    0.10749E+00    0.29856E+04
    0.10966E+00    0.29557E+04
    0.11188E+00    0.29263E+04
    0.11414E+00    0.28932E+04
    0.11644E+00    0.28529E+04
    0.11880E+00    0.28022E+04
    0.12120E+00    0.27385E+04
    0.12365E+00    0.26605E+04
    0.12614E+00    0.25679E+04
    0.12869E+00    0.24619E+04
    0.13129E+00    0.23448E+04
    0.13394E+00    0.22201E+04
    0.13665E+00    0.20925E+04
    0.13941E+00    0.19671E+04
    0.14223E+00    0.18489E+04
    0.14510E+00    0.17420E+04
    0.14803E+00    0.16493E+04
    0.15102E+00    0.15720E+04
    0.15407E+00    0.15102E+04
    0.15718E+00    0.14628E+04
    0.16036E+00    0.14279E+04
    0.16360E+00    0.14028E+04
    0.16690E+00    0.13835E+04
    0.17028E+00    0.13656E+04
    0.17371E+00    0.13442E+04
    0.17722E+00    0.13159E+04
    0.18080E+00    0.12785E+04
    0.18446E+00    0.12315E+04
    0.18818E+00    0.11761E+04
    0.19198E+00    0.11149E+04
    0.19586E+00    0.10512E+04
    0.19982E+00    0.98911E+03
    0.20386E+00    0.93241E+03
    0.20797E+00    0.88375E+03
    0.21218E+00    0.84440E+03
    0.21646E+00    0.81417E+03
    0.22083E+00    0.79147E+03
    0.22530E+00    0.77352E+03
    0.22985E+00    0.75690E+03
    0.23449E+00    0.73847E+03
    0.23923E+00    0.71608E+03
    0.24406E+00    0.68896E+03
    0.24899E+00    0.65758E+03
    0.25402E+00    0.62368E+03
    0.25915E+00    0.58989E+03
    0.26439E+00    0.55885E+03
    0.26973E+00    0.53223E+03
    0.27518E+00    0.51043E+03
    0.28074E+00    0.49279E+03
    0.28641E+00    0.47781E+03
    0.29219E+00    0.46343E+03
    0.29810E+00    0.44783E+03
    0.30412E+00    0.43025E+03
    0.31026E+00    0.41096E+03
    0.31653E+00    0.39097E+03
    0.32292E+00    0.37172E+03
    0.32945E+00    0.35438E+03
    0.33610E+00    0.33942E+03
    0.34289E+00    0.32653E+03
    0.34982E+00    0.31476E+03
    0.35689E+00    0.30308E+03
    0.36409E+00    0.29088E+03
    0.37145E+00    0.27810E+03
    0.37895E+00    0.26523E+03
    0.38661E+00    0.25301E+03
    0.39442E+00    0.24185E+03
    0.40239E+00    0.23182E+03
    0.41052E+00    0.22256E+03
    0.41881E+00    0.21356E+03
    0.42727E+00    0.20452E+03
    0.43590E+00    0.19546E+03
    0.44471E+00    0.18666E+03
    0.45369E+00    0.17837E+03
    0.46286E+00    0.17069E+03
    0.47221E+00    0.16348E+03
    0.48174E+00    0.15654E+03
    0.49148E+00    0.14972E+03
    0.50141E+00    0.14307E+03
    0.51153E+00    0.13670E+03
    0.52187E+00    0.13070E+03
    0.53241E+00    0.12500E+03
    0.54317E+00    0.11954E+03
    0.55414E+00    0.11427E+03
    0.56533E+00    0.10918E+03
    0.57675E+00    0.10431E+03
    0.58840E+00    0.99680E+02
    0.60029E+00    0.95259E+02
    0.61242E+00    0.91022E+02
    0.62479E+00    0.86962E+02
    0.63741E+00    0.83072E+02
    0.65029E+00    0.79347E+02
    0.66342E+00    0.75781E+02
    0.67683E+00    0.72367E+02
    0.69050E+00    0.69100E+02
    0.70445E+00    0.65974E+02
    0.71868E+00    0.62985E+02
    0.73320E+00    0.60126E+02
    0.74801E+00    0.57393E+02
    0.76312E+00    0.54780E+02
    0.77854E+00    0.52282E+02
    0.79426E+00    0.49896E+02
    0.81031E+00    0.47614E+02
    0.82668E+00    0.45434E+02
    0.84338E+00    0.43351E+02
    0.86041E+00    0.41360E+02
    0.87780E+00    0.39457E+02
    0.89553E+00    0.37640E+02
    0.91362E+00    0.35903E+02
    0.93208E+00    0.34244E+02
    0.95091E+00    0.32659E+02
    0.97011E+00    0.31145E+02
    0.98971E+00    0.29699E+02
    0.10097E+01    0.28319E+02
    0.10301E+01    0.27000E+02
    0.10509E+01    0.25741E+02
    0.10721E+01    0.24539E+02
    0.10938E+01    0.23391E+02
    0.11159E+01    0.22296E+02
    0.11384E+01    0.21250E+02
    0.11614E+01    0.20252E+02
    0.11849E+01    0.19300E+02
    0.12088E+01    0.18391E+02
    0.12333E+01    0.17524E+02
    0.12582E+01    0.16697E+02
    0.12836E+01    0.15908E+02
    0.13095E+01    0.15155E+02
    0.13360E+01    0.14437E+02
    0.13630E+01    0.13752E+02
    0.13905E+01    0.13099E+02
    0.14186E+01    0.12476E+02
    0.14472E+01    0.11882E+02
    0.14765E+01    0.11316E+02
    0.15063E+01    0.10776E+02
    0.15367E+01    0.10261E+02
    0.15678E+01    0.97701E+01
    0.15994E+01    0.93022E+01
    0.16318E+01    0.88562E+01
    0.16647E+01    0.84311E+01
    0.16984E+01    0.80258E+01
    0.17327E+01    0.76396E+01
    0.17677E+01    0.72714E+01
    0.18034E+01    0.69205E+01
    0.18398E+01    0.65861E+01
    0.18770E+01    0.62675E+01
    0.19149E+01    0.59640E+01
    0.19536E+01    0.56748E+01
    0.19930E+01    0.53995E+01
    0.20333E+01    0.51373E+01
    0.20744E+01    0.48876E+01
    0.21163E+01    0.46500E+01
    0.21590E+01    0.44239E+01
    0.22026E+01    0.42087E+01
    0.22471E+01    0.40039E+01
