    0.10000E-03    0.64165E+03
    0.10202E-03    0.65418E+03
    0.10408E-03    0.66696E+03
    0.10618E-03    0.67999E+03
    0.10833E-03    0.69328E+03
    0.11052E-03    0.70682E+03
    0.11275E-03    0.72063E+03
    0.11503E-03    0.73471E+03
    0.11735E-03    0.74906E+03
    0.11972E-03    0.76369E+03
    0.12214E-03    0.77860E+03
    0.12461E-03    0.79381E+03
    0.12712E-03    0.80931E+03
    0.12969E-03    0.82512E+03
    0.13231E-03    0.84123E+03
    0.13499E-03    0.85765E+03
    0.13771E-03    0.87440E+03
    0.14049E-03    0.89147E+03
    0.14333E-03    0.90887E+03
    0.14623E-03    0.92662E+03
    0.14918E-03    0.94470E+03
    0.15220E-03    0.96314E+03
    0.15527E-03    0.98194E+03
    0.15841E-03    0.10011E+04
    0.16161E-03    0.10206E+04
    0.16487E-03    0.10406E+04
    0.16820E-03    0.10609E+04
    0.17160E-03    0.10815E+04
    0.17507E-03    0.11026E+04
    0.17860E-03    0.11242E+04
    0.18221E-03    0.11461E+04
    0.18589E-03    0.11684E+04
    0.18965E-03    0.11912E+04
    0.19348E-03    0.12144E+04
    0.19739E-03    0.12381E+04
    0.20138E-03    0.12622E+04
    0.20544E-03    0.12868E+04
    0.20959E-03    0.13119E+04
    0.21383E-03    0.13375E+04
    0.21815E-03    0.13635E+04
    0.22255E-03    0.13901E+04
    0.22705E-03    0.14172E+04
    0.23164E-03    0.14448E+04
    0.23632E-03    0.14729E+04
    0.24109E-03    0.15016E+04
    0.24596E-03    0.15308E+04
    0.25093E-03    0.15606E+04
    0.25600E-03    0.15909E+04
    0.26117E-03    0.16219E+04
    0.26645E-03    0.16534E+04
    0.27183E-03    0.16856E+04
    0.27732E-03    0.17183E+04
    0.28292E-03    0.17517E+04
    0.28864E-03    0.17857E+04
    0.29447E-03    0.18204E+04
    0.30042E-03    0.18558E+04
    0.30649E-03    0.18918E+04
    0.31268E-03    0.19285E+04
    0.31899E-03    0.19659E+04
    0.32544E-03    0.20041E+04
    0.33201E-03    0.20429E+04
    0.33872E-03    0.20825E+04
    0.34556E-03    0.21229E+04
    0.35254E-03    0.21640E+04
    0.35966E-03    0.22059E+04
    0.36693E-03    0.22486E+04
    0.37434E-03    0.22921E+04
    0.38190E-03    0.23365E+04
    0.38962E-03    0.23817E+04
    0.39749E-03    0.24277E+04
    0.40552E-03    0.24746E+04
    0.41371E-03    0.25224E+04
    0.42207E-03    0.25710E+04
    0.43060E-03    0.26206E+04
    0.43929E-03    0.26712E+04
    0.44817E-03    0.27227E+04
    0.45722E-03    0.27751E+04
    0.46646E-03    0.28285E+04
    0.47588E-03    0.28829E+04
    0.48550E-03    0.29384E+04
    0.49530E-03    0.29948E+04
    0.50531E-03    0.30524E+04
    0.51552E-03    0.31109E+04
    0.52593E-03    0.31706E+04
    0.53656E-03    0.32314E+04
    0.54739E-03    0.32933E+04
    0.55845E-03    0.33563E+04
    0.56973E-03    0.34205E+04
    0.58124E-03    0.34859E+04
    0.59299E-03    0.35524E+04
    0.60496E-03    0.36202E+04
    0.61719E-03    0.36892E+04
    0.62965E-03    0.37595E+04
    0.64237E-03    0.38311E+04
    0.65535E-03    0.39039E+04
    0.66859E-03    0.39781E+04
    0.68210E-03    0.40535E+04
    0.69588E-03    0.41304E+04
    0.70993E-03    0.42086E+04
    0.72427E-03    0.42882E+04
    0.73891E-03    0.43693E+04
    0.75383E-03    0.44518E+04
    0.76906E-03    0.45357E+04
    0.78460E-03    0.46211E+04
    0.80045E-03    0.47081E+04
    0.81662E-03    0.47965E+04
    0.83311E-03    0.48865E+04
    0.84994E-03    0.49781E+04
    0.86711E-03    0.50713E+04
    0.88463E-03    0.51660E+04
    0.90250E-03    0.52624E+04
    0.92073E-03    0.53605E+04
    0.93933E-03    0.54602E+04
    0.95831E-03    0.55617E+04
    0.97767E-03    0.56648E+04
    0.99742E-03    0.57697E+04
    0.10176E-02    0.58764E+04
    0.10381E-02    0.59849E+04
    0.10591E-02    0.60951E+04
    0.10805E-02    0.62072E+04
    0.11023E-02    0.63211E+04
    0.11246E-02    0.64369E+04
    0.11473E-02    0.65546E+04
    0.11705E-02    0.66742E+04
    0.11941E-02    0.67957E+04
    0.12182E-02    0.69192E+04
    0.12429E-02    0.70446E+04
    0.12680E-02    0.71720E+04
    0.12936E-02    0.73015E+04
    0.13197E-02    0.74329E+04
    0.13464E-02    0.75664E+04
    0.13736E-02    0.77019E+04
    0.14013E-02    0.78395E+04
    0.14296E-02    0.79792E+04
    0.14585E-02    0.81210E+04
    0.14880E-02    0.82649E+04
    0.15180E-02    0.84110E+04
    0.15487E-02    0.85592E+04
    0.15800E-02    0.87095E+04
    0.16119E-02    0.88620E+04
    0.16445E-02    0.90167E+04
    0.16777E-02    0.91736E+04
    0.17116E-02    0.93327E+04
    0.17462E-02    0.94940E+04
    0.17814E-02    0.96574E+04
    0.18174E-02    0.98231E+04
    0.18541E-02    0.99910E+04
    0.18916E-02    0.10161E+05
    0.19298E-02    0.10334E+05
    0.19688E-02    0.10508E+05
    0.20086E-02    0.10685E+05
    0.20491E-02    0.10864E+05
    0.20905E-02    0.11045E+05
    0.21328E-02    0.11229E+05
    0.21758E-02    0.11414E+05
    0.22198E-02    0.11602E+05
    0.22646E-02    0.11792E+05
    0.23104E-02    0.11984E+05
    0.23571E-02    0.12179E+05
    0.24047E-02    0.12375E+05
    0.24533E-02    0.12574E+05
    0.25028E-02    0.12774E+05
    0.25534E-02    0.12977E+05
    0.26050E-02    0.13182E+05
    0.26576E-02    0.13389E+05
    0.27113E-02    0.13598E+05
    0.27660E-02    0.13809E+05
    0.28219E-02    0.14022E+05
    0.28789E-02    0.14236E+05
    0.29371E-02    0.14453E+05
    0.29964E-02    0.14671E+05
    0.30569E-02    0.14892E+05
    0.31187E-02    0.15114E+05
    0.31817E-02    0.15337E+05
    0.32460E-02    0.15563E+05
    0.33115E-02    0.15790E+05
    0.33784E-02    0.16018E+05
    0.34467E-02    0.16248E+05
    0.35163E-02    0.16479E+05
    0.35874E-02    0.16712E+05
    0.36598E-02    0.16946E+05
    0.37338E-02    0.17181E+05
    0.38092E-02    0.17418E+05
    0.38861E-02    0.17655E+05
    0.39646E-02    0.17893E+05
    0.40447E-02    0.18133E+05
    0.41264E-02    0.18373E+05
    0.42098E-02    0.18614E+05
    0.42948E-02    0.18855E+05
    0.43816E-02    0.19097E+05
    0.44701E-02    0.19339E+05
    0.45604E-02    0.19582E+05
    0.46525E-02    0.19824E+05
    0.47465E-02    0.20067E+05
    0.48424E-02    0.20310E+05
    0.49402E-02    0.20553E+05
    0.50400E-02    0.20795E+05
    0.51419E-02    0.21037E+05
    0.52457E-02    0.21279E+05
    0.53517E-02    0.21520E+05
    0.54598E-02    0.21760E+05
    0.55701E-02    0.21998E+05
    0.56826E-02    0.22236E+05
    0.57974E-02    0.22472E+05
    0.59145E-02    0.22706E+05
    0.60340E-02    0.22939E+05
    0.61559E-02    0.23170E+05
    0.62803E-02    0.23398E+05
    0.64072E-02    0.23625E+05
    0.65366E-02    0.23849E+05
    0.66686E-02    0.24070E+05
    0.68033E-02    0.24289E+05
    0.69408E-02    0.24504E+05
    0.70810E-02    0.24716E+05
    0.72240E-02    0.24925E+05
    0.73700E-02    0.25130E+05
    0.75189E-02    0.25331E+05
    0.76708E-02    0.25528E+05
    0.78257E-02    0.25721E+05
    0.79838E-02    0.25909E+05
    0.81451E-02    0.26092E+05
    0.83096E-02    0.26270E+05
    0.84775E-02    0.26443E+05
    0.86488E-02    0.26610E+05
    0.88235E-02    0.26772E+05
    0.90017E-02    0.26927E+05
    0.91836E-02    0.27076E+05
    0.93691E-02    0.27218E+05
    0.95583E-02    0.27353E+05
    0.97514E-02    0.27481E+05
    0.99484E-02    0.27601E+05
    0.10149E-01    0.27713E+05
    0.10354E-01    0.27818E+05
    0.10564E-01    0.27914E+05
    0.10777E-01    0.28001E+05
    0.10995E-01    0.28079E+05
    0.11217E-01    0.28148E+05
    0.11443E-01    0.28208E+05
    0.11675E-01    0.28257E+05
    0.11910E-01    0.28297E+05
    0.12151E-01    0.28326E+05
    0.12397E-01    0.28344E+05
    0.12647E-01    0.28352E+05
    0.12902E-01    0.28347E+05
    0.13163E-01    0.28332E+05
    0.13429E-01    0.28304E+05
    0.13700E-01    0.28265E+05
    0.13977E-01    0.28213E+05
    0.14259E-01    0.28149E+05
    0.14547E-01    0.28071E+05
    0.14841E-01    0.27981E+05
    0.15141E-01    0.27878E+05
    0.15447E-01    0.27761E+05
    0.15759E-01    0.27630E+05
    0.16077E-01    0.27486E+05
    0.16402E-01    0.27328E+05
    0.16734E-01    0.27157E+05
    0.17072E-01    0.26971E+05
    0.17416E-01    0.26771E+05
    0.17768E-01    0.26557E+05
    0.18127E-01    0.26329E+05
    0.18493E-01    0.26088E+05
    0.18867E-01    0.25832E+05
    0.19248E-01    0.25563E+05
    0.19637E-01    0.25280E+05
    0.20034E-01    0.24984E+05
    0.20438E-01    0.24675E+05
    0.20851E-01    0.24353E+05
    0.21272E-01    0.24018E+05
    0.21702E-01    0.23672E+05
    0.22141E-01    0.23315E+05
    0.22588E-01    0.22946E+05
    0.23044E-01    0.22567E+05
    0.23510E-01    0.22178E+05
    0.23985E-01    0.21781E+05
    0.24469E-01    0.21374E+05
    0.24964E-01    0.20961E+05
    0.25468E-01    0.20540E+05
    0.25982E-01    0.20114E+05
    0.26507E-01    0.19683E+05
    0.27043E-01    0.19248E+05
    0.27589E-01    0.18810E+05
    0.28146E-01    0.18370E+05
    0.28715E-01    0.17929E+05
    0.29295E-01    0.17489E+05
    0.29887E-01    0.17050E+05
    0.30490E-01    0.16614E+05
    0.31106E-01    0.16181E+05
    0.31735E-01    0.15753E+05
    0.32376E-01    0.15332E+05
    0.33030E-01    0.14917E+05
    0.33697E-01    0.14510E+05
    0.34378E-01    0.14113E+05
    0.35072E-01    0.13725E+05
    0.35781E-01    0.13349E+05
    0.36504E-01    0.12985E+05
    0.37241E-01    0.12634E+05
    0.37993E-01    0.12296E+05
    0.38761E-01    0.11972E+05
    0.39544E-01    0.11663E+05
    0.40343E-01    0.11369E+05
    0.41158E-01    0.11090E+05
    0.41989E-01    0.10826E+05
    0.42838E-01    0.10579E+05
    0.43703E-01    0.10348E+05
    0.44586E-01    0.10134E+05
    0.45486E-01    0.99352E+04
    0.46405E-01    0.97516E+04
    0.47343E-01    0.95818E+04
    0.48299E-01    0.94248E+04
    0.49275E-01    0.92796E+04
    0.50270E-01    0.91445E+04
    0.51286E-01    0.90183E+04
    0.52322E-01    0.88995E+04
    0.53379E-01    0.87868E+04
    0.54457E-01    0.86786E+04
    0.55557E-01    0.85734E+04
    0.56680E-01    0.84698E+04
    0.57825E-01    0.83659E+04
    0.58993E-01    0.82596E+04
    0.60184E-01    0.81488E+04
    0.61400E-01    0.80317E+04
    0.62641E-01    0.79059E+04
    0.63906E-01    0.77695E+04
    0.65197E-01    0.76207E+04
    0.66514E-01    0.74582E+04
    0.67858E-01    0.72812E+04
    0.69229E-01    0.70893E+04
    0.70627E-01    0.68830E+04
    0.72054E-01    0.66635E+04
    0.73510E-01    0.64323E+04
    0.74994E-01    0.61915E+04
    0.76509E-01    0.59434E+04
    0.78055E-01    0.56907E+04
    0.79632E-01    0.54365E+04
    0.81241E-01    0.51839E+04
    0.82882E-01    0.49360E+04
    0.84556E-01    0.46957E+04
    0.86264E-01    0.44661E+04
    0.88007E-01    0.42500E+04
    0.89785E-01    0.40501E+04
    0.91598E-01    0.38683E+04
    0.93449E-01    0.37060E+04
    0.95337E-01    0.35645E+04
    0.97263E-01    0.34435E+04
    0.99227E-01    0.33424E+04
    0.10123E+00    0.32599E+04
    0.10328E+00    0.31935E+04
    0.10536E+00    0.31406E+04
    0.10749E+00    0.30976E+04
    0.10966E+00    0.30609E+04
    0.11188E+00    0.30267E+04
    0.11414E+00    0.29908E+04
    0.11644E+00    0.29496E+04
    0.11880E+00    0.28999E+04
    0.12120E+00    0.28391E+04
    0.12365E+00    0.27657E+04
    0.12614E+00    0.26787E+04
    0.12869E+00    0.25788E+04
    0.13129E+00    0.24672E+04
    0.13394E+00    0.23469E+04
    0.13665E+00    0.22214E+04
    0.13941E+00    0.20956E+04
    0.14223E+00    0.19742E+04
    0.14510E+00    0.18618E+04
    0.14803E+00    0.17619E+04
    0.15102E+00    0.16764E+04
    0.15407E+00    0.16059E+04
    0.15718E+00    0.15498E+04
    0.16036E+00    0.15067E+04
    0.16360E+00    0.14744E+04
    0.16690E+00    0.14498E+04
    0.17028E+00    0.14287E+04
    0.17371E+00    0.14066E+04
    0.17722E+00    0.13795E+04
    0.18080E+00    0.13445E+04
    0.18446E+00    0.13006E+04
    0.18818E+00    0.12481E+04
    0.19198E+00    0.11887E+04
    0.19586E+00    0.11254E+04
    0.19982E+00    0.10617E+04
    0.20386E+00    0.10017E+04
    0.20797E+00    0.94834E+03
    0.21218E+00    0.90348E+03
    0.21646E+00    0.86761E+03
    0.22083E+00    0.83998E+03
    0.22530E+00    0.81848E+03
    0.22985E+00    0.79997E+03
    0.23449E+00    0.78113E+03
    0.23923E+00    0.75940E+03
    0.24406E+00    0.73342E+03
    0.24899E+00    0.70305E+03
    0.25402E+00    0.66937E+03
    0.25915E+00    0.63458E+03
    0.26439E+00    0.60132E+03
    0.26973E+00    0.57170E+03
    0.27518E+00    0.54672E+03
    0.28074E+00    0.52628E+03
    0.28641E+00    0.50921E+03
    0.29219E+00    0.49373E+03
    0.29810E+00    0.47795E+03
    0.30412E+00    0.46054E+03
    0.31026E+00    0.44122E+03
    0.31653E+00    0.42075E+03
    0.32292E+00    0.40041E+03
    0.32945E+00    0.38141E+03
    0.33610E+00    0.36465E+03
    0.34289E+00    0.35017E+03
    0.34982E+00    0.33729E+03
    0.35689E+00    0.32500E+03
    0.36409E+00    0.31247E+03
    0.37145E+00    0.29935E+03
    0.37895E+00    0.28593E+03
    0.38661E+00    0.27280E+03
    0.39442E+00    0.26060E+03
    0.40239E+00    0.24955E+03
    0.41052E+00    0.23946E+03
    0.41881E+00    0.22990E+03
    0.42727E+00    0.22042E+03
    0.43590E+00    0.21092E+03
    0.44471E+00    0.20154E+03
    0.45369E+00    0.19257E+03
    0.46286E+00    0.18421E+03
    0.47221E+00    0.17641E+03
    0.48174E+00    0.16898E+03
    0.49148E+00    0.16175E+03
    0.50141E+00    0.15467E+03
    0.51153E+00    0.14782E+03
    0.52187E+00    0.14131E+03
    0.53241E+00    0.13517E+03
    0.54317E+00    0.12930E+03
    0.55414E+00    0.12365E+03
    0.56533E+00    0.11820E+03
    0.57675E+00    0.11295E+03
    0.58840E+00    0.10795E+03
    0.60029E+00    0.10319E+03
    0.61242E+00    0.98629E+02
    0.62479E+00    0.94258E+02
    0.63741E+00    0.90068E+02
    0.65029E+00    0.86053E+02
    0.66342E+00    0.82207E+02
    0.67683E+00    0.78524E+02
    0.69050E+00    0.74998E+02
    0.70445E+00    0.71622E+02
    0.71868E+00    0.68393E+02
    0.73320E+00    0.65303E+02
    0.74801E+00    0.62348E+02
    0.76312E+00    0.59523E+02
    0.77854E+00    0.56822E+02
    0.79426E+00    0.54240E+02
    0.81031E+00    0.51771E+02
    0.82668E+00    0.49412E+02
    0.84338E+00    0.47156E+02
    0.86041E+00    0.45001E+02
    0.87780E+00    0.42940E+02
    0.89553E+00    0.40971E+02
    0.91362E+00    0.39090E+02
    0.93208E+00    0.37291E+02
    0.95091E+00    0.35573E+02
    0.97011E+00    0.33931E+02
    0.98971E+00    0.32363E+02
    0.10097E+01    0.30865E+02
    0.10301E+01    0.29434E+02
    0.10509E+01    0.28067E+02
    0.10721E+01    0.26761E+02
    0.10938E+01    0.25515E+02
    0.11159E+01    0.24325E+02
    0.11384E+01    0.23189E+02
    0.11614E+01    0.22104E+02
    0.11849E+01    0.21069E+02
    0.12088E+01    0.20080E+02
    0.12333E+01    0.19137E+02
    0.12582E+01    0.18237E+02
    0.12836E+01    0.17378E+02
    0.13095E+01    0.16559E+02
    0.13360E+01    0.15777E+02
    0.13630E+01    0.15031E+02
    0.13905E+01    0.14320E+02
    0.14186E+01    0.13641E+02
    0.14472E+01    0.12994E+02
    0.14765E+01    0.12377E+02
    0.15063E+01    0.11788E+02
    0.15367E+01    0.11227E+02
    0.15678E+01    0.10692E+02
    0.15994E+01    0.10182E+02
    0.16318E+01    0.96952E+01
    0.16647E+01    0.92313E+01
    0.16984E+01    0.87891E+01
    0.17327E+01    0.83675E+01
    0.17677E+01    0.79656E+01
    0.18034E+01    0.75825E+01
    0.18398E+01    0.72173E+01
    0.18770E+01    0.68692E+01
    0.19149E+01    0.65375E+01
    0.19536E+01    0.62215E+01
    0.19930E+01    0.59205E+01
    0.20333E+01    0.56338E+01
    0.20744E+01    0.53608E+01
    0.21163E+01    0.51008E+01
    0.21590E+01    0.48533E+01
    0.22026E+01    0.46178E+01
    0.22471E+01    0.43936E+01
