    0.10000E-03    0.30329E+03
    0.10202E-03    0.30922E+03
    0.10408E-03    0.31526E+03
    0.10618E-03    0.32143E+03
    0.10833E-03    0.32771E+03
    0.11052E-03    0.33411E+03
    0.11275E-03    0.34065E+03
    0.11503E-03    0.34730E+03
    0.11735E-03    0.35409E+03
    0.11972E-03    0.36101E+03
    0.12214E-03    0.36807E+03
    0.12461E-03    0.37526E+03
    0.12712E-03    0.38260E+03
    0.12969E-03    0.39007E+03
    0.13231E-03    0.39770E+03
    0.13499E-03    0.40547E+03
    0.13771E-03    0.41339E+03
    0.14049E-03    0.42147E+03
    0.14333E-03    0.42971E+03
    0.14623E-03    0.43811E+03
    0.14918E-03    0.44667E+03
    0.15220E-03    0.45540E+03
    0.15527E-03    0.46429E+03
    0.15841E-03    0.47337E+03
    0.16161E-03    0.48261E+03
    0.16487E-03    0.49204E+03
    0.16820E-03    0.50166E+03
    0.17160E-03    0.51146E+03
    0.17507E-03    0.52145E+03
    0.17860E-03    0.53163E+03
    0.18221E-03    0.54202E+03
    0.18589E-03    0.55261E+03
    0.18965E-03    0.56340E+03
    0.19348E-03    0.57440E+03
    0.19739E-03    0.58562E+03
    0.20138E-03    0.59706E+03
    0.20544E-03    0.60872E+03
    0.20959E-03    0.62061E+03
    0.21383E-03    0.63272E+03
    0.21815E-03    0.64508E+03
    0.22255E-03    0.65767E+03
    0.22705E-03    0.67051E+03
    0.23164E-03    0.68360E+03
    0.23632E-03    0.69694E+03
    0.24109E-03    0.71055E+03
    0.24596E-03    0.72442E+03
    0.25093E-03    0.73855E+03
    0.25600E-03    0.75297E+03
    0.26117E-03    0.76766E+03
    0.26645E-03    0.78264E+03
    0.27183E-03    0.79791E+03
    0.27732E-03    0.81347E+03
    0.28292E-03    0.82934E+03
    0.28864E-03    0.84551E+03
    0.29447E-03    0.86200E+03
    0.30042E-03    0.87881E+03
    0.30649E-03    0.89595E+03
    0.31268E-03    0.91341E+03
    0.31899E-03    0.93122E+03
    0.32544E-03    0.94937E+03
    0.33201E-03    0.96787E+03
    0.33872E-03    0.98673E+03
    0.34556E-03    0.10060E+04
    0.35254E-03    0.10255E+04
    0.35966E-03    0.10455E+04
    0.36693E-03    0.10659E+04
    0.37434E-03    0.10866E+04
    0.38190E-03    0.11078E+04
    0.38962E-03    0.11294E+04
    0.39749E-03    0.11513E+04
    0.40552E-03    0.11737E+04
    0.41371E-03    0.11966E+04
    0.42207E-03    0.12198E+04
    0.43060E-03    0.12436E+04
    0.43929E-03    0.12677E+04
    0.44817E-03    0.12924E+04
    0.45722E-03    0.13175E+04
    0.46646E-03    0.13431E+04
    0.47588E-03    0.13692E+04
    0.48550E-03    0.13958E+04
    0.49530E-03    0.14229E+04
    0.50531E-03    0.14505E+04
    0.51552E-03    0.14786E+04
    0.52593E-03    0.15073E+04
    0.53656E-03    0.15365E+04
    0.54739E-03    0.15663E+04
    0.55845E-03    0.15967E+04
    0.56973E-03    0.16276E+04
    0.58124E-03    0.16591E+04
    0.59299E-03    0.16913E+04
    0.60496E-03    0.17240E+04
    0.61719E-03    0.17573E+04
    0.62965E-03    0.17913E+04
    0.64237E-03    0.18260E+04
    0.65535E-03    0.18612E+04
    0.66859E-03    0.18972E+04
    0.68210E-03    0.19338E+04
    0.69588E-03    0.19711E+04
    0.70993E-03    0.20092E+04
    0.72427E-03    0.20479E+04
    0.73891E-03    0.20873E+04
    0.75383E-03    0.21276E+04
    0.76906E-03    0.21685E+04
    0.78460E-03    0.22102E+04
    0.80045E-03    0.22527E+04
    0.81662E-03    0.22960E+04
    0.83311E-03    0.23401E+04
    0.84994E-03    0.23850E+04
    0.86711E-03    0.24308E+04
    0.88463E-03    0.24774E+04
    0.90250E-03    0.25249E+04
    0.92073E-03    0.25732E+04
    0.93933E-03    0.26224E+04
    0.95831E-03    0.26726E+04
    0.97767E-03    0.27236E+04
    0.99742E-03    0.27756E+04
    0.10176E-02    0.28285E+04
    0.10381E-02    0.28824E+04
    0.10591E-02    0.29373E+04
    0.10805E-02    0.29932E+04
    0.11023E-02    0.30501E+04
    0.11246E-02    0.31081E+04
    0.11473E-02    0.31670E+04
    0.11705E-02    0.32271E+04
    0.11941E-02    0.32882E+04
    0.12182E-02    0.33504E+04
    0.12429E-02    0.34137E+04
    0.12680E-02    0.34782E+04
    0.12936E-02    0.35437E+04
    0.13197E-02    0.36105E+04
    0.13464E-02    0.36784E+04
    0.13736E-02    0.37476E+04
    0.14013E-02    0.38179E+04
    0.14296E-02    0.38895E+04
    0.14585E-02    0.39623E+04
    0.14880E-02    0.40363E+04
    0.15180E-02    0.41117E+04
    0.15487E-02    0.41884E+04
    0.15800E-02    0.42663E+04
    0.16119E-02    0.43456E+04
    0.16445E-02    0.44263E+04
    0.16777E-02    0.45083E+04
    0.17116E-02    0.45917E+04
    0.17462E-02    0.46765E+04
    0.17814E-02    0.47627E+04
    0.18174E-02    0.48504E+04
    0.18541E-02    0.49395E+04
    0.18916E-02    0.50301E+04
    0.19298E-02    0.51221E+04
    0.19688E-02    0.52157E+04
    0.20086E-02    0.53108E+04
    0.20491E-02    0.54074E+04
    0.20905E-02    0.55055E+04
    0.21328E-02    0.56053E+04
    0.21758E-02    0.57066E+04
    0.22198E-02    0.58094E+04
    0.22646E-02    0.59139E+04
    0.23104E-02    0.60201E+04
    0.23571E-02    0.61278E+04
    0.24047E-02    0.62372E+04
    0.24533E-02    0.63483E+04
    0.25028E-02    0.64610E+04
    0.25534E-02    0.65755E+04
    0.26050E-02    0.66916E+04
    0.26576E-02    0.68094E+04
    0.27113E-02    0.69290E+04
    0.27660E-02    0.70502E+04
    0.28219E-02    0.71732E+04
    0.28789E-02    0.72980E+04
    0.29371E-02    0.74245E+04
    0.29964E-02    0.75528E+04
    0.30569E-02    0.76828E+04
    0.31187E-02    0.78146E+04
    0.31817E-02    0.79482E+04
    0.32460E-02    0.80835E+04
    0.33115E-02    0.82207E+04
    0.33784E-02    0.83596E+04
    0.34467E-02    0.85003E+04
    0.35163E-02    0.86427E+04
    0.35874E-02    0.87870E+04
    0.36598E-02    0.89330E+04
    0.37338E-02    0.90808E+04
    0.38092E-02    0.92304E+04
    0.38861E-02    0.93817E+04
    0.39646E-02    0.95348E+04
    0.40447E-02    0.96896E+04
    0.41264E-02    0.98462E+04
    0.42098E-02    0.10004E+05
    0.42948E-02    0.10164E+05
    0.43816E-02    0.10326E+05
    0.44701E-02    0.10489E+05
    0.45604E-02    0.10654E+05
    0.46525E-02    0.10821E+05
    0.47465E-02    0.10989E+05
    0.48424E-02    0.11159E+05
    0.49402E-02    0.11330E+05
    0.50400E-02    0.11503E+05
    0.51419E-02    0.11677E+05
    0.52457E-02    0.11853E+05
    0.53517E-02    0.12030E+05
    0.54598E-02    0.12209E+05
    0.55701E-02    0.12389E+05
    0.56826E-02    0.12570E+05
    0.57974E-02    0.12752E+05
    0.59145E-02    0.12936E+05
    0.60340E-02    0.13121E+05
    0.61559E-02    0.13307E+05
    0.62803E-02    0.13494E+05
    0.64072E-02    0.13681E+05
    0.65366E-02    0.13870E+05
    0.66686E-02    0.14060E+05
    0.68033E-02    0.14250E+05
    0.69408E-02    0.14441E+05
    0.70810E-02    0.14633E+05
    0.72240E-02    0.14825E+05
    0.73700E-02    0.15017E+05
    0.75189E-02    0.15210E+05
    0.76708E-02    0.15403E+05
    0.78257E-02    0.15596E+05
    0.79838E-02    0.15789E+05
    0.81451E-02    0.15982E+05
    0.83096E-02    0.16175E+05
    0.84775E-02    0.16368E+05
    0.86488E-02    0.16560E+05
    0.88235E-02    0.16752E+05
    0.90017E-02    0.16942E+05
    0.91836E-02    0.17132E+05
    0.93691E-02    0.17322E+05
    0.95583E-02    0.17510E+05
    0.97514E-02    0.17697E+05
    0.99484E-02    0.17882E+05
    0.10149E-01    0.18066E+05
    0.10354E-01    0.18248E+05
    0.10564E-01    0.18429E+05
    0.10777E-01    0.18607E+05
    0.10995E-01    0.18783E+05
    0.11217E-01    0.18957E+05
    0.11443E-01    0.19128E+05
    0.11675E-01    0.19297E+05
    0.11910E-01    0.19462E+05
    0.12151E-01    0.19625E+05
    0.12397E-01    0.19784E+05
    0.12647E-01    0.19939E+05
    0.12902E-01    0.20090E+05
    0.13163E-01    0.20238E+05
    0.13429E-01    0.20381E+05
    0.13700E-01    0.20520E+05
    0.13977E-01    0.20654E+05
    0.14259E-01    0.20784E+05
    0.14547E-01    0.20908E+05
    0.14841E-01    0.21027E+05
    0.15141E-01    0.21140E+05
    0.15447E-01    0.21247E+05
    0.15759E-01    0.21349E+05
    0.16077E-01    0.21443E+05
    0.16402E-01    0.21532E+05
    0.16734E-01    0.21613E+05
    0.17072E-01    0.21688E+05
    0.17416E-01    0.21755E+05
    0.17768E-01    0.21815E+05
    0.18127E-01    0.21867E+05
    0.18493E-01    0.21911E+05
    0.18867E-01    0.21946E+05
    0.19248E-01    0.21974E+05
    0.19637E-01    0.21993E+05
    0.20034E-01    0.22003E+05
    0.20438E-01    0.22004E+05
    0.20851E-01    0.21996E+05
    0.21272E-01    0.21978E+05
    0.21702E-01    0.21951E+05
    0.22141E-01    0.21915E+05
    0.22588E-01    0.21869E+05
    0.23044E-01    0.21813E+05
    0.23510E-01    0.21748E+05
    0.23985E-01    0.21673E+05
    0.24469E-01    0.21587E+05
    0.24964E-01    0.21492E+05
    0.25468E-01    0.21388E+05
    0.25982E-01    0.21273E+05
    0.26507E-01    0.21149E+05
    0.27043E-01    0.21015E+05
    0.27589E-01    0.20872E+05
    0.28146E-01    0.20720E+05
    0.28715E-01    0.20559E+05
    0.29295E-01    0.20389E+05
    0.29887E-01    0.20211E+05
    0.30490E-01    0.20025E+05
    0.31106E-01    0.19831E+05
    0.31735E-01    0.19630E+05
    0.32376E-01    0.19423E+05
    0.33030E-01    0.19209E+05
    0.33697E-01    0.18989E+05
    0.34378E-01    0.18764E+05
    0.35072E-01    0.18535E+05
    0.35781E-01    0.18301E+05
    0.36504E-01    0.18065E+05
    0.37241E-01    0.17825E+05
    0.37993E-01    0.17584E+05
    0.38761E-01    0.17341E+05
    0.39544E-01    0.17098E+05
    0.40343E-01    0.16854E+05
    0.41158E-01    0.16611E+05
    0.41989E-01    0.16369E+05
    0.42838E-01    0.16128E+05
    0.43703E-01    0.15889E+05
    0.44586E-01    0.15654E+05
    0.45486E-01    0.15422E+05
    0.46405E-01    0.15195E+05
    0.47343E-01    0.14973E+05
    0.48299E-01    0.14757E+05
    0.49275E-01    0.14546E+05
    0.50270E-01    0.14342E+05
    0.51286E-01    0.14144E+05
    0.52322E-01    0.13952E+05
    0.53379E-01    0.13766E+05
    0.54457E-01    0.13586E+05
    0.55557E-01    0.13411E+05
    0.56680E-01    0.13240E+05
    0.57825E-01    0.13074E+05
    0.58993E-01    0.12911E+05
    0.60184E-01    0.12750E+05
    0.61400E-01    0.12592E+05
    0.62641E-01    0.12434E+05
    0.63906E-01    0.12277E+05
    0.65197E-01    0.12119E+05
    0.66514E-01    0.11959E+05
    0.67858E-01    0.11797E+05
    0.69229E-01    0.11631E+05
    0.70627E-01    0.11461E+05
    0.72054E-01    0.11285E+05
    0.73510E-01    0.11102E+05
    0.74994E-01    0.10912E+05
    0.76509E-01    0.10713E+05
    0.78055E-01    0.10507E+05
    0.79632E-01    0.10292E+05
    0.81241E-01    0.10068E+05
    0.82882E-01    0.98366E+04
    0.84556E-01    0.95969E+04
    0.86264E-01    0.93506E+04
    0.88007E-01    0.90990E+04
    0.89785E-01    0.88440E+04
    0.91598E-01    0.85876E+04
    0.93449E-01    0.83319E+04
    0.95337E-01    0.80789E+04
    0.97263E-01    0.78309E+04
    0.99227E-01    0.75898E+04
    0.10123E+00    0.73577E+04
    0.10328E+00    0.71363E+04
    0.10536E+00    0.69270E+04
    0.10749E+00    0.67310E+04
    0.10966E+00    0.65492E+04
    0.11188E+00    0.63818E+04
    0.11414E+00    0.62286E+04
    0.11644E+00    0.60887E+04
    0.11880E+00    0.59604E+04
    0.12120E+00    0.58417E+04
    0.12365E+00    0.57300E+04
    0.12614E+00    0.56225E+04
    0.12869E+00    0.55163E+04
    0.13129E+00    0.54087E+04
    0.13394E+00    0.52973E+04
    0.13665E+00    0.51800E+04
    0.13941E+00    0.50553E+04
    0.14223E+00    0.49225E+04
    0.14510E+00    0.47815E+04
    0.14803E+00    0.46330E+04
    0.15102E+00    0.44785E+04
    0.15407E+00    0.43201E+04
    0.15718E+00    0.41605E+04
    0.16036E+00    0.40027E+04
    0.16360E+00    0.38497E+04
    0.16690E+00    0.37045E+04
    0.17028E+00    0.35695E+04
    0.17371E+00    0.34467E+04
    0.17722E+00    0.33370E+04
    0.18080E+00    0.32399E+04
    0.18446E+00    0.31537E+04
    0.18818E+00    0.30755E+04
    0.19198E+00    0.30023E+04
    0.19586E+00    0.29309E+04
    0.19982E+00    0.28584E+04
    0.20386E+00    0.27825E+04
    0.20797E+00    0.27017E+04
    0.21218E+00    0.26149E+04
    0.21646E+00    0.25226E+04
    0.22083E+00    0.24266E+04
    0.22530E+00    0.23297E+04
    0.22985E+00    0.22353E+04
    0.23449E+00    0.21460E+04
    0.23923E+00    0.20639E+04
    0.24406E+00    0.19899E+04
    0.24899E+00    0.19241E+04
    0.25402E+00    0.18652E+04
    0.25915E+00    0.18111E+04
    0.26439E+00    0.17591E+04
    0.26973E+00    0.17068E+04
    0.27518E+00    0.16525E+04
    0.28074E+00    0.15953E+04
    0.28641E+00    0.15355E+04
    0.29219E+00    0.14745E+04
    0.29810E+00    0.14146E+04
    0.30412E+00    0.13579E+04
    0.31026E+00    0.13057E+04
    0.31653E+00    0.12582E+04
    0.32292E+00    0.12150E+04
    0.32945E+00    0.11747E+04
    0.33610E+00    0.11357E+04
    0.34289E+00    0.10966E+04
    0.34982E+00    0.10566E+04
    0.35689E+00    0.10159E+04
    0.36409E+00    0.97522E+03
    0.37145E+00    0.93597E+03
    0.37895E+00    0.89916E+03
    0.38661E+00    0.86508E+03
    0.39442E+00    0.83330E+03
    0.40239E+00    0.80310E+03
    0.41052E+00    0.77366E+03
    0.41881E+00    0.74436E+03
    0.42727E+00    0.71511E+03
    0.43590E+00    0.68640E+03
    0.44471E+00    0.65888E+03
    0.45369E+00    0.63288E+03
    0.46286E+00    0.60834E+03
    0.47221E+00    0.58499E+03
    0.48174E+00    0.56239E+03
    0.49148E+00    0.54021E+03
    0.50141E+00    0.51850E+03
    0.51153E+00    0.49752E+03
    0.52187E+00    0.47744E+03
    0.53241E+00    0.45834E+03
    0.54317E+00    0.44009E+03
    0.55414E+00    0.42247E+03
    0.56533E+00    0.40535E+03
    0.57675E+00    0.38879E+03
    0.58840E+00    0.37285E+03
    0.60029E+00    0.35760E+03
    0.61242E+00    0.34300E+03
    0.62479E+00    0.32894E+03
    0.63741E+00    0.31537E+03
    0.65029E+00    0.30230E+03
    0.66342E+00    0.28974E+03
    0.67683E+00    0.27769E+03
    0.69050E+00    0.26613E+03
    0.70445E+00    0.25502E+03
    0.71868E+00    0.24434E+03
    0.73320E+00    0.23407E+03
    0.74801E+00    0.22421E+03
    0.76312E+00    0.21473E+03
    0.77854E+00    0.20563E+03
    0.79426E+00    0.19689E+03
    0.81031E+00    0.18850E+03
    0.82668E+00    0.18045E+03
    0.84338E+00    0.17272E+03
    0.86041E+00    0.16531E+03
    0.87780E+00    0.15819E+03
    0.89553E+00    0.15137E+03
    0.91362E+00    0.14483E+03
    0.93208E+00    0.13856E+03
    0.95091E+00    0.13255E+03
    0.97011E+00    0.12679E+03
    0.98971E+00    0.12126E+03
    0.10097E+01    0.11596E+03
    0.10301E+01    0.11089E+03
    0.10509E+01    0.10602E+03
    0.10721E+01    0.10136E+03
    0.10938E+01    0.96897E+02
    0.11159E+01    0.92619E+02
    0.11384E+01    0.88521E+02
    0.11614E+01    0.84597E+02
    0.11849E+01    0.80839E+02
    0.12088E+01    0.77241E+02
    0.12333E+01    0.73797E+02
    0.12582E+01    0.70500E+02
    0.12836E+01    0.67344E+02
    0.13095E+01    0.64324E+02
    0.13360E+01    0.61435E+02
    0.13630E+01    0.58671E+02
    0.13905E+01    0.56026E+02
    0.14186E+01    0.53496E+02
    0.14472E+01    0.51077E+02
    0.14765E+01    0.48762E+02
    0.15063E+01    0.46549E+02
    0.15367E+01    0.44432E+02
    0.15678E+01    0.42407E+02
    0.15994E+01    0.40471E+02
    0.16318E+01    0.38620E+02
    0.16647E+01    0.36850E+02
    0.16984E+01    0.35158E+02
    0.17327E+01    0.33540E+02
    0.17677E+01    0.31994E+02
    0.18034E+01    0.30517E+02
    0.18398E+01    0.29107E+02
    0.18770E+01    0.27760E+02
    0.19149E+01    0.26474E+02
    0.19536E+01    0.25246E+02
    0.19930E+01    0.24075E+02
    0.20333E+01    0.22957E+02
    0.20744E+01    0.21891E+02
