    0.10000E-03    0.24816E+03
    0.10202E-03    0.25301E+03
    0.10408E-03    0.25795E+03
    0.10618E-03    0.26300E+03
    0.10833E-03    0.26814E+03
    0.11052E-03    0.27338E+03
    0.11275E-03    0.27872E+03
    0.11503E-03    0.28417E+03
    0.11735E-03    0.28973E+03
    0.11972E-03    0.29539E+03
    0.12214E-03    0.30116E+03
    0.12461E-03    0.30705E+03
    0.12712E-03    0.31305E+03
    0.12969E-03    0.31917E+03
    0.13231E-03    0.32541E+03
    0.13499E-03    0.33177E+03
    0.13771E-03    0.33825E+03
    0.14049E-03    0.34487E+03
    0.14333E-03    0.35161E+03
    0.14623E-03    0.35848E+03
    0.14918E-03    0.36548E+03
    0.15220E-03    0.37263E+03
    0.15527E-03    0.37991E+03
    0.15841E-03    0.38733E+03
    0.16161E-03    0.39490E+03
    0.16487E-03    0.40262E+03
    0.16820E-03    0.41049E+03
    0.17160E-03    0.41851E+03
    0.17507E-03    0.42668E+03
    0.17860E-03    0.43502E+03
    0.18221E-03    0.44352E+03
    0.18589E-03    0.45219E+03
    0.18965E-03    0.46102E+03
    0.19348E-03    0.47003E+03
    0.19739E-03    0.47921E+03
    0.20138E-03    0.48857E+03
    0.20544E-03    0.49811E+03
    0.20959E-03    0.50784E+03
    0.21383E-03    0.51776E+03
    0.21815E-03    0.52788E+03
    0.22255E-03    0.53818E+03
    0.22705E-03    0.54870E+03
    0.23164E-03    0.55941E+03
    0.23632E-03    0.57033E+03
    0.24109E-03    0.58147E+03
    0.24596E-03    0.59282E+03
    0.25093E-03    0.60440E+03
    0.25600E-03    0.61620E+03
    0.26117E-03    0.62823E+03
    0.26645E-03    0.64049E+03
    0.27183E-03    0.65299E+03
    0.27732E-03    0.66574E+03
    0.28292E-03    0.67873E+03
    0.28864E-03    0.69197E+03
    0.29447E-03    0.70548E+03
    0.30042E-03    0.71924E+03
    0.30649E-03    0.73327E+03
    0.31268E-03    0.74758E+03
    0.31899E-03    0.76216E+03
    0.32544E-03    0.77702E+03
    0.33201E-03    0.79218E+03
    0.33872E-03    0.80762E+03
    0.34556E-03    0.82337E+03
    0.35254E-03    0.83942E+03
    0.35966E-03    0.85578E+03
    0.36693E-03    0.87246E+03
    0.37434E-03    0.88947E+03
    0.38190E-03    0.90680E+03
    0.38962E-03    0.92447E+03
    0.39749E-03    0.94247E+03
    0.40552E-03    0.96083E+03
    0.41371E-03    0.97954E+03
    0.42207E-03    0.99862E+03
    0.43060E-03    0.10181E+04
    0.43929E-03    0.10379E+04
    0.44817E-03    0.10581E+04
    0.45722E-03    0.10787E+04
    0.46646E-03    0.10996E+04
    0.47588E-03    0.11210E+04
    0.48550E-03    0.11428E+04
    0.49530E-03    0.11651E+04
    0.50531E-03    0.11877E+04
    0.51552E-03    0.12108E+04
    0.52593E-03    0.12343E+04
    0.53656E-03    0.12583E+04
    0.54739E-03    0.12827E+04
    0.55845E-03    0.13076E+04
    0.56973E-03    0.13330E+04
    0.58124E-03    0.13589E+04
    0.59299E-03    0.13852E+04
    0.60496E-03    0.14121E+04
    0.61719E-03    0.14395E+04
    0.62965E-03    0.14674E+04
    0.64237E-03    0.14958E+04
    0.65535E-03    0.15248E+04
    0.66859E-03    0.15543E+04
    0.68210E-03    0.15844E+04
    0.69588E-03    0.16150E+04
    0.70993E-03    0.16463E+04
    0.72427E-03    0.16781E+04
    0.73891E-03    0.17105E+04
    0.75383E-03    0.17436E+04
    0.76906E-03    0.17772E+04
    0.78460E-03    0.18115E+04
    0.80045E-03    0.18465E+04
    0.81662E-03    0.18821E+04
    0.83311E-03    0.19183E+04
    0.84994E-03    0.19553E+04
    0.86711E-03    0.19929E+04
    0.88463E-03    0.20313E+04
    0.90250E-03    0.20704E+04
    0.92073E-03    0.21102E+04
    0.93933E-03    0.21507E+04
    0.95831E-03    0.21920E+04
    0.97767E-03    0.22341E+04
    0.99742E-03    0.22769E+04
    0.10176E-02    0.23205E+04
    0.10381E-02    0.23650E+04
    0.10591E-02    0.24102E+04
    0.10805E-02    0.24563E+04
    0.11023E-02    0.25033E+04
    0.11246E-02    0.25511E+04
    0.11473E-02    0.25998E+04
    0.11705E-02    0.26493E+04
    0.11941E-02    0.26998E+04
    0.12182E-02    0.27512E+04
    0.12429E-02    0.28035E+04
    0.12680E-02    0.28568E+04
    0.12936E-02    0.29110E+04
    0.13197E-02    0.29663E+04
    0.13464E-02    0.30225E+04
    0.13736E-02    0.30797E+04
    0.14013E-02    0.31379E+04
    0.14296E-02    0.31972E+04
    0.14585E-02    0.32575E+04
    0.14880E-02    0.33189E+04
    0.15180E-02    0.33814E+04
    0.15487E-02    0.34450E+04
    0.15800E-02    0.35097E+04
    0.16119E-02    0.35756E+04
    0.16445E-02    0.36426E+04
    0.16777E-02    0.37107E+04
    0.17116E-02    0.37801E+04
    0.17462E-02    0.38506E+04
    0.17814E-02    0.39223E+04
    0.18174E-02    0.39953E+04
    0.18541E-02    0.40695E+04
    0.18916E-02    0.41450E+04
    0.19298E-02    0.42218E+04
    0.19688E-02    0.42999E+04
    0.20086E-02    0.43792E+04
    0.20491E-02    0.44599E+04
    0.20905E-02    0.45420E+04
    0.21328E-02    0.46254E+04
    0.21758E-02    0.47101E+04
    0.22198E-02    0.47963E+04
    0.22646E-02    0.48838E+04
    0.23104E-02    0.49728E+04
    0.23571E-02    0.50632E+04
    0.24047E-02    0.51551E+04
    0.24533E-02    0.52484E+04
    0.25028E-02    0.53432E+04
    0.25534E-02    0.54394E+04
    0.26050E-02    0.55372E+04
    0.26576E-02    0.56365E+04
    0.27113E-02    0.57373E+04
    0.27660E-02    0.58397E+04
    0.28219E-02    0.59436E+04
    0.28789E-02    0.60491E+04
    0.29371E-02    0.61561E+04
    0.29964E-02    0.62648E+04
    0.30569E-02    0.63750E+04
    0.31187E-02    0.64869E+04
    0.31817E-02    0.66003E+04
    0.32460E-02    0.67154E+04
    0.33115E-02    0.68321E+04
    0.33784E-02    0.69504E+04
    0.34467E-02    0.70704E+04
    0.35163E-02    0.71921E+04
    0.35874E-02    0.73154E+04
    0.36598E-02    0.74403E+04
    0.37338E-02    0.75669E+04
    0.38092E-02    0.76952E+04
    0.38861E-02    0.78251E+04
    0.39646E-02    0.79567E+04
    0.40447E-02    0.80900E+04
    0.41264E-02    0.82249E+04
    0.42098E-02    0.83615E+04
    0.42948E-02    0.84997E+04
    0.43816E-02    0.86396E+04
    0.44701E-02    0.87811E+04
    0.45604E-02    0.89243E+04
    0.46525E-02    0.90691E+04
    0.47465E-02    0.92155E+04
    0.48424E-02    0.93635E+04
    0.49402E-02    0.95131E+04
    0.50400E-02    0.96642E+04
    0.51419E-02    0.98169E+04
    0.52457E-02    0.99712E+04
    0.53517E-02    0.10127E+05
    0.54598E-02    0.10284E+05
    0.55701E-02    0.10443E+05
    0.56826E-02    0.10603E+05
    0.57974E-02    0.10765E+05
    0.59145E-02    0.10928E+05
    0.60340E-02    0.11092E+05
    0.61559E-02    0.11257E+05
    0.62803E-02    0.11424E+05
    0.64072E-02    0.11592E+05
    0.65366E-02    0.11762E+05
    0.66686E-02    0.11932E+05
    0.68033E-02    0.12104E+05
    0.69408E-02    0.12276E+05
    0.70810E-02    0.12450E+05
    0.72240E-02    0.12624E+05
    0.73700E-02    0.12800E+05
    0.75189E-02    0.12976E+05
    0.76708E-02    0.13152E+05
    0.78257E-02    0.13330E+05
    0.79838E-02    0.13508E+05
    0.81451E-02    0.13686E+05
    0.83096E-02    0.13865E+05
    0.84775E-02    0.14045E+05
    0.86488E-02    0.14224E+05
    0.88235E-02    0.14404E+05
    0.90017E-02    0.14583E+05
    0.91836E-02    0.14763E+05
    0.93691E-02    0.14943E+05
    0.95583E-02    0.15122E+05
    0.97514E-02    0.15301E+05
    0.99484E-02    0.15479E+05
    0.10149E-01    0.15657E+05
    0.10354E-01    0.15834E+05
    0.10564E-01    0.16010E+05
    0.10777E-01    0.16186E+05
    0.10995E-01    0.16360E+05
    0.11217E-01    0.16533E+05
    0.11443E-01    0.16704E+05
    0.11675E-01    0.16874E+05
    0.11910E-01    0.17042E+05
    0.12151E-01    0.17208E+05
    0.12397E-01    0.17373E+05
    0.12647E-01    0.17535E+05
    0.12902E-01    0.17694E+05
    0.13163E-01    0.17851E+05
    0.13429E-01    0.18005E+05
    0.13700E-01    0.18156E+05
    0.13977E-01    0.18305E+05
    0.14259E-01    0.18449E+05
    0.14547E-01    0.18591E+05
    0.14841E-01    0.18728E+05
    0.15141E-01    0.18861E+05
    0.15447E-01    0.18991E+05
    0.15759E-01    0.19116E+05
    0.16077E-01    0.19236E+05
    0.16402E-01    0.19352E+05
    0.16734E-01    0.19462E+05
    0.17072E-01    0.19567E+05
    0.17416E-01    0.19667E+05
    0.17768E-01    0.19761E+05
    0.18127E-01    0.19850E+05
    0.18493E-01    0.19932E+05
    0.18867E-01    0.20007E+05
    0.19248E-01    0.20077E+05
    0.19637E-01    0.20139E+05
    0.20034E-01    0.20194E+05
    0.20438E-01    0.20243E+05
    0.20851E-01    0.20284E+05
    0.21272E-01    0.20317E+05
    0.21702E-01    0.20343E+05
    0.22141E-01    0.20361E+05
    0.22588E-01    0.20370E+05
    0.23044E-01    0.20372E+05
    0.23510E-01    0.20365E+05
    0.23985E-01    0.20350E+05
    0.24469E-01    0.20326E+05
    0.24964E-01    0.20294E+05
    0.25468E-01    0.20253E+05
    0.25982E-01    0.20203E+05
    0.26507E-01    0.20145E+05
    0.27043E-01    0.20078E+05
    0.27589E-01    0.20002E+05
    0.28146E-01    0.19917E+05
    0.28715E-01    0.19824E+05
    0.29295E-01    0.19723E+05
    0.29887E-01    0.19613E+05
    0.30490E-01    0.19495E+05
    0.31106E-01    0.19370E+05
    0.31735E-01    0.19236E+05
    0.32376E-01    0.19095E+05
    0.33030E-01    0.18947E+05
    0.33697E-01    0.18793E+05
    0.34378E-01    0.18632E+05
    0.35072E-01    0.18465E+05
    0.35781E-01    0.18292E+05
    0.36504E-01    0.18114E+05
    0.37241E-01    0.17932E+05
    0.37993E-01    0.17745E+05
    0.38761E-01    0.17555E+05
    0.39544E-01    0.17362E+05
    0.40343E-01    0.17166E+05
    0.41158E-01    0.16968E+05
    0.41989E-01    0.16769E+05
    0.42838E-01    0.16568E+05
    0.43703E-01    0.16367E+05
    0.44586E-01    0.16166E+05
    0.45486E-01    0.15966E+05
    0.46405E-01    0.15767E+05
    0.47343E-01    0.15570E+05
    0.48299E-01    0.15375E+05
    0.49275E-01    0.15182E+05
    0.50270E-01    0.14993E+05
    0.51286E-01    0.14808E+05
    0.52322E-01    0.14626E+05
    0.53379E-01    0.14449E+05
    0.54457E-01    0.14276E+05
    0.55557E-01    0.14107E+05
    0.56680E-01    0.13942E+05
    0.57825E-01    0.13780E+05
    0.58993E-01    0.13622E+05
    0.60184E-01    0.13466E+05
    0.61400E-01    0.13311E+05
    0.62641E-01    0.13158E+05
    0.63906E-01    0.13006E+05
    0.65197E-01    0.12854E+05
    0.66514E-01    0.12701E+05
    0.67858E-01    0.12547E+05
    0.69229E-01    0.12391E+05
    0.70627E-01    0.12231E+05
    0.72054E-01    0.12068E+05
    0.73510E-01    0.11901E+05
    0.74994E-01    0.11728E+05
    0.76509E-01    0.11549E+05
    0.78055E-01    0.11364E+05
    0.79632E-01    0.11170E+05
    0.81241E-01    0.10970E+05
    0.82882E-01    0.10761E+05
    0.84556E-01    0.10544E+05
    0.86264E-01    0.10319E+05
    0.88007E-01    0.10088E+05
    0.89785E-01    0.98509E+04
    0.91598E-01    0.96104E+04
    0.93449E-01    0.93677E+04
    0.95337E-01    0.91238E+04
    0.97263E-01    0.88804E+04
    0.99227E-01    0.86391E+04
    0.10123E+00    0.84018E+04
    0.10328E+00    0.81703E+04
    0.10536E+00    0.79460E+04
    0.10749E+00    0.77303E+04
    0.10966E+00    0.75246E+04
    0.11188E+00    0.73299E+04
    0.11414E+00    0.71471E+04
    0.11644E+00    0.69765E+04
    0.11880E+00    0.68180E+04
    0.12120E+00    0.66711E+04
    0.12365E+00    0.65345E+04
    0.12614E+00    0.64066E+04
    0.12869E+00    0.62849E+04
    0.13129E+00    0.61669E+04
    0.13394E+00    0.60499E+04
    0.13665E+00    0.59314E+04
    0.13941E+00    0.58090E+04
    0.14223E+00    0.56809E+04
    0.14510E+00    0.55459E+04
    0.14803E+00    0.54034E+04
    0.15102E+00    0.52538E+04
    0.15407E+00    0.50979E+04
    0.15718E+00    0.49373E+04
    0.16036E+00    0.47744E+04
    0.16360E+00    0.46114E+04
    0.16690E+00    0.44510E+04
    0.17028E+00    0.42957E+04
    0.17371E+00    0.41477E+04
    0.17722E+00    0.40091E+04
    0.18080E+00    0.38811E+04
    0.18446E+00    0.37646E+04
    0.18818E+00    0.36593E+04
    0.19198E+00    0.35638E+04
    0.19586E+00    0.34758E+04
    0.19982E+00    0.33924E+04
    0.20386E+00    0.33105E+04
    0.20797E+00    0.32273E+04
    0.21218E+00    0.31409E+04
    0.21646E+00    0.30498E+04
    0.22083E+00    0.29537E+04
    0.22530E+00    0.28532E+04
    0.22985E+00    0.27500E+04
    0.23449E+00    0.26468E+04
    0.23923E+00    0.25467E+04
    0.24406E+00    0.24521E+04
    0.24899E+00    0.23644E+04
    0.25402E+00    0.22843E+04
    0.25915E+00    0.22116E+04
    0.26439E+00    0.21451E+04
    0.26973E+00    0.20830E+04
    0.27518E+00    0.20227E+04
    0.28074E+00    0.19622E+04
    0.28641E+00    0.18999E+04
    0.29219E+00    0.18351E+04
    0.29810E+00    0.17683E+04
    0.30412E+00    0.17011E+04
    0.31026E+00    0.16355E+04
    0.31653E+00    0.15734E+04
    0.32292E+00    0.15158E+04
    0.32945E+00    0.14628E+04
    0.33610E+00    0.14136E+04
    0.34289E+00    0.13672E+04
    0.34982E+00    0.13220E+04
    0.35689E+00    0.12767E+04
    0.36409E+00    0.12308E+04
    0.37145E+00    0.11845E+04
    0.37895E+00    0.11388E+04
    0.38661E+00    0.10948E+04
    0.39442E+00    0.10533E+04
    0.40239E+00    0.10146E+04
    0.41052E+00    0.97810E+03
    0.41881E+00    0.94310E+03
    0.42727E+00    0.90887E+03
    0.43590E+00    0.87495E+03
    0.44471E+00    0.84134E+03
    0.45369E+00    0.80850E+03
    0.46286E+00    0.77701E+03
    0.47221E+00    0.74718E+03
    0.48174E+00    0.71887E+03
    0.49148E+00    0.69170E+03
    0.50141E+00    0.66534E+03
    0.51153E+00    0.63956E+03
    0.52187E+00    0.61439E+03
    0.53241E+00    0.59007E+03
    0.54317E+00    0.56681E+03
    0.55414E+00    0.54461E+03
    0.56533E+00    0.52327E+03
    0.57675E+00    0.50264E+03
    0.58840E+00    0.48264E+03
    0.60029E+00    0.46328E+03
    0.61242E+00    0.44465E+03
    0.62479E+00    0.42681E+03
    0.63741E+00    0.40966E+03
    0.65029E+00    0.39314E+03
    0.66342E+00    0.37720E+03
    0.67683E+00    0.36182E+03
    0.69050E+00    0.34704E+03
    0.70445E+00    0.33285E+03
    0.71868E+00    0.31921E+03
    0.73320E+00    0.30609E+03
    0.74801E+00    0.29346E+03
    0.76312E+00    0.28132E+03
    0.77854E+00    0.26964E+03
    0.79426E+00    0.25841E+03
    0.81031E+00    0.24762E+03
    0.82668E+00    0.23725E+03
    0.84338E+00    0.22729E+03
    0.86041E+00    0.21772E+03
    0.87780E+00    0.20853E+03
    0.89553E+00    0.19970E+03
    0.91362E+00    0.19123E+03
    0.93208E+00    0.18310E+03
    0.95091E+00    0.17529E+03
    0.97011E+00    0.16780E+03
    0.98971E+00    0.16062E+03
    0.10097E+01    0.15372E+03
    0.10301E+01    0.14711E+03
    0.10509E+01    0.14076E+03
    0.10721E+01    0.13467E+03
    0.10938E+01    0.12884E+03
    0.11159E+01    0.12324E+03
    0.11384E+01    0.11788E+03
    0.11614E+01    0.11273E+03
    0.11849E+01    0.10780E+03
    0.12088E+01    0.10308E+03
    0.12333E+01    0.98553E+02
    0.12582E+01    0.94215E+02
    0.12836E+01    0.90061E+02
    0.13095E+01    0.86081E+02
    0.13360E+01    0.82270E+02
    0.13630E+01    0.78621E+02
    0.13905E+01    0.75127E+02
    0.14186E+01    0.71782E+02
    0.14472E+01    0.68580E+02
    0.14765E+01    0.65515E+02
    0.15063E+01    0.62582E+02
    0.15367E+01    0.59774E+02
    0.15678E+01    0.57087E+02
    0.15994E+01    0.54516E+02
    0.16318E+01    0.52056E+02
    0.16647E+01    0.49702E+02
    0.16984E+01    0.47449E+02
    0.17327E+01    0.45295E+02
    0.17677E+01    0.43233E+02
    0.18034E+01    0.41262E+02
    0.18398E+01    0.39377E+02
    0.18770E+01    0.37575E+02
    0.19149E+01    0.35854E+02
    0.19536E+01    0.34209E+02
    0.19930E+01    0.32638E+02
    0.20333E+01    0.31138E+02
    0.20744E+01    0.29706E+02
    0.21163E+01    0.28340E+02
    0.21590E+01    0.27036E+02
