    0.10000E-03    0.31874E+03
    0.10202E-03    0.32497E+03
    0.10408E-03    0.33132E+03
    0.10618E-03    0.33779E+03
    0.10833E-03    0.34440E+03
    0.11052E-03    0.35113E+03
    0.11275E-03    0.35799E+03
    0.11503E-03    0.36499E+03
    0.11735E-03    0.37212E+03
    0.11972E-03    0.37940E+03
    0.12214E-03    0.38681E+03
    0.12461E-03    0.39437E+03
    0.12712E-03    0.40208E+03
    0.12969E-03    0.40994E+03
    0.13231E-03    0.41795E+03
    0.13499E-03    0.42612E+03
    0.13771E-03    0.43445E+03
    0.14049E-03    0.44294E+03
    0.14333E-03    0.45159E+03
    0.14623E-03    0.46042E+03
    0.14918E-03    0.46941E+03
    0.15220E-03    0.47859E+03
    0.15527E-03    0.48794E+03
    0.15841E-03    0.49747E+03
    0.16161E-03    0.50719E+03
    0.16487E-03    0.51710E+03
    0.16820E-03    0.52720E+03
    0.17160E-03    0.53750E+03
    0.17507E-03    0.54800E+03
    0.17860E-03    0.55871E+03
    0.18221E-03    0.56962E+03
    0.18589E-03    0.58075E+03
    0.18965E-03    0.59209E+03
    0.19348E-03    0.60366E+03
    0.19739E-03    0.61545E+03
    0.20138E-03    0.62746E+03
    0.20544E-03    0.63972E+03
    0.20959E-03    0.65221E+03
    0.21383E-03    0.66495E+03
    0.21815E-03    0.67793E+03
    0.22255E-03    0.69116E+03
    0.22705E-03    0.70466E+03
    0.23164E-03    0.71841E+03
    0.23632E-03    0.73244E+03
    0.24109E-03    0.74673E+03
    0.24596E-03    0.76131E+03
    0.25093E-03    0.77617E+03
    0.25600E-03    0.79131E+03
    0.26117E-03    0.80675E+03
    0.26645E-03    0.82249E+03
    0.27183E-03    0.83854E+03
    0.27732E-03    0.85490E+03
    0.28292E-03    0.87157E+03
    0.28864E-03    0.88857E+03
    0.29447E-03    0.90590E+03
    0.30042E-03    0.92357E+03
    0.30649E-03    0.94157E+03
    0.31268E-03    0.95993E+03
    0.31899E-03    0.97864E+03
    0.32544E-03    0.99771E+03
    0.33201E-03    0.10172E+04
    0.33872E-03    0.10370E+04
    0.34556E-03    0.10572E+04
    0.35254E-03    0.10778E+04
    0.35966E-03    0.10988E+04
    0.36693E-03    0.11202E+04
    0.37434E-03    0.11420E+04
    0.38190E-03    0.11642E+04
    0.38962E-03    0.11869E+04
    0.39749E-03    0.12100E+04
    0.40552E-03    0.12335E+04
    0.41371E-03    0.12575E+04
    0.42207E-03    0.12820E+04
    0.43060E-03    0.13069E+04
    0.43929E-03    0.13323E+04
    0.44817E-03    0.13582E+04
    0.45722E-03    0.13846E+04
    0.46646E-03    0.14115E+04
    0.47588E-03    0.14389E+04
    0.48550E-03    0.14669E+04
    0.49530E-03    0.14953E+04
    0.50531E-03    0.15244E+04
    0.51552E-03    0.15539E+04
    0.52593E-03    0.15841E+04
    0.53656E-03    0.16148E+04
    0.54739E-03    0.16461E+04
    0.55845E-03    0.16780E+04
    0.56973E-03    0.17105E+04
    0.58124E-03    0.17436E+04
    0.59299E-03    0.17774E+04
    0.60496E-03    0.18118E+04
    0.61719E-03    0.18468E+04
    0.62965E-03    0.18826E+04
    0.64237E-03    0.19189E+04
    0.65535E-03    0.19560E+04
    0.66859E-03    0.19938E+04
    0.68210E-03    0.20323E+04
    0.69588E-03    0.20715E+04
    0.70993E-03    0.21115E+04
    0.72427E-03    0.21522E+04
    0.73891E-03    0.21936E+04
    0.75383E-03    0.22359E+04
    0.76906E-03    0.22789E+04
    0.78460E-03    0.23228E+04
    0.80045E-03    0.23674E+04
    0.81662E-03    0.24129E+04
    0.83311E-03    0.24593E+04
    0.84994E-03    0.25065E+04
    0.86711E-03    0.25546E+04
    0.88463E-03    0.26036E+04
    0.90250E-03    0.26534E+04
    0.92073E-03    0.27042E+04
    0.93933E-03    0.27560E+04
    0.95831E-03    0.28087E+04
    0.97767E-03    0.28623E+04
    0.99742E-03    0.29169E+04
    0.10176E-02    0.29726E+04
    0.10381E-02    0.30292E+04
    0.10591E-02    0.30869E+04
    0.10805E-02    0.31457E+04
    0.11023E-02    0.32055E+04
    0.11246E-02    0.32663E+04
    0.11473E-02    0.33283E+04
    0.11705E-02    0.33914E+04
    0.11941E-02    0.34556E+04
    0.12182E-02    0.35210E+04
    0.12429E-02    0.35876E+04
    0.12680E-02    0.36553E+04
    0.12936E-02    0.37242E+04
    0.13197E-02    0.37944E+04
    0.13464E-02    0.38658E+04
    0.13736E-02    0.39384E+04
    0.14013E-02    0.40123E+04
    0.14296E-02    0.40875E+04
    0.14585E-02    0.41641E+04
    0.14880E-02    0.42419E+04
    0.15180E-02    0.43211E+04
    0.15487E-02    0.44017E+04
    0.15800E-02    0.44836E+04
    0.16119E-02    0.45669E+04
    0.16445E-02    0.46517E+04
    0.16777E-02    0.47379E+04
    0.17116E-02    0.48255E+04
    0.17462E-02    0.49147E+04
    0.17814E-02    0.50053E+04
    0.18174E-02    0.50974E+04
    0.18541E-02    0.51910E+04
    0.18916E-02    0.52862E+04
    0.19298E-02    0.53830E+04
    0.19688E-02    0.54813E+04
    0.20086E-02    0.55812E+04
    0.20491E-02    0.56827E+04
    0.20905E-02    0.57859E+04
    0.21328E-02    0.58907E+04
    0.21758E-02    0.59972E+04
    0.22198E-02    0.61053E+04
    0.22646E-02    0.62151E+04
    0.23104E-02    0.63266E+04
    0.23571E-02    0.64399E+04
    0.24047E-02    0.65549E+04
    0.24533E-02    0.66716E+04
    0.25028E-02    0.67901E+04
    0.25534E-02    0.69103E+04
    0.26050E-02    0.70324E+04
    0.26576E-02    0.71562E+04
    0.27113E-02    0.72818E+04
    0.27660E-02    0.74093E+04
    0.28219E-02    0.75386E+04
    0.28789E-02    0.76697E+04
    0.29371E-02    0.78026E+04
    0.29964E-02    0.79374E+04
    0.30569E-02    0.80741E+04
    0.31187E-02    0.82126E+04
    0.31817E-02    0.83530E+04
    0.32460E-02    0.84952E+04
    0.33115E-02    0.86393E+04
    0.33784E-02    0.87853E+04
    0.34467E-02    0.89332E+04
    0.35163E-02    0.90829E+04
    0.35874E-02    0.92345E+04
    0.36598E-02    0.93879E+04
    0.37338E-02    0.95433E+04
    0.38092E-02    0.97005E+04
    0.38861E-02    0.98595E+04
    0.39646E-02    0.10020E+05
    0.40447E-02    0.10183E+05
    0.41264E-02    0.10348E+05
    0.42098E-02    0.10514E+05
    0.42948E-02    0.10682E+05
    0.43816E-02    0.10852E+05
    0.44701E-02    0.11024E+05
    0.45604E-02    0.11197E+05
    0.46525E-02    0.11372E+05
    0.47465E-02    0.11549E+05
    0.48424E-02    0.11727E+05
    0.49402E-02    0.11907E+05
    0.50400E-02    0.12089E+05
    0.51419E-02    0.12272E+05
    0.52457E-02    0.12457E+05
    0.53517E-02    0.12643E+05
    0.54598E-02    0.12831E+05
    0.55701E-02    0.13020E+05
    0.56826E-02    0.13210E+05
    0.57974E-02    0.13402E+05
    0.59145E-02    0.13595E+05
    0.60340E-02    0.13789E+05
    0.61559E-02    0.13984E+05
    0.62803E-02    0.14181E+05
    0.64072E-02    0.14378E+05
    0.65366E-02    0.14577E+05
    0.66686E-02    0.14776E+05
    0.68033E-02    0.14976E+05
    0.69408E-02    0.15177E+05
    0.70810E-02    0.15378E+05
    0.72240E-02    0.15580E+05
    0.73700E-02    0.15782E+05
    0.75189E-02    0.15985E+05
    0.76708E-02    0.16187E+05
    0.78257E-02    0.16390E+05
    0.79838E-02    0.16593E+05
    0.81451E-02    0.16796E+05
    0.83096E-02    0.16999E+05
    0.84775E-02    0.17201E+05
    0.86488E-02    0.17403E+05
    0.88235E-02    0.17605E+05
    0.90017E-02    0.17805E+05
    0.91836E-02    0.18005E+05
    0.93691E-02    0.18204E+05
    0.95583E-02    0.18401E+05
    0.97514E-02    0.18598E+05
    0.99484E-02    0.18793E+05
    0.10149E-01    0.18986E+05
    0.10354E-01    0.19178E+05
    0.10564E-01    0.19367E+05
    0.10777E-01    0.19555E+05
    0.10995E-01    0.19740E+05
    0.11217E-01    0.19923E+05
    0.11443E-01    0.20103E+05
    0.11675E-01    0.20280E+05
    0.11910E-01    0.20453E+05
    0.12151E-01    0.20624E+05
    0.12397E-01    0.20791E+05
    0.12647E-01    0.20954E+05
    0.12902E-01    0.21114E+05
    0.13163E-01    0.21269E+05
    0.13429E-01    0.21419E+05
    0.13700E-01    0.21565E+05
    0.13977E-01    0.21706E+05
    0.14259E-01    0.21842E+05
    0.14547E-01    0.21973E+05
    0.14841E-01    0.22098E+05
    0.15141E-01    0.22217E+05
    0.15447E-01    0.22329E+05
    0.15759E-01    0.22436E+05
    0.16077E-01    0.22535E+05
    0.16402E-01    0.22628E+05
    0.16734E-01    0.22714E+05
    0.17072E-01    0.22792E+05
    0.17416E-01    0.22863E+05
    0.17768E-01    0.22926E+05
    0.18127E-01    0.22980E+05
    0.18493E-01    0.23026E+05
    0.18867E-01    0.23064E+05
    0.19248E-01    0.23093E+05
    0.19637E-01    0.23113E+05
    0.20034E-01    0.23123E+05
    0.20438E-01    0.23124E+05
    0.20851E-01    0.23116E+05
    0.21272E-01    0.23098E+05
    0.21702E-01    0.23069E+05
    0.22141E-01    0.23031E+05
    0.22588E-01    0.22983E+05
    0.23044E-01    0.22924E+05
    0.23510E-01    0.22856E+05
    0.23985E-01    0.22776E+05
    0.24469E-01    0.22687E+05
    0.24964E-01    0.22587E+05
    0.25468E-01    0.22477E+05
    0.25982E-01    0.22356E+05
    0.26507E-01    0.22226E+05
    0.27043E-01    0.22085E+05
    0.27589E-01    0.21935E+05
    0.28146E-01    0.21775E+05
    0.28715E-01    0.21606E+05
    0.29295E-01    0.21427E+05
    0.29887E-01    0.21240E+05
    0.30490E-01    0.21045E+05
    0.31106E-01    0.20841E+05
    0.31735E-01    0.20630E+05
    0.32376E-01    0.20412E+05
    0.33030E-01    0.20187E+05
    0.33697E-01    0.19956E+05
    0.34378E-01    0.19720E+05
    0.35072E-01    0.19479E+05
    0.35781E-01    0.19234E+05
    0.36504E-01    0.18985E+05
    0.37241E-01    0.18733E+05
    0.37993E-01    0.18480E+05
    0.38761E-01    0.18225E+05
    0.39544E-01    0.17969E+05
    0.40343E-01    0.17713E+05
    0.41158E-01    0.17457E+05
    0.41989E-01    0.17202E+05
    0.42838E-01    0.16949E+05
    0.43703E-01    0.16698E+05
    0.44586E-01    0.16451E+05
    0.45486E-01    0.16207E+05
    0.46405E-01    0.15969E+05
    0.47343E-01    0.15736E+05
    0.48299E-01    0.15508E+05
    0.49275E-01    0.15287E+05
    0.50270E-01    0.15072E+05
    0.51286E-01    0.14864E+05
    0.52322E-01    0.14663E+05
    0.53379E-01    0.14467E+05
    0.54457E-01    0.14278E+05
    0.55557E-01    0.14094E+05
    0.56680E-01    0.13915E+05
    0.57825E-01    0.13740E+05
    0.58993E-01    0.13568E+05
    0.60184E-01    0.13400E+05
    0.61400E-01    0.13233E+05
    0.62641E-01    0.13067E+05
    0.63906E-01    0.12902E+05
    0.65197E-01    0.12736E+05
    0.66514E-01    0.12568E+05
    0.67858E-01    0.12398E+05
    0.69229E-01    0.12224E+05
    0.70627E-01    0.12045E+05
    0.72054E-01    0.11860E+05
    0.73510E-01    0.11668E+05
    0.74994E-01    0.11468E+05
    0.76509E-01    0.11259E+05
    0.78055E-01    0.11042E+05
    0.79632E-01    0.10816E+05
    0.81241E-01    0.10581E+05
    0.82882E-01    0.10338E+05
    0.84556E-01    0.10086E+05
    0.86264E-01    0.98268E+04
    0.88007E-01    0.95624E+04
    0.89785E-01    0.92944E+04
    0.91598E-01    0.90250E+04
    0.93449E-01    0.87562E+04
    0.95337E-01    0.84903E+04
    0.97263E-01    0.82297E+04
    0.99227E-01    0.79764E+04
    0.10123E+00    0.77324E+04
    0.10328E+00    0.74997E+04
    0.10536E+00    0.72797E+04
    0.10749E+00    0.70737E+04
    0.10966E+00    0.68827E+04
    0.11188E+00    0.67068E+04
    0.11414E+00    0.65458E+04
    0.11644E+00    0.63988E+04
    0.11880E+00    0.62639E+04
    0.12120E+00    0.61392E+04
    0.12365E+00    0.60218E+04
    0.12614E+00    0.59088E+04
    0.12869E+00    0.57972E+04
    0.13129E+00    0.56842E+04
    0.13394E+00    0.55670E+04
    0.13665E+00    0.54437E+04
    0.13941E+00    0.53128E+04
    0.14223E+00    0.51732E+04
    0.14510E+00    0.50250E+04
    0.14803E+00    0.48689E+04
    0.15102E+00    0.47065E+04
    0.15407E+00    0.45401E+04
    0.15718E+00    0.43724E+04
    0.16036E+00    0.42066E+04
    0.16360E+00    0.40458E+04
    0.16690E+00    0.38931E+04
    0.17028E+00    0.37513E+04
    0.17371E+00    0.36223E+04
    0.17722E+00    0.35070E+04
    0.18080E+00    0.34049E+04
    0.18446E+00    0.33143E+04
    0.18818E+00    0.32322E+04
    0.19198E+00    0.31552E+04
    0.19586E+00    0.30801E+04
    0.19982E+00    0.30039E+04
    0.20386E+00    0.29243E+04
    0.20797E+00    0.28392E+04
    0.21218E+00    0.27480E+04
    0.21646E+00    0.26510E+04
    0.22083E+00    0.25501E+04
    0.22530E+00    0.24484E+04
    0.22985E+00    0.23491E+04
    0.23449E+00    0.22553E+04
    0.23923E+00    0.21690E+04
    0.24406E+00    0.20913E+04
    0.24899E+00    0.20221E+04
    0.25402E+00    0.19602E+04
    0.25915E+00    0.19033E+04
    0.26439E+00    0.18486E+04
    0.26973E+00    0.17937E+04
    0.27518E+00    0.17367E+04
    0.28074E+00    0.16766E+04
    0.28641E+00    0.16137E+04
    0.29219E+00    0.15496E+04
    0.29810E+00    0.14867E+04
    0.30412E+00    0.14271E+04
    0.31026E+00    0.13722E+04
    0.31653E+00    0.13223E+04
    0.32292E+00    0.12769E+04
    0.32945E+00    0.12346E+04
    0.33610E+00    0.11936E+04
    0.34289E+00    0.11525E+04
    0.34982E+00    0.11104E+04
    0.35689E+00    0.10676E+04
    0.36409E+00    0.10249E+04
    0.37145E+00    0.98363E+03
    0.37895E+00    0.94495E+03
    0.38661E+00    0.90913E+03
    0.39442E+00    0.87574E+03
    0.40239E+00    0.84400E+03
    0.41052E+00    0.81306E+03
    0.41881E+00    0.78227E+03
    0.42727E+00    0.75153E+03
    0.43590E+00    0.72136E+03
    0.44471E+00    0.69244E+03
    0.45369E+00    0.66511E+03
    0.46286E+00    0.63933E+03
    0.47221E+00    0.61479E+03
    0.48174E+00    0.59103E+03
    0.49148E+00    0.56772E+03
    0.50141E+00    0.54491E+03
    0.51153E+00    0.52285E+03
    0.52187E+00    0.50176E+03
    0.53241E+00    0.48168E+03
    0.54317E+00    0.46250E+03
    0.55414E+00    0.44398E+03
    0.56533E+00    0.42599E+03
    0.57675E+00    0.40859E+03
    0.58840E+00    0.39184E+03
    0.60029E+00    0.37581E+03
    0.61242E+00    0.36047E+03
    0.62479E+00    0.34569E+03
    0.63741E+00    0.33143E+03
    0.65029E+00    0.31770E+03
    0.66342E+00    0.30449E+03
    0.67683E+00    0.29183E+03
    0.69050E+00    0.27968E+03
    0.70445E+00    0.26801E+03
    0.71868E+00    0.25678E+03
    0.73320E+00    0.24599E+03
    0.74801E+00    0.23563E+03
    0.76312E+00    0.22567E+03
    0.77854E+00    0.21610E+03
    0.79426E+00    0.20692E+03
    0.81031E+00    0.19810E+03
    0.82668E+00    0.18964E+03
    0.84338E+00    0.18152E+03
    0.86041E+00    0.17372E+03
    0.87780E+00    0.16625E+03
    0.89553E+00    0.15908E+03
    0.91362E+00    0.15221E+03
    0.93208E+00    0.14562E+03
    0.95091E+00    0.13930E+03
    0.97011E+00    0.13324E+03
    0.98971E+00    0.12744E+03
    0.10097E+01    0.12187E+03
    0.10301E+01    0.11653E+03
    0.10509E+01    0.11142E+03
    0.10721E+01    0.10652E+03
    0.10938E+01    0.10183E+03
    0.11159E+01    0.97336E+02
    0.11384E+01    0.93029E+02
    0.11614E+01    0.88905E+02
    0.11849E+01    0.84956E+02
    0.12088E+01    0.81175E+02
    0.12333E+01    0.77555E+02
    0.12582E+01    0.74090E+02
    0.12836E+01    0.70774E+02
    0.13095E+01    0.67600E+02
    0.13360E+01    0.64564E+02
    0.13630E+01    0.61659E+02
    0.13905E+01    0.58879E+02
    0.14186E+01    0.56221E+02
    0.14472E+01    0.53678E+02
    0.14765E+01    0.51245E+02
    0.15063E+01    0.48919E+02
    0.15367E+01    0.46694E+02
    0.15678E+01    0.44567E+02
    0.15994E+01    0.42532E+02
    0.16318E+01    0.40587E+02
    0.16647E+01    0.38727E+02
    0.16984E+01    0.36948E+02
    0.17327E+01    0.35248E+02
    0.17677E+01    0.33624E+02
    0.18034E+01    0.32072E+02
    0.18398E+01    0.30589E+02
    0.18770E+01    0.29173E+02
    0.19149E+01    0.27822E+02
    0.19536E+01    0.26532E+02
    0.19930E+01    0.25301E+02
    0.20333E+01    0.24126E+02
    0.20744E+01    0.23006E+02
