    0.10000E-03    0.50216E+03
    0.10202E-03    0.51197E+03
    0.10408E-03    0.52198E+03
    0.10618E-03    0.53218E+03
    0.10833E-03    0.54258E+03
    0.11052E-03    0.55318E+03
    0.11275E-03    0.56399E+03
    0.11503E-03    0.57501E+03
    0.11735E-03    0.58624E+03
    0.11972E-03    0.59770E+03
    0.12214E-03    0.60938E+03
    0.12461E-03    0.62128E+03
    0.12712E-03    0.63342E+03
    0.12969E-03    0.64579E+03
    0.13231E-03    0.65841E+03
    0.13499E-03    0.67127E+03
    0.13771E-03    0.68438E+03
    0.14049E-03    0.69775E+03
    0.14333E-03    0.71138E+03
    0.14623E-03    0.72527E+03
    0.14918E-03    0.73944E+03
    0.15220E-03    0.75388E+03
    0.15527E-03    0.76860E+03
    0.15841E-03    0.78361E+03
    0.16161E-03    0.79891E+03
    0.16487E-03    0.81450E+03
    0.16820E-03    0.83041E+03
    0.17160E-03    0.84662E+03
    0.17507E-03    0.86314E+03
    0.17860E-03    0.87999E+03
    0.18221E-03    0.89717E+03
    0.18589E-03    0.91468E+03
    0.18965E-03    0.93252E+03
    0.19348E-03    0.95072E+03
    0.19739E-03    0.96927E+03
    0.20138E-03    0.98818E+03
    0.20544E-03    0.10075E+04
    0.20959E-03    0.10271E+04
    0.21383E-03    0.10471E+04
    0.21815E-03    0.10676E+04
    0.22255E-03    0.10884E+04
    0.22705E-03    0.11096E+04
    0.23164E-03    0.11312E+04
    0.23632E-03    0.11533E+04
    0.24109E-03    0.11758E+04
    0.24596E-03    0.11987E+04
    0.25093E-03    0.12220E+04
    0.25600E-03    0.12458E+04
    0.26117E-03    0.12701E+04
    0.26645E-03    0.12949E+04
    0.27183E-03    0.13201E+04
    0.27732E-03    0.13458E+04
    0.28292E-03    0.13720E+04
    0.28864E-03    0.13987E+04
    0.29447E-03    0.14259E+04
    0.30042E-03    0.14536E+04
    0.30649E-03    0.14819E+04
    0.31268E-03    0.15107E+04
    0.31899E-03    0.15401E+04
    0.32544E-03    0.15701E+04
    0.33201E-03    0.16006E+04
    0.33872E-03    0.16317E+04
    0.34556E-03    0.16634E+04
    0.35254E-03    0.16957E+04
    0.35966E-03    0.17286E+04
    0.36693E-03    0.17622E+04
    0.37434E-03    0.17964E+04
    0.38190E-03    0.18312E+04
    0.38962E-03    0.18667E+04
    0.39749E-03    0.19029E+04
    0.40552E-03    0.19398E+04
    0.41371E-03    0.19774E+04
    0.42207E-03    0.20157E+04
    0.43060E-03    0.20548E+04
    0.43929E-03    0.20945E+04
    0.44817E-03    0.21351E+04
    0.45722E-03    0.21764E+04
    0.46646E-03    0.22184E+04
    0.47588E-03    0.22613E+04
    0.48550E-03    0.23050E+04
    0.49530E-03    0.23495E+04
    0.50531E-03    0.23949E+04
    0.51552E-03    0.24411E+04
    0.52593E-03    0.24881E+04
    0.53656E-03    0.25361E+04
    0.54739E-03    0.25849E+04
    0.55845E-03    0.26347E+04
    0.56973E-03    0.26854E+04
    0.58124E-03    0.27370E+04
    0.59299E-03    0.27896E+04
    0.60496E-03    0.28432E+04
    0.61719E-03    0.28978E+04
    0.62965E-03    0.29534E+04
    0.64237E-03    0.30100E+04
    0.65535E-03    0.30677E+04
    0.66859E-03    0.31264E+04
    0.68210E-03    0.31862E+04
    0.69588E-03    0.32471E+04
    0.70993E-03    0.33091E+04
    0.72427E-03    0.33723E+04
    0.73891E-03    0.34366E+04
    0.75383E-03    0.35021E+04
    0.76906E-03    0.35688E+04
    0.78460E-03    0.36367E+04
    0.80045E-03    0.37058E+04
    0.81662E-03    0.37761E+04
    0.83311E-03    0.38478E+04
    0.84994E-03    0.39207E+04
    0.86711E-03    0.39949E+04
    0.88463E-03    0.40705E+04
    0.90250E-03    0.41473E+04
    0.92073E-03    0.42256E+04
    0.93933E-03    0.43053E+04
    0.95831E-03    0.43863E+04
    0.97767E-03    0.44688E+04
    0.99742E-03    0.45527E+04
    0.10176E-02    0.46381E+04
    0.10381E-02    0.47250E+04
    0.10591E-02    0.48134E+04
    0.10805E-02    0.49033E+04
    0.11023E-02    0.49948E+04
    0.11246E-02    0.50878E+04
    0.11473E-02    0.51824E+04
    0.11705E-02    0.52787E+04
    0.11941E-02    0.53765E+04
    0.12182E-02    0.54761E+04
    0.12429E-02    0.55773E+04
    0.12680E-02    0.56801E+04
    0.12936E-02    0.57848E+04
    0.13197E-02    0.58911E+04
    0.13464E-02    0.59992E+04
    0.13736E-02    0.61090E+04
    0.14013E-02    0.62207E+04
    0.14296E-02    0.63341E+04
    0.14585E-02    0.64494E+04
    0.14880E-02    0.65666E+04
    0.15180E-02    0.66856E+04
    0.15487E-02    0.68065E+04
    0.15800E-02    0.69293E+04
    0.16119E-02    0.70540E+04
    0.16445E-02    0.71806E+04
    0.16777E-02    0.73092E+04
    0.17116E-02    0.74398E+04
    0.17462E-02    0.75723E+04
    0.17814E-02    0.77068E+04
    0.18174E-02    0.78434E+04
    0.18541E-02    0.79820E+04
    0.18916E-02    0.81226E+04
    0.19298E-02    0.82652E+04
    0.19688E-02    0.84099E+04
    0.20086E-02    0.85567E+04
    0.20491E-02    0.87056E+04
    0.20905E-02    0.88565E+04
    0.21328E-02    0.90095E+04
    0.21758E-02    0.91647E+04
    0.22198E-02    0.93219E+04
    0.22646E-02    0.94812E+04
    0.23104E-02    0.96427E+04
    0.23571E-02    0.98063E+04
    0.24047E-02    0.99720E+04
    0.24533E-02    0.10140E+05
    0.25028E-02    0.10310E+05
    0.25534E-02    0.10482E+05
    0.26050E-02    0.10656E+05
    0.26576E-02    0.10832E+05
    0.27113E-02    0.11010E+05
    0.27660E-02    0.11191E+05
    0.28219E-02    0.11373E+05
    0.28789E-02    0.11558E+05
    0.29371E-02    0.11744E+05
    0.29964E-02    0.11933E+05
    0.30569E-02    0.12124E+05
    0.31187E-02    0.12316E+05
    0.31817E-02    0.12511E+05
    0.32460E-02    0.12707E+05
    0.33115E-02    0.12906E+05
    0.33784E-02    0.13106E+05
    0.34467E-02    0.13309E+05
    0.35163E-02    0.13513E+05
    0.35874E-02    0.13719E+05
    0.36598E-02    0.13926E+05
    0.37338E-02    0.14136E+05
    0.38092E-02    0.14347E+05
    0.38861E-02    0.14559E+05
    0.39646E-02    0.14774E+05
    0.40447E-02    0.14989E+05
    0.41264E-02    0.15207E+05
    0.42098E-02    0.15425E+05
    0.42948E-02    0.15645E+05
    0.43816E-02    0.15867E+05
    0.44701E-02    0.16089E+05
    0.45604E-02    0.16313E+05
    0.46525E-02    0.16538E+05
    0.47465E-02    0.16764E+05
    0.48424E-02    0.16991E+05
    0.49402E-02    0.17218E+05
    0.50400E-02    0.17447E+05
    0.51419E-02    0.17676E+05
    0.52457E-02    0.17905E+05
    0.53517E-02    0.18136E+05
    0.54598E-02    0.18367E+05
    0.55701E-02    0.18598E+05
    0.56826E-02    0.18829E+05
    0.57974E-02    0.19060E+05
    0.59145E-02    0.19291E+05
    0.60340E-02    0.19521E+05
    0.61559E-02    0.19752E+05
    0.62803E-02    0.19981E+05
    0.64072E-02    0.20211E+05
    0.65366E-02    0.20439E+05
    0.66686E-02    0.20667E+05
    0.68033E-02    0.20893E+05
    0.69408E-02    0.21118E+05
    0.70810E-02    0.21342E+05
    0.72240E-02    0.21564E+05
    0.73700E-02    0.21784E+05
    0.75189E-02    0.22003E+05
    0.76708E-02    0.22219E+05
    0.78257E-02    0.22433E+05
    0.79838E-02    0.22645E+05
    0.81451E-02    0.22854E+05
    0.83096E-02    0.23060E+05
    0.84775E-02    0.23263E+05
    0.86488E-02    0.23463E+05
    0.88235E-02    0.23659E+05
    0.90017E-02    0.23852E+05
    0.91836E-02    0.24041E+05
    0.93691E-02    0.24225E+05
    0.95583E-02    0.24405E+05
    0.97514E-02    0.24580E+05
    0.99484E-02    0.24750E+05
    0.10149E-01    0.24915E+05
    0.10354E-01    0.25075E+05
    0.10564E-01    0.25229E+05
    0.10777E-01    0.25377E+05
    0.10995E-01    0.25518E+05
    0.11217E-01    0.25654E+05
    0.11443E-01    0.25782E+05
    0.11675E-01    0.25903E+05
    0.11910E-01    0.26017E+05
    0.12151E-01    0.26123E+05
    0.12397E-01    0.26221E+05
    0.12647E-01    0.26311E+05
    0.12902E-01    0.26393E+05
    0.13163E-01    0.26466E+05
    0.13429E-01    0.26529E+05
    0.13700E-01    0.26584E+05
    0.13977E-01    0.26628E+05
    0.14259E-01    0.26663E+05
    0.14547E-01    0.26687E+05
    0.14841E-01    0.26701E+05
    0.15141E-01    0.26704E+05
    0.15447E-01    0.26697E+05
    0.15759E-01    0.26678E+05
    0.16077E-01    0.26647E+05
    0.16402E-01    0.26605E+05
    0.16734E-01    0.26551E+05
    0.17072E-01    0.26484E+05
    0.17416E-01    0.26406E+05
    0.17768E-01    0.26315E+05
    0.18127E-01    0.26211E+05
    0.18493E-01    0.26095E+05
    0.18867E-01    0.25966E+05
    0.19248E-01    0.25824E+05
    0.19637E-01    0.25669E+05
    0.20034E-01    0.25501E+05
    0.20438E-01    0.25321E+05
    0.20851E-01    0.25127E+05
    0.21272E-01    0.24921E+05
    0.21702E-01    0.24702E+05
    0.22141E-01    0.24471E+05
    0.22588E-01    0.24227E+05
    0.23044E-01    0.23971E+05
    0.23510E-01    0.23704E+05
    0.23985E-01    0.23426E+05
    0.24469E-01    0.23136E+05
    0.24964E-01    0.22836E+05
    0.25468E-01    0.22526E+05
    0.25982E-01    0.22207E+05
    0.26507E-01    0.21878E+05
    0.27043E-01    0.21542E+05
    0.27589E-01    0.21198E+05
    0.28146E-01    0.20847E+05
    0.28715E-01    0.20490E+05
    0.29295E-01    0.20128E+05
    0.29887E-01    0.19761E+05
    0.30490E-01    0.19392E+05
    0.31106E-01    0.19019E+05
    0.31735E-01    0.18645E+05
    0.32376E-01    0.18271E+05
    0.33030E-01    0.17897E+05
    0.33697E-01    0.17524E+05
    0.34378E-01    0.17154E+05
    0.35072E-01    0.16787E+05
    0.35781E-01    0.16424E+05
    0.36504E-01    0.16067E+05
    0.37241E-01    0.15716E+05
    0.37993E-01    0.15373E+05
    0.38761E-01    0.15038E+05
    0.39544E-01    0.14712E+05
    0.40343E-01    0.14395E+05
    0.41158E-01    0.14088E+05
    0.41989E-01    0.13791E+05
    0.42838E-01    0.13504E+05
    0.43703E-01    0.13229E+05
    0.44586E-01    0.12966E+05
    0.45486E-01    0.12716E+05
    0.46405E-01    0.12480E+05
    0.47343E-01    0.12258E+05
    0.48299E-01    0.12049E+05
    0.49275E-01    0.11851E+05
    0.50270E-01    0.11664E+05
    0.51286E-01    0.11486E+05
    0.52322E-01    0.11316E+05
    0.53379E-01    0.11154E+05
    0.54457E-01    0.10999E+05
    0.55557E-01    0.10849E+05
    0.56680E-01    0.10705E+05
    0.57825E-01    0.10564E+05
    0.58993E-01    0.10425E+05
    0.60184E-01    0.10287E+05
    0.61400E-01    0.10147E+05
    0.62641E-01    0.10004E+05
    0.63906E-01    0.98556E+04
    0.65197E-01    0.96999E+04
    0.66514E-01    0.95352E+04
    0.67858E-01    0.93601E+04
    0.69229E-01    0.91733E+04
    0.70627E-01    0.89743E+04
    0.72054E-01    0.87625E+04
    0.73510E-01    0.85383E+04
    0.74994E-01    0.83024E+04
    0.76509E-01    0.80558E+04
    0.78055E-01    0.78004E+04
    0.79632E-01    0.75381E+04
    0.81241E-01    0.72712E+04
    0.82882E-01    0.70020E+04
    0.84556E-01    0.67332E+04
    0.86264E-01    0.64671E+04
    0.88007E-01    0.62066E+04
    0.89785E-01    0.59541E+04
    0.91598E-01    0.57126E+04
    0.93449E-01    0.54845E+04
    0.95337E-01    0.52721E+04
    0.97263E-01    0.50773E+04
    0.99227E-01    0.49018E+04
    0.10123E+00    0.47460E+04
    0.10328E+00    0.46094E+04
    0.10536E+00    0.44915E+04
    0.10749E+00    0.43901E+04
    0.10966E+00    0.43024E+04
    0.11188E+00    0.42255E+04
    0.11414E+00    0.41559E+04
    0.11644E+00    0.40901E+04
    0.11880E+00    0.40243E+04
    0.12120E+00    0.39552E+04
    0.12365E+00    0.38796E+04
    0.12614E+00    0.37949E+04
    0.12869E+00    0.36992E+04
    0.13129E+00    0.35915E+04
    0.13394E+00    0.34721E+04
    0.13665E+00    0.33421E+04
    0.13941E+00    0.32038E+04
    0.14223E+00    0.30603E+04
    0.14510E+00    0.29156E+04
    0.14803E+00    0.27736E+04
    0.15102E+00    0.26388E+04
    0.15407E+00    0.25149E+04
    0.15718E+00    0.24048E+04
    0.16036E+00    0.23097E+04
    0.16360E+00    0.22298E+04
    0.16690E+00    0.21635E+04
    0.17028E+00    0.21086E+04
    0.17371E+00    0.20622E+04
    0.17722E+00    0.20207E+04
    0.18080E+00    0.19803E+04
    0.18446E+00    0.19368E+04
    0.18818E+00    0.18869E+04
    0.19198E+00    0.18286E+04
    0.19586E+00    0.17619E+04
    0.19982E+00    0.16885E+04
    0.20386E+00    0.16111E+04
    0.20797E+00    0.15329E+04
    0.21218E+00    0.14573E+04
    0.21646E+00    0.13877E+04
    0.22083E+00    0.13265E+04
    0.22530E+00    0.12747E+04
    0.22985E+00    0.12317E+04
    0.23449E+00    0.11956E+04
    0.23923E+00    0.11637E+04
    0.24406E+00    0.11331E+04
    0.24899E+00    0.11007E+04
    0.25402E+00    0.10643E+04
    0.25915E+00    0.10237E+04
    0.26439E+00    0.97982E+03
    0.26973E+00    0.93474E+03
    0.27518E+00    0.89070E+03
    0.28074E+00    0.84992E+03
    0.28641E+00    0.81397E+03
    0.29219E+00    0.78312E+03
    0.29810E+00    0.75634E+03
    0.30412E+00    0.73185E+03
    0.31026E+00    0.70781E+03
    0.31653E+00    0.68276E+03
    0.32292E+00    0.65598E+03
    0.32945E+00    0.62791E+03
    0.33610E+00    0.59984E+03
    0.34289E+00    0.57318E+03
    0.34982E+00    0.54882E+03
    0.35689E+00    0.52699E+03
    0.36409E+00    0.50729E+03
    0.37145E+00    0.48870E+03
    0.37895E+00    0.47021E+03
    0.38661E+00    0.45134E+03
    0.39442E+00    0.43223E+03
    0.40239E+00    0.41343E+03
    0.41052E+00    0.39562E+03
    0.41881E+00    0.37917E+03
    0.42727E+00    0.36394E+03
    0.43590E+00    0.34954E+03
    0.44471E+00    0.33550E+03
    0.45369E+00    0.32154E+03
    0.46286E+00    0.30782E+03
    0.47221E+00    0.29459E+03
    0.48174E+00    0.28209E+03
    0.49148E+00    0.27034E+03
    0.50141E+00    0.25916E+03
    0.51153E+00    0.24835E+03
    0.52187E+00    0.23779E+03
    0.53241E+00    0.22758E+03
    0.54317E+00    0.21780E+03
    0.55414E+00    0.20852E+03
    0.56533E+00    0.19967E+03
    0.57675E+00    0.19114E+03
    0.58840E+00    0.18292E+03
    0.60029E+00    0.17500E+03
    0.61242E+00    0.16742E+03
    0.62479E+00    0.16018E+03
    0.63741E+00    0.15326E+03
    0.65029E+00    0.14661E+03
    0.66342E+00    0.14023E+03
    0.67683E+00    0.13411E+03
    0.69050E+00    0.12824E+03
    0.70445E+00    0.12262E+03
    0.71868E+00    0.11722E+03
    0.73320E+00    0.11205E+03
    0.74801E+00    0.10710E+03
    0.76312E+00    0.10236E+03
    0.77854E+00    0.97820E+02
    0.79426E+00    0.93473E+02
    0.81031E+00    0.89312E+02
    0.82668E+00    0.85329E+02
    0.84338E+00    0.81517E+02
    0.86041E+00    0.77870E+02
    0.87780E+00    0.74379E+02
    0.89553E+00    0.71039E+02
    0.91362E+00    0.67844E+02
    0.93208E+00    0.64787E+02
    0.95091E+00    0.61863E+02
    0.97011E+00    0.59065E+02
    0.98971E+00    0.56390E+02
    0.10097E+01    0.53831E+02
    0.10301E+01    0.51383E+02
    0.10509E+01    0.49043E+02
    0.10721E+01    0.46806E+02
    0.10938E+01    0.44667E+02
    0.11159E+01    0.42623E+02
    0.11384E+01    0.40669E+02
    0.11614E+01    0.38801E+02
    0.11849E+01    0.37016E+02
    0.12088E+01    0.35311E+02
    0.12333E+01    0.33682E+02
    0.12582E+01    0.32125E+02
    0.12836E+01    0.30638E+02
    0.13095E+01    0.29218E+02
    0.13360E+01    0.27862E+02
    0.13630E+01    0.26567E+02
    0.13905E+01    0.25330E+02
    0.14186E+01    0.24149E+02
    0.14472E+01    0.23022E+02
    0.14765E+01    0.21946E+02
    0.15063E+01    0.20919E+02
    0.15367E+01    0.19938E+02
    0.15678E+01    0.19003E+02
    0.15994E+01    0.18110E+02
    0.16318E+01    0.17258E+02
    0.16647E+01    0.16445E+02
    0.16984E+01    0.15669E+02
    0.17327E+01    0.14928E+02
    0.17677E+01    0.14222E+02
    0.18034E+01    0.13548E+02
    0.18398E+01    0.12906E+02
    0.18770E+01    0.12292E+02
    0.19149E+01    0.11707E+02
    0.19536E+01    0.11149E+02
    0.19930E+01    0.10617E+02
    0.20333E+01    0.10110E+02
    0.20744E+01    0.96263E+01
    0.21163E+01    0.91653E+01
    0.21590E+01    0.87260E+01
    0.22026E+01    0.83074E+01
    0.22471E+01    0.79087E+01
    0.22925E+01    0.75290E+01
    0.23388E+01    0.71673E+01
    0.23861E+01    0.68230E+01
