    0.10000E-03    0.41757E+03
    0.10202E-03    0.42573E+03
    0.10408E-03    0.43405E+03
    0.10618E-03    0.44254E+03
    0.10833E-03    0.45119E+03
    0.11052E-03    0.46000E+03
    0.11275E-03    0.46899E+03
    0.11503E-03    0.47816E+03
    0.11735E-03    0.48750E+03
    0.11972E-03    0.49703E+03
    0.12214E-03    0.50674E+03
    0.12461E-03    0.51664E+03
    0.12712E-03    0.52674E+03
    0.12969E-03    0.53703E+03
    0.13231E-03    0.54752E+03
    0.13499E-03    0.55822E+03
    0.13771E-03    0.56913E+03
    0.14049E-03    0.58025E+03
    0.14333E-03    0.59158E+03
    0.14623E-03    0.60314E+03
    0.14918E-03    0.61492E+03
    0.15220E-03    0.62693E+03
    0.15527E-03    0.63918E+03
    0.15841E-03    0.65166E+03
    0.16161E-03    0.66439E+03
    0.16487E-03    0.67737E+03
    0.16820E-03    0.69059E+03
    0.17160E-03    0.70408E+03
    0.17507E-03    0.71783E+03
    0.17860E-03    0.73184E+03
    0.18221E-03    0.74613E+03
    0.18589E-03    0.76070E+03
    0.18965E-03    0.77555E+03
    0.19348E-03    0.79069E+03
    0.19739E-03    0.80612E+03
    0.20138E-03    0.82186E+03
    0.20544E-03    0.83790E+03
    0.20959E-03    0.85425E+03
    0.21383E-03    0.87092E+03
    0.21815E-03    0.88791E+03
    0.22255E-03    0.90523E+03
    0.22705E-03    0.92289E+03
    0.23164E-03    0.94090E+03
    0.23632E-03    0.95925E+03
    0.24109E-03    0.97796E+03
    0.24596E-03    0.99703E+03
    0.25093E-03    0.10165E+04
    0.25600E-03    0.10363E+04
    0.26117E-03    0.10565E+04
    0.26645E-03    0.10771E+04
    0.27183E-03    0.10981E+04
    0.27732E-03    0.11195E+04
    0.28292E-03    0.11413E+04
    0.28864E-03    0.11635E+04
    0.29447E-03    0.11862E+04
    0.30042E-03    0.12093E+04
    0.30649E-03    0.12328E+04
    0.31268E-03    0.12568E+04
    0.31899E-03    0.12813E+04
    0.32544E-03    0.13062E+04
    0.33201E-03    0.13316E+04
    0.33872E-03    0.13575E+04
    0.34556E-03    0.13840E+04
    0.35254E-03    0.14109E+04
    0.35966E-03    0.14383E+04
    0.36693E-03    0.14663E+04
    0.37434E-03    0.14948E+04
    0.38190E-03    0.15238E+04
    0.38962E-03    0.15534E+04
    0.39749E-03    0.15836E+04
    0.40552E-03    0.16143E+04
    0.41371E-03    0.16456E+04
    0.42207E-03    0.16776E+04
    0.43060E-03    0.17101E+04
    0.43929E-03    0.17433E+04
    0.44817E-03    0.17771E+04
    0.45722E-03    0.18115E+04
    0.46646E-03    0.18466E+04
    0.47588E-03    0.18824E+04
    0.48550E-03    0.19188E+04
    0.49530E-03    0.19560E+04
    0.50531E-03    0.19938E+04
    0.51552E-03    0.20323E+04
    0.52593E-03    0.20716E+04
    0.53656E-03    0.21117E+04
    0.54739E-03    0.21524E+04
    0.55845E-03    0.21940E+04
    0.56973E-03    0.22363E+04
    0.58124E-03    0.22795E+04
    0.59299E-03    0.23234E+04
    0.60496E-03    0.23682E+04
    0.61719E-03    0.24138E+04
    0.62965E-03    0.24602E+04
    0.64237E-03    0.25076E+04
    0.65535E-03    0.25558E+04
    0.66859E-03    0.26049E+04
    0.68210E-03    0.26549E+04
    0.69588E-03    0.27059E+04
    0.70993E-03    0.27578E+04
    0.72427E-03    0.28106E+04
    0.73891E-03    0.28645E+04
    0.75383E-03    0.29193E+04
    0.76906E-03    0.29751E+04
    0.78460E-03    0.30320E+04
    0.80045E-03    0.30899E+04
    0.81662E-03    0.31488E+04
    0.83311E-03    0.32089E+04
    0.84994E-03    0.32700E+04
    0.86711E-03    0.33322E+04
    0.88463E-03    0.33956E+04
    0.90250E-03    0.34601E+04
    0.92073E-03    0.35258E+04
    0.93933E-03    0.35927E+04
    0.95831E-03    0.36607E+04
    0.97767E-03    0.37300E+04
    0.99742E-03    0.38006E+04
    0.10176E-02    0.38723E+04
    0.10381E-02    0.39454E+04
    0.10591E-02    0.40197E+04
    0.10805E-02    0.40954E+04
    0.11023E-02    0.41724E+04
    0.11246E-02    0.42507E+04
    0.11473E-02    0.43304E+04
    0.11705E-02    0.44116E+04
    0.11941E-02    0.44941E+04
    0.12182E-02    0.45780E+04
    0.12429E-02    0.46634E+04
    0.12680E-02    0.47502E+04
    0.12936E-02    0.48386E+04
    0.13197E-02    0.49284E+04
    0.13464E-02    0.50198E+04
    0.13736E-02    0.51127E+04
    0.14013E-02    0.52071E+04
    0.14296E-02    0.53032E+04
    0.14585E-02    0.54008E+04
    0.14880E-02    0.55001E+04
    0.15180E-02    0.56010E+04
    0.15487E-02    0.57035E+04
    0.15800E-02    0.58078E+04
    0.16119E-02    0.59137E+04
    0.16445E-02    0.60213E+04
    0.16777E-02    0.61306E+04
    0.17116E-02    0.62417E+04
    0.17462E-02    0.63546E+04
    0.17814E-02    0.64692E+04
    0.18174E-02    0.65856E+04
    0.18541E-02    0.67038E+04
    0.18916E-02    0.68239E+04
    0.19298E-02    0.69458E+04
    0.19688E-02    0.70695E+04
    0.20086E-02    0.71951E+04
    0.20491E-02    0.73225E+04
    0.20905E-02    0.74519E+04
    0.21328E-02    0.75832E+04
    0.21758E-02    0.77163E+04
    0.22198E-02    0.78514E+04
    0.22646E-02    0.79885E+04
    0.23104E-02    0.81274E+04
    0.23571E-02    0.82683E+04
    0.24047E-02    0.84112E+04
    0.24533E-02    0.85560E+04
    0.25028E-02    0.87028E+04
    0.25534E-02    0.88516E+04
    0.26050E-02    0.90024E+04
    0.26576E-02    0.91551E+04
    0.27113E-02    0.93098E+04
    0.27660E-02    0.94665E+04
    0.28219E-02    0.96252E+04
    0.28789E-02    0.97858E+04
    0.29371E-02    0.99484E+04
    0.29964E-02    0.10113E+05
    0.30569E-02    0.10280E+05
    0.31187E-02    0.10448E+05
    0.31817E-02    0.10618E+05
    0.32460E-02    0.10791E+05
    0.33115E-02    0.10965E+05
    0.33784E-02    0.11141E+05
    0.34467E-02    0.11319E+05
    0.35163E-02    0.11499E+05
    0.35874E-02    0.11681E+05
    0.36598E-02    0.11865E+05
    0.37338E-02    0.12050E+05
    0.38092E-02    0.12237E+05
    0.38861E-02    0.12426E+05
    0.39646E-02    0.12617E+05
    0.40447E-02    0.12809E+05
    0.41264E-02    0.13003E+05
    0.42098E-02    0.13199E+05
    0.42948E-02    0.13396E+05
    0.43816E-02    0.13595E+05
    0.44701E-02    0.13795E+05
    0.45604E-02    0.13997E+05
    0.46525E-02    0.14200E+05
    0.47465E-02    0.14404E+05
    0.48424E-02    0.14610E+05
    0.49402E-02    0.14817E+05
    0.50400E-02    0.15025E+05
    0.51419E-02    0.15234E+05
    0.52457E-02    0.15444E+05
    0.53517E-02    0.15656E+05
    0.54598E-02    0.15868E+05
    0.55701E-02    0.16080E+05
    0.56826E-02    0.16294E+05
    0.57974E-02    0.16508E+05
    0.59145E-02    0.16723E+05
    0.60340E-02    0.16938E+05
    0.61559E-02    0.17153E+05
    0.62803E-02    0.17369E+05
    0.64072E-02    0.17585E+05
    0.65366E-02    0.17801E+05
    0.66686E-02    0.18016E+05
    0.68033E-02    0.18232E+05
    0.69408E-02    0.18447E+05
    0.70810E-02    0.18661E+05
    0.72240E-02    0.18875E+05
    0.73700E-02    0.19088E+05
    0.75189E-02    0.19300E+05
    0.76708E-02    0.19511E+05
    0.78257E-02    0.19721E+05
    0.79838E-02    0.19929E+05
    0.81451E-02    0.20136E+05
    0.83096E-02    0.20341E+05
    0.84775E-02    0.20545E+05
    0.86488E-02    0.20746E+05
    0.88235E-02    0.20945E+05
    0.90017E-02    0.21142E+05
    0.91836E-02    0.21336E+05
    0.93691E-02    0.21527E+05
    0.95583E-02    0.21716E+05
    0.97514E-02    0.21901E+05
    0.99484E-02    0.22082E+05
    0.10149E-01    0.22260E+05
    0.10354E-01    0.22435E+05
    0.10564E-01    0.22605E+05
    0.10777E-01    0.22770E+05
    0.10995E-01    0.22931E+05
    0.11217E-01    0.23088E+05
    0.11443E-01    0.23239E+05
    0.11675E-01    0.23385E+05
    0.11910E-01    0.23525E+05
    0.12151E-01    0.23659E+05
    0.12397E-01    0.23788E+05
    0.12647E-01    0.23910E+05
    0.12902E-01    0.24025E+05
    0.13163E-01    0.24134E+05
    0.13429E-01    0.24235E+05
    0.13700E-01    0.24329E+05
    0.13977E-01    0.24416E+05
    0.14259E-01    0.24494E+05
    0.14547E-01    0.24564E+05
    0.14841E-01    0.24626E+05
    0.15141E-01    0.24678E+05
    0.15447E-01    0.24722E+05
    0.15759E-01    0.24757E+05
    0.16077E-01    0.24782E+05
    0.16402E-01    0.24797E+05
    0.16734E-01    0.24802E+05
    0.17072E-01    0.24797E+05
    0.17416E-01    0.24782E+05
    0.17768E-01    0.24756E+05
    0.18127E-01    0.24719E+05
    0.18493E-01    0.24670E+05
    0.18867E-01    0.24611E+05
    0.19248E-01    0.24541E+05
    0.19637E-01    0.24458E+05
    0.20034E-01    0.24365E+05
    0.20438E-01    0.24259E+05
    0.20851E-01    0.24142E+05
    0.21272E-01    0.24014E+05
    0.21702E-01    0.23873E+05
    0.22141E-01    0.23721E+05
    0.22588E-01    0.23557E+05
    0.23044E-01    0.23382E+05
    0.23510E-01    0.23195E+05
    0.23985E-01    0.22997E+05
    0.24469E-01    0.22788E+05
    0.24964E-01    0.22568E+05
    0.25468E-01    0.22338E+05
    0.25982E-01    0.22097E+05
    0.26507E-01    0.21847E+05
    0.27043E-01    0.21588E+05
    0.27589E-01    0.21319E+05
    0.28146E-01    0.21043E+05
    0.28715E-01    0.20758E+05
    0.29295E-01    0.20467E+05
    0.29887E-01    0.20169E+05
    0.30490E-01    0.19865E+05
    0.31106E-01    0.19556E+05
    0.31735E-01    0.19242E+05
    0.32376E-01    0.18925E+05
    0.33030E-01    0.18606E+05
    0.33697E-01    0.18284E+05
    0.34378E-01    0.17961E+05
    0.35072E-01    0.17639E+05
    0.35781E-01    0.17316E+05
    0.36504E-01    0.16996E+05
    0.37241E-01    0.16677E+05
    0.37993E-01    0.16363E+05
    0.38761E-01    0.16052E+05
    0.39544E-01    0.15747E+05
    0.40343E-01    0.15448E+05
    0.41158E-01    0.15155E+05
    0.41989E-01    0.14869E+05
    0.42838E-01    0.14590E+05
    0.43703E-01    0.14318E+05
    0.44586E-01    0.14055E+05
    0.45486E-01    0.13800E+05
    0.46405E-01    0.13556E+05
    0.47343E-01    0.13322E+05
    0.48299E-01    0.13100E+05
    0.49275E-01    0.12889E+05
    0.50270E-01    0.12688E+05
    0.51286E-01    0.12496E+05
    0.52322E-01    0.12312E+05
    0.53379E-01    0.12135E+05
    0.54457E-01    0.11965E+05
    0.55557E-01    0.11801E+05
    0.56680E-01    0.11641E+05
    0.57825E-01    0.11485E+05
    0.58993E-01    0.11332E+05
    0.60184E-01    0.11181E+05
    0.61400E-01    0.11031E+05
    0.62641E-01    0.10880E+05
    0.63906E-01    0.10727E+05
    0.65197E-01    0.10571E+05
    0.66514E-01    0.10410E+05
    0.67858E-01    0.10243E+05
    0.69229E-01    0.10068E+05
    0.70627E-01    0.98836E+04
    0.72054E-01    0.96881E+04
    0.73510E-01    0.94812E+04
    0.74994E-01    0.92626E+04
    0.76509E-01    0.90327E+04
    0.78055E-01    0.87923E+04
    0.79632E-01    0.85424E+04
    0.81241E-01    0.82851E+04
    0.82882E-01    0.80224E+04
    0.84556E-01    0.77565E+04
    0.86264E-01    0.74901E+04
    0.88007E-01    0.72254E+04
    0.89785E-01    0.69649E+04
    0.91598E-01    0.67108E+04
    0.93449E-01    0.64655E+04
    0.95337E-01    0.62310E+04
    0.97263E-01    0.60094E+04
    0.99227E-01    0.58022E+04
    0.10123E+00    0.56111E+04
    0.10328E+00    0.54371E+04
    0.10536E+00    0.52806E+04
    0.10749E+00    0.51413E+04
    0.10966E+00    0.50184E+04
    0.11188E+00    0.49098E+04
    0.11414E+00    0.48133E+04
    0.11644E+00    0.47256E+04
    0.11880E+00    0.46435E+04
    0.12120E+00    0.45633E+04
    0.12365E+00    0.44817E+04
    0.12614E+00    0.43953E+04
    0.12869E+00    0.43015E+04
    0.13129E+00    0.41982E+04
    0.13394E+00    0.40846E+04
    0.13665E+00    0.39604E+04
    0.13941E+00    0.38266E+04
    0.14223E+00    0.36849E+04
    0.14510E+00    0.35378E+04
    0.14803E+00    0.33882E+04
    0.15102E+00    0.32395E+04
    0.15407E+00    0.30953E+04
    0.15718E+00    0.29594E+04
    0.16036E+00    0.28348E+04
    0.16360E+00    0.27241E+04
    0.16690E+00    0.26282E+04
    0.17028E+00    0.25465E+04
    0.17371E+00    0.24770E+04
    0.17722E+00    0.24168E+04
    0.18080E+00    0.23625E+04
    0.18446E+00    0.23108E+04
    0.18818E+00    0.22583E+04
    0.19198E+00    0.22018E+04
    0.19586E+00    0.21388E+04
    0.19982E+00    0.20681E+04
    0.20386E+00    0.19902E+04
    0.20797E+00    0.19073E+04
    0.21218E+00    0.18226E+04
    0.21646E+00    0.17393E+04
    0.22083E+00    0.16607E+04
    0.22530E+00    0.15893E+04
    0.22985E+00    0.15265E+04
    0.23449E+00    0.14727E+04
    0.23923E+00    0.14264E+04
    0.24406E+00    0.13857E+04
    0.24899E+00    0.13477E+04
    0.25402E+00    0.13095E+04
    0.25915E+00    0.12686E+04
    0.26439E+00    0.12238E+04
    0.26973E+00    0.11754E+04
    0.27518E+00    0.11253E+04
    0.28074E+00    0.10755E+04
    0.28641E+00    0.10281E+04
    0.29219E+00    0.98477E+03
    0.29810E+00    0.94653E+03
    0.30412E+00    0.91300E+03
    0.31026E+00    0.88268E+03
    0.31653E+00    0.85366E+03
    0.32292E+00    0.82437E+03
    0.32945E+00    0.79386E+03
    0.33610E+00    0.76202E+03
    0.34289E+00    0.72966E+03
    0.34982E+00    0.69821E+03
    0.35689E+00    0.66889E+03
    0.36409E+00    0.64217E+03
    0.37145E+00    0.61781E+03
    0.37895E+00    0.59511E+03
    0.38661E+00    0.57311E+03
    0.39442E+00    0.55100E+03
    0.40239E+00    0.52862E+03
    0.41052E+00    0.50643E+03
    0.41881E+00    0.48508E+03
    0.42727E+00    0.46501E+03
    0.43590E+00    0.44636E+03
    0.44471E+00    0.42884E+03
    0.45369E+00    0.41192E+03
    0.46286E+00    0.39530E+03
    0.47221E+00    0.37891E+03
    0.48174E+00    0.36296E+03
    0.49148E+00    0.34777E+03
    0.50141E+00    0.33340E+03
    0.51153E+00    0.31977E+03
    0.52187E+00    0.30667E+03
    0.53241E+00    0.29392E+03
    0.54317E+00    0.28155E+03
    0.55414E+00    0.26964E+03
    0.56533E+00    0.25828E+03
    0.57675E+00    0.24746E+03
    0.58840E+00    0.23706E+03
    0.60029E+00    0.22704E+03
    0.61242E+00    0.21737E+03
    0.62479E+00    0.20809E+03
    0.63741E+00    0.19922E+03
    0.65029E+00    0.19071E+03
    0.66342E+00    0.18254E+03
    0.67683E+00    0.17470E+03
    0.69050E+00    0.16718E+03
    0.70445E+00    0.15996E+03
    0.71868E+00    0.15304E+03
    0.73320E+00    0.14640E+03
    0.74801E+00    0.14004E+03
    0.76312E+00    0.13394E+03
    0.77854E+00    0.12809E+03
    0.79426E+00    0.12249E+03
    0.81031E+00    0.11712E+03
    0.82668E+00    0.11197E+03
    0.84338E+00    0.10704E+03
    0.86041E+00    0.10232E+03
    0.87780E+00    0.97797E+02
    0.89553E+00    0.93465E+02
    0.91362E+00    0.89317E+02
    0.93208E+00    0.85345E+02
    0.95091E+00    0.81543E+02
    0.97011E+00    0.77903E+02
    0.98971E+00    0.74418E+02
    0.10097E+01    0.71084E+02
    0.10301E+01    0.67892E+02
    0.10509E+01    0.64838E+02
    0.10721E+01    0.61917E+02
    0.10938E+01    0.59121E+02
    0.11159E+01    0.56448E+02
    0.11384E+01    0.53890E+02
    0.11614E+01    0.51445E+02
    0.11849E+01    0.49106E+02
    0.12088E+01    0.46870E+02
    0.12333E+01    0.44733E+02
    0.12582E+01    0.42689E+02
    0.12836E+01    0.40736E+02
    0.13095E+01    0.38869E+02
    0.13360E+01    0.37085E+02
    0.13630E+01    0.35381E+02
    0.13905E+01    0.33752E+02
    0.14186E+01    0.32196E+02
    0.14472E+01    0.30709E+02
    0.14765E+01    0.29289E+02
    0.15063E+01    0.27932E+02
    0.15367E+01    0.26635E+02
    0.15678E+01    0.25397E+02
    0.15994E+01    0.24214E+02
    0.16318E+01    0.23085E+02
    0.16647E+01    0.22006E+02
    0.16984E+01    0.20976E+02
    0.17327E+01    0.19993E+02
    0.17677E+01    0.19054E+02
    0.18034E+01    0.18159E+02
    0.18398E+01    0.17305E+02
    0.18770E+01    0.16490E+02
    0.19149E+01    0.15713E+02
    0.19536E+01    0.14973E+02
    0.19930E+01    0.14267E+02
    0.20333E+01    0.13594E+02
