    0.10000E-03    0.28713E+03
    0.10202E-03    0.29275E+03
    0.10408E-03    0.29847E+03
    0.10618E-03    0.30430E+03
    0.10833E-03    0.31025E+03
    0.11052E-03    0.31632E+03
    0.11275E-03    0.32250E+03
    0.11503E-03    0.32880E+03
    0.11735E-03    0.33523E+03
    0.11972E-03    0.34178E+03
    0.12214E-03    0.34846E+03
    0.12461E-03    0.35527E+03
    0.12712E-03    0.36222E+03
    0.12969E-03    0.36930E+03
    0.13231E-03    0.37652E+03
    0.13499E-03    0.38387E+03
    0.13771E-03    0.39138E+03
    0.14049E-03    0.39903E+03
    0.14333E-03    0.40682E+03
    0.14623E-03    0.41477E+03
    0.14918E-03    0.42288E+03
    0.15220E-03    0.43114E+03
    0.15527E-03    0.43957E+03
    0.15841E-03    0.44816E+03
    0.16161E-03    0.45691E+03
    0.16487E-03    0.46584E+03
    0.16820E-03    0.47494E+03
    0.17160E-03    0.48422E+03
    0.17507E-03    0.49368E+03
    0.17860E-03    0.50333E+03
    0.18221E-03    0.51316E+03
    0.18589E-03    0.52319E+03
    0.18965E-03    0.53341E+03
    0.19348E-03    0.54382E+03
    0.19739E-03    0.55445E+03
    0.20138E-03    0.56528E+03
    0.20544E-03    0.57632E+03
    0.20959E-03    0.58757E+03
    0.21383E-03    0.59905E+03
    0.21815E-03    0.61074E+03
    0.22255E-03    0.62267E+03
    0.22705E-03    0.63483E+03
    0.23164E-03    0.64722E+03
    0.23632E-03    0.65986E+03
    0.24109E-03    0.67274E+03
    0.24596E-03    0.68587E+03
    0.25093E-03    0.69926E+03
    0.25600E-03    0.71291E+03
    0.26117E-03    0.72682E+03
    0.26645E-03    0.74100E+03
    0.27183E-03    0.75546E+03
    0.27732E-03    0.77020E+03
    0.28292E-03    0.78523E+03
    0.28864E-03    0.80055E+03
    0.29447E-03    0.81616E+03
    0.30042E-03    0.83208E+03
    0.30649E-03    0.84831E+03
    0.31268E-03    0.86485E+03
    0.31899E-03    0.88172E+03
    0.32544E-03    0.89891E+03
    0.33201E-03    0.91643E+03
    0.33872E-03    0.93429E+03
    0.34556E-03    0.95250E+03
    0.35254E-03    0.97106E+03
    0.35966E-03    0.98998E+03
    0.36693E-03    0.10093E+04
    0.37434E-03    0.10289E+04
    0.38190E-03    0.10490E+04
    0.38962E-03    0.10694E+04
    0.39749E-03    0.10902E+04
    0.40552E-03    0.11114E+04
    0.41371E-03    0.11331E+04
    0.42207E-03    0.11551E+04
    0.43060E-03    0.11776E+04
    0.43929E-03    0.12005E+04
    0.44817E-03    0.12238E+04
    0.45722E-03    0.12476E+04
    0.46646E-03    0.12719E+04
    0.47588E-03    0.12966E+04
    0.48550E-03    0.13218E+04
    0.49530E-03    0.13475E+04
    0.50531E-03    0.13736E+04
    0.51552E-03    0.14003E+04
    0.52593E-03    0.14275E+04
    0.53656E-03    0.14552E+04
    0.54739E-03    0.14834E+04
    0.55845E-03    0.15122E+04
    0.56973E-03    0.15415E+04
    0.58124E-03    0.15714E+04
    0.59299E-03    0.16018E+04
    0.60496E-03    0.16329E+04
    0.61719E-03    0.16645E+04
    0.62965E-03    0.16967E+04
    0.64237E-03    0.17295E+04
    0.65535E-03    0.17630E+04
    0.66859E-03    0.17970E+04
    0.68210E-03    0.18318E+04
    0.69588E-03    0.18672E+04
    0.70993E-03    0.19032E+04
    0.72427E-03    0.19400E+04
    0.73891E-03    0.19774E+04
    0.75383E-03    0.20155E+04
    0.76906E-03    0.20544E+04
    0.78460E-03    0.20939E+04
    0.80045E-03    0.21342E+04
    0.81662E-03    0.21753E+04
    0.83311E-03    0.22172E+04
    0.84994E-03    0.22598E+04
    0.86711E-03    0.23032E+04
    0.88463E-03    0.23474E+04
    0.90250E-03    0.23925E+04
    0.92073E-03    0.24383E+04
    0.93933E-03    0.24851E+04
    0.95831E-03    0.25327E+04
    0.97767E-03    0.25811E+04
    0.99742E-03    0.26305E+04
    0.10176E-02    0.26808E+04
    0.10381E-02    0.27319E+04
    0.10591E-02    0.27841E+04
    0.10805E-02    0.28372E+04
    0.11023E-02    0.28912E+04
    0.11246E-02    0.29462E+04
    0.11473E-02    0.30023E+04
    0.11705E-02    0.30593E+04
    0.11941E-02    0.31174E+04
    0.12182E-02    0.31765E+04
    0.12429E-02    0.32367E+04
    0.12680E-02    0.32980E+04
    0.12936E-02    0.33603E+04
    0.13197E-02    0.34238E+04
    0.13464E-02    0.34884E+04
    0.13736E-02    0.35541E+04
    0.14013E-02    0.36211E+04
    0.14296E-02    0.36891E+04
    0.14585E-02    0.37584E+04
    0.14880E-02    0.38289E+04
    0.15180E-02    0.39007E+04
    0.15487E-02    0.39736E+04
    0.15800E-02    0.40479E+04
    0.16119E-02    0.41234E+04
    0.16445E-02    0.42002E+04
    0.16777E-02    0.42783E+04
    0.17116E-02    0.43578E+04
    0.17462E-02    0.44386E+04
    0.17814E-02    0.45208E+04
    0.18174E-02    0.46044E+04
    0.18541E-02    0.46893E+04
    0.18916E-02    0.47757E+04
    0.19298E-02    0.48636E+04
    0.19688E-02    0.49528E+04
    0.20086E-02    0.50436E+04
    0.20491E-02    0.51358E+04
    0.20905E-02    0.52295E+04
    0.21328E-02    0.53247E+04
    0.21758E-02    0.54215E+04
    0.22198E-02    0.55198E+04
    0.22646E-02    0.56197E+04
    0.23104E-02    0.57212E+04
    0.23571E-02    0.58242E+04
    0.24047E-02    0.59289E+04
    0.24533E-02    0.60351E+04
    0.25028E-02    0.61430E+04
    0.25534E-02    0.62526E+04
    0.26050E-02    0.63638E+04
    0.26576E-02    0.64767E+04
    0.27113E-02    0.65912E+04
    0.27660E-02    0.67075E+04
    0.28219E-02    0.68254E+04
    0.28789E-02    0.69451E+04
    0.29371E-02    0.70665E+04
    0.29964E-02    0.71896E+04
    0.30569E-02    0.73145E+04
    0.31187E-02    0.74411E+04
    0.31817E-02    0.75695E+04
    0.32460E-02    0.76996E+04
    0.33115E-02    0.78315E+04
    0.33784E-02    0.79651E+04
    0.34467E-02    0.81005E+04
    0.35163E-02    0.82377E+04
    0.35874E-02    0.83767E+04
    0.36598E-02    0.85174E+04
    0.37338E-02    0.86600E+04
    0.38092E-02    0.88042E+04
    0.38861E-02    0.89503E+04
    0.39646E-02    0.90981E+04
    0.40447E-02    0.92477E+04
    0.41264E-02    0.93990E+04
    0.42098E-02    0.95520E+04
    0.42948E-02    0.97068E+04
    0.43816E-02    0.98633E+04
    0.44701E-02    0.10022E+05
    0.45604E-02    0.10181E+05
    0.46525E-02    0.10343E+05
    0.47465E-02    0.10506E+05
    0.48424E-02    0.10671E+05
    0.49402E-02    0.10837E+05
    0.50400E-02    0.11006E+05
    0.51419E-02    0.11175E+05
    0.52457E-02    0.11346E+05
    0.53517E-02    0.11519E+05
    0.54598E-02    0.11693E+05
    0.55701E-02    0.11868E+05
    0.56826E-02    0.12045E+05
    0.57974E-02    0.12224E+05
    0.59145E-02    0.12403E+05
    0.60340E-02    0.12584E+05
    0.61559E-02    0.12766E+05
    0.62803E-02    0.12949E+05
    0.64072E-02    0.13134E+05
    0.65366E-02    0.13319E+05
    0.66686E-02    0.13505E+05
    0.68033E-02    0.13693E+05
    0.69408E-02    0.13881E+05
    0.70810E-02    0.14070E+05
    0.72240E-02    0.14259E+05
    0.73700E-02    0.14449E+05
    0.75189E-02    0.14640E+05
    0.76708E-02    0.14831E+05
    0.78257E-02    0.15023E+05
    0.79838E-02    0.15214E+05
    0.81451E-02    0.15406E+05
    0.83096E-02    0.15598E+05
    0.84775E-02    0.15790E+05
    0.86488E-02    0.15982E+05
    0.88235E-02    0.16174E+05
    0.90017E-02    0.16365E+05
    0.91836E-02    0.16556E+05
    0.93691E-02    0.16746E+05
    0.95583E-02    0.16935E+05
    0.97514E-02    0.17123E+05
    0.99484E-02    0.17311E+05
    0.10149E-01    0.17497E+05
    0.10354E-01    0.17682E+05
    0.10564E-01    0.17865E+05
    0.10777E-01    0.18047E+05
    0.10995E-01    0.18227E+05
    0.11217E-01    0.18405E+05
    0.11443E-01    0.18581E+05
    0.11675E-01    0.18755E+05
    0.11910E-01    0.18926E+05
    0.12151E-01    0.19094E+05
    0.12397E-01    0.19259E+05
    0.12647E-01    0.19422E+05
    0.12902E-01    0.19581E+05
    0.13163E-01    0.19736E+05
    0.13429E-01    0.19888E+05
    0.13700E-01    0.20036E+05
    0.13977E-01    0.20180E+05
    0.14259E-01    0.20319E+05
    0.14547E-01    0.20454E+05
    0.14841E-01    0.20584E+05
    0.15141E-01    0.20708E+05
    0.15447E-01    0.20828E+05
    0.15759E-01    0.20942E+05
    0.16077E-01    0.21050E+05
    0.16402E-01    0.21153E+05
    0.16734E-01    0.21249E+05
    0.17072E-01    0.21338E+05
    0.17416E-01    0.21421E+05
    0.17768E-01    0.21497E+05
    0.18127E-01    0.21566E+05
    0.18493E-01    0.21627E+05
    0.18867E-01    0.21681E+05
    0.19248E-01    0.21726E+05
    0.19637E-01    0.21764E+05
    0.20034E-01    0.21794E+05
    0.20438E-01    0.21815E+05
    0.20851E-01    0.21827E+05
    0.21272E-01    0.21831E+05
    0.21702E-01    0.21825E+05
    0.22141E-01    0.21811E+05
    0.22588E-01    0.21787E+05
    0.23044E-01    0.21754E+05
    0.23510E-01    0.21712E+05
    0.23985E-01    0.21659E+05
    0.24469E-01    0.21598E+05
    0.24964E-01    0.21527E+05
    0.25468E-01    0.21446E+05
    0.25982E-01    0.21355E+05
    0.26507E-01    0.21255E+05
    0.27043E-01    0.21146E+05
    0.27589E-01    0.21027E+05
    0.28146E-01    0.20899E+05
    0.28715E-01    0.20761E+05
    0.29295E-01    0.20616E+05
    0.29887E-01    0.20461E+05
    0.30490E-01    0.20298E+05
    0.31106E-01    0.20127E+05
    0.31735E-01    0.19949E+05
    0.32376E-01    0.19763E+05
    0.33030E-01    0.19571E+05
    0.33697E-01    0.19372E+05
    0.34378E-01    0.19167E+05
    0.35072E-01    0.18957E+05
    0.35781E-01    0.18742E+05
    0.36504E-01    0.18523E+05
    0.37241E-01    0.18300E+05
    0.37993E-01    0.18074E+05
    0.38761E-01    0.17846E+05
    0.39544E-01    0.17616E+05
    0.40343E-01    0.17385E+05
    0.41158E-01    0.17154E+05
    0.41989E-01    0.16922E+05
    0.42838E-01    0.16690E+05
    0.43703E-01    0.16460E+05
    0.44586E-01    0.16232E+05
    0.45486E-01    0.16006E+05
    0.46405E-01    0.15784E+05
    0.47343E-01    0.15565E+05
    0.48299E-01    0.15350E+05
    0.49275E-01    0.15141E+05
    0.50270E-01    0.14936E+05
    0.51286E-01    0.14738E+05
    0.52322E-01    0.14544E+05
    0.53379E-01    0.14357E+05
    0.54457E-01    0.14174E+05
    0.55557E-01    0.13997E+05
    0.56680E-01    0.13824E+05
    0.57825E-01    0.13655E+05
    0.58993E-01    0.13489E+05
    0.60184E-01    0.13325E+05
    0.61400E-01    0.13164E+05
    0.62641E-01    0.13004E+05
    0.63906E-01    0.12845E+05
    0.65197E-01    0.12685E+05
    0.66514E-01    0.12524E+05
    0.67858E-01    0.12361E+05
    0.69229E-01    0.12195E+05
    0.70627E-01    0.12025E+05
    0.72054E-01    0.11850E+05
    0.73510E-01    0.11670E+05
    0.74994E-01    0.11482E+05
    0.76509E-01    0.11287E+05
    0.78055E-01    0.11084E+05
    0.79632E-01    0.10872E+05
    0.81241E-01    0.10651E+05
    0.82882E-01    0.10422E+05
    0.84556E-01    0.10186E+05
    0.86264E-01    0.99429E+04
    0.88007E-01    0.96942E+04
    0.89785E-01    0.94407E+04
    0.91598E-01    0.91842E+04
    0.93449E-01    0.89268E+04
    0.95337E-01    0.86705E+04
    0.97263E-01    0.84172E+04
    0.99227E-01    0.81690E+04
    0.10123E+00    0.79279E+04
    0.10328E+00    0.76956E+04
    0.10536E+00    0.74738E+04
    0.10749E+00    0.72638E+04
    0.10966E+00    0.70670E+04
    0.11188E+00    0.68839E+04
    0.11414E+00    0.67148E+04
    0.11644E+00    0.65594E+04
    0.11880E+00    0.64167E+04
    0.12120E+00    0.62848E+04
    0.12365E+00    0.61619E+04
    0.12614E+00    0.60450E+04
    0.12869E+00    0.59315E+04
    0.13129E+00    0.58183E+04
    0.13394E+00    0.57028E+04
    0.13665E+00    0.55828E+04
    0.13941E+00    0.54564E+04
    0.14223E+00    0.53225E+04
    0.14510E+00    0.51806E+04
    0.14803E+00    0.50310E+04
    0.15102E+00    0.48747E+04
    0.15407E+00    0.47135E+04
    0.15718E+00    0.45495E+04
    0.16036E+00    0.43855E+04
    0.16360E+00    0.42242E+04
    0.16690E+00    0.40686E+04
    0.17028E+00    0.39212E+04
    0.17371E+00    0.37843E+04
    0.17722E+00    0.36597E+04
    0.18080E+00    0.35479E+04
    0.18446E+00    0.34483E+04
    0.18818E+00    0.33590E+04
    0.19198E+00    0.32770E+04
    0.19586E+00    0.31991E+04
    0.19982E+00    0.31219E+04
    0.20386E+00    0.30428E+04
    0.20797E+00    0.29597E+04
    0.21218E+00    0.28714E+04
    0.21646E+00    0.27776E+04
    0.22083E+00    0.26790E+04
    0.22530E+00    0.25778E+04
    0.22985E+00    0.24769E+04
    0.23449E+00    0.23793E+04
    0.23923E+00    0.22876E+04
    0.24406E+00    0.22034E+04
    0.24899E+00    0.21274E+04
    0.25402E+00    0.20593E+04
    0.25915E+00    0.19977E+04
    0.26439E+00    0.19401E+04
    0.26973E+00    0.18840E+04
    0.27518E+00    0.18269E+04
    0.28074E+00    0.17675E+04
    0.28641E+00    0.17053E+04
    0.29219E+00    0.16411E+04
    0.29810E+00    0.15766E+04
    0.30412E+00    0.15140E+04
    0.31026E+00    0.14550E+04
    0.31653E+00    0.14006E+04
    0.32292E+00    0.13511E+04
    0.32945E+00    0.13056E+04
    0.33610E+00    0.12627E+04
    0.34289E+00    0.12205E+04
    0.34982E+00    0.11779E+04
    0.35689E+00    0.11345E+04
    0.36409E+00    0.10908E+04
    0.37145E+00    0.10476E+04
    0.37895E+00    0.10062E+04
    0.38661E+00    0.96745E+03
    0.39442E+00    0.93151E+03
    0.40239E+00    0.89779E+03
    0.41052E+00    0.86537E+03
    0.41881E+00    0.83349E+03
    0.42727E+00    0.80179E+03
    0.43590E+00    0.77039E+03
    0.44471E+00    0.73975E+03
    0.45369E+00    0.71047E+03
    0.46286E+00    0.68284E+03
    0.47221E+00    0.65671E+03
    0.48174E+00    0.63163E+03
    0.49148E+00    0.60722E+03
    0.50141E+00    0.58332E+03
    0.51153E+00    0.56001E+03
    0.52187E+00    0.53752E+03
    0.53241E+00    0.51606E+03
    0.54317E+00    0.49563E+03
    0.55414E+00    0.47598E+03
    0.56533E+00    0.45698E+03
    0.57675E+00    0.43856E+03
    0.58840E+00    0.42072E+03
    0.60029E+00    0.40361E+03
    0.61242E+00    0.38724E+03
    0.62479E+00    0.37150E+03
    0.63741E+00    0.35635E+03
    0.65029E+00    0.34173E+03
    0.66342E+00    0.32764E+03
    0.67683E+00    0.31410E+03
    0.69050E+00    0.30112E+03
    0.70445E+00    0.28865E+03
    0.71868E+00    0.27665E+03
    0.73320E+00    0.26512E+03
    0.74801E+00    0.25404E+03
    0.76312E+00    0.24338E+03
    0.77854E+00    0.23315E+03
    0.79426E+00    0.22331E+03
    0.81031E+00    0.21387E+03
    0.82668E+00    0.20480E+03
    0.84338E+00    0.19609E+03
    0.86041E+00    0.18774E+03
    0.87780E+00    0.17972E+03
    0.89553E+00    0.17202E+03
    0.91362E+00    0.16464E+03
    0.93208E+00    0.15756E+03
    0.95091E+00    0.15077E+03
    0.97011E+00    0.14425E+03
    0.98971E+00    0.13801E+03
    0.10097E+01    0.13202E+03
    0.10301E+01    0.12628E+03
    0.10509E+01    0.12077E+03
    0.10721E+01    0.11549E+03
    0.10938E+01    0.11044E+03
    0.11159E+01    0.10559E+03
    0.11384E+01    0.10095E+03
    0.11614E+01    0.96498E+02
    0.11849E+01    0.92236E+02
    0.12088E+01    0.88154E+02
    0.12333E+01    0.84245E+02
    0.12582E+01    0.80502E+02
    0.12836E+01    0.76919E+02
    0.13095E+01    0.73489E+02
    0.13360E+01    0.70205E+02
    0.13630E+01    0.67063E+02
    0.13905E+01    0.64056E+02
    0.14186E+01    0.61179E+02
    0.14472E+01    0.58426E+02
    0.14765E+01    0.55792E+02
    0.15063E+01    0.53272E+02
    0.15367E+01    0.50862E+02
    0.15678E+01    0.48556E+02
    0.15994E+01    0.46350E+02
    0.16318E+01    0.44240E+02
    0.16647E+01    0.42223E+02
    0.16984E+01    0.40293E+02
    0.17327E+01    0.38448E+02
    0.17677E+01    0.36684E+02
    0.18034E+01    0.34998E+02
    0.18398E+01    0.33388E+02
    0.18770E+01    0.31849E+02
    0.19149E+01    0.30380E+02
    0.19536E+01    0.28977E+02
    0.19930E+01    0.27638E+02
    0.20333E+01    0.26360E+02
    0.20744E+01    0.25140E+02
    0.21163E+01    0.23977E+02
