    0.10000E-03    0.49930E+03
    0.10202E-03    0.50906E+03
    0.10408E-03    0.51901E+03
    0.10618E-03    0.52915E+03
    0.10833E-03    0.53949E+03
    0.11052E-03    0.55003E+03
    0.11275E-03    0.56078E+03
    0.11503E-03    0.57174E+03
    0.11735E-03    0.58291E+03
    0.11972E-03    0.59430E+03
    0.12214E-03    0.60591E+03
    0.12461E-03    0.61775E+03
    0.12712E-03    0.62982E+03
    0.12969E-03    0.64212E+03
    0.13231E-03    0.65466E+03
    0.13499E-03    0.66745E+03
    0.13771E-03    0.68049E+03
    0.14049E-03    0.69378E+03
    0.14333E-03    0.70733E+03
    0.14623E-03    0.72114E+03
    0.14918E-03    0.73523E+03
    0.15220E-03    0.74958E+03
    0.15527E-03    0.76422E+03
    0.15841E-03    0.77914E+03
    0.16161E-03    0.79435E+03
    0.16487E-03    0.80986E+03
    0.16820E-03    0.82567E+03
    0.17160E-03    0.84179E+03
    0.17507E-03    0.85822E+03
    0.17860E-03    0.87497E+03
    0.18221E-03    0.89205E+03
    0.18589E-03    0.90946E+03
    0.18965E-03    0.92720E+03
    0.19348E-03    0.94530E+03
    0.19739E-03    0.96374E+03
    0.20138E-03    0.98254E+03
    0.20544E-03    0.10017E+04
    0.20959E-03    0.10212E+04
    0.21383E-03    0.10412E+04
    0.21815E-03    0.10615E+04
    0.22255E-03    0.10822E+04
    0.22705E-03    0.11033E+04
    0.23164E-03    0.11248E+04
    0.23632E-03    0.11467E+04
    0.24109E-03    0.11690E+04
    0.24596E-03    0.11918E+04
    0.25093E-03    0.12150E+04
    0.25600E-03    0.12387E+04
    0.26117E-03    0.12628E+04
    0.26645E-03    0.12874E+04
    0.27183E-03    0.13125E+04
    0.27732E-03    0.13380E+04
    0.28292E-03    0.13641E+04
    0.28864E-03    0.13906E+04
    0.29447E-03    0.14177E+04
    0.30042E-03    0.14453E+04
    0.30649E-03    0.14734E+04
    0.31268E-03    0.15020E+04
    0.31899E-03    0.15312E+04
    0.32544E-03    0.15610E+04
    0.33201E-03    0.15913E+04
    0.33872E-03    0.16223E+04
    0.34556E-03    0.16538E+04
    0.35254E-03    0.16859E+04
    0.35966E-03    0.17186E+04
    0.36693E-03    0.17520E+04
    0.37434E-03    0.17860E+04
    0.38190E-03    0.18206E+04
    0.38962E-03    0.18559E+04
    0.39749E-03    0.18919E+04
    0.40552E-03    0.19286E+04
    0.41371E-03    0.19659E+04
    0.42207E-03    0.20040E+04
    0.43060E-03    0.20428E+04
    0.43929E-03    0.20823E+04
    0.44817E-03    0.21226E+04
    0.45722E-03    0.21636E+04
    0.46646E-03    0.22055E+04
    0.47588E-03    0.22481E+04
    0.48550E-03    0.22915E+04
    0.49530E-03    0.23357E+04
    0.50531E-03    0.23808E+04
    0.51552E-03    0.24267E+04
    0.52593E-03    0.24735E+04
    0.53656E-03    0.25211E+04
    0.54739E-03    0.25696E+04
    0.55845E-03    0.26191E+04
    0.56973E-03    0.26695E+04
    0.58124E-03    0.27208E+04
    0.59299E-03    0.27730E+04
    0.60496E-03    0.28263E+04
    0.61719E-03    0.28805E+04
    0.62965E-03    0.29357E+04
    0.64237E-03    0.29920E+04
    0.65535E-03    0.30493E+04
    0.66859E-03    0.31076E+04
    0.68210E-03    0.31670E+04
    0.69588E-03    0.32275E+04
    0.70993E-03    0.32891E+04
    0.72427E-03    0.33519E+04
    0.73891E-03    0.34157E+04
    0.75383E-03    0.34808E+04
    0.76906E-03    0.35470E+04
    0.78460E-03    0.36144E+04
    0.80045E-03    0.36830E+04
    0.81662E-03    0.37529E+04
    0.83311E-03    0.38240E+04
    0.84994E-03    0.38964E+04
    0.86711E-03    0.39701E+04
    0.88463E-03    0.40451E+04
    0.90250E-03    0.41215E+04
    0.92073E-03    0.41992E+04
    0.93933E-03    0.42782E+04
    0.95831E-03    0.43587E+04
    0.97767E-03    0.44406E+04
    0.99742E-03    0.45239E+04
    0.10176E-02    0.46086E+04
    0.10381E-02    0.46948E+04
    0.10591E-02    0.47826E+04
    0.10805E-02    0.48718E+04
    0.11023E-02    0.49625E+04
    0.11246E-02    0.50549E+04
    0.11473E-02    0.51487E+04
    0.11705E-02    0.52442E+04
    0.11941E-02    0.53413E+04
    0.12182E-02    0.54400E+04
    0.12429E-02    0.55404E+04
    0.12680E-02    0.56425E+04
    0.12936E-02    0.57462E+04
    0.13197E-02    0.58517E+04
    0.13464E-02    0.59588E+04
    0.13736E-02    0.60678E+04
    0.14013E-02    0.61785E+04
    0.14296E-02    0.62909E+04
    0.14585E-02    0.64052E+04
    0.14880E-02    0.65213E+04
    0.15180E-02    0.66393E+04
    0.15487E-02    0.67591E+04
    0.15800E-02    0.68807E+04
    0.16119E-02    0.70043E+04
    0.16445E-02    0.71298E+04
    0.16777E-02    0.72571E+04
    0.17116E-02    0.73865E+04
    0.17462E-02    0.75177E+04
    0.17814E-02    0.76510E+04
    0.18174E-02    0.77862E+04
    0.18541E-02    0.79234E+04
    0.18916E-02    0.80626E+04
    0.19298E-02    0.82038E+04
    0.19688E-02    0.83470E+04
    0.20086E-02    0.84922E+04
    0.20491E-02    0.86395E+04
    0.20905E-02    0.87888E+04
    0.21328E-02    0.89402E+04
    0.21758E-02    0.90936E+04
    0.22198E-02    0.92491E+04
    0.22646E-02    0.94067E+04
    0.23104E-02    0.95663E+04
    0.23571E-02    0.97280E+04
    0.24047E-02    0.98917E+04
    0.24533E-02    0.10058E+05
    0.25028E-02    0.10225E+05
    0.25534E-02    0.10395E+05
    0.26050E-02    0.10567E+05
    0.26576E-02    0.10741E+05
    0.27113E-02    0.10917E+05
    0.27660E-02    0.11095E+05
    0.28219E-02    0.11276E+05
    0.28789E-02    0.11458E+05
    0.29371E-02    0.11642E+05
    0.29964E-02    0.11828E+05
    0.30569E-02    0.12016E+05
    0.31187E-02    0.12206E+05
    0.31817E-02    0.12398E+05
    0.32460E-02    0.12591E+05
    0.33115E-02    0.12787E+05
    0.33784E-02    0.12984E+05
    0.34467E-02    0.13183E+05
    0.35163E-02    0.13384E+05
    0.35874E-02    0.13587E+05
    0.36598E-02    0.13791E+05
    0.37338E-02    0.13997E+05
    0.38092E-02    0.14205E+05
    0.38861E-02    0.14414E+05
    0.39646E-02    0.14625E+05
    0.40447E-02    0.14837E+05
    0.41264E-02    0.15050E+05
    0.42098E-02    0.15265E+05
    0.42948E-02    0.15481E+05
    0.43816E-02    0.15699E+05
    0.44701E-02    0.15917E+05
    0.45604E-02    0.16137E+05
    0.46525E-02    0.16357E+05
    0.47465E-02    0.16579E+05
    0.48424E-02    0.16801E+05
    0.49402E-02    0.17024E+05
    0.50400E-02    0.17248E+05
    0.51419E-02    0.17472E+05
    0.52457E-02    0.17697E+05
    0.53517E-02    0.17922E+05
    0.54598E-02    0.18148E+05
    0.55701E-02    0.18373E+05
    0.56826E-02    0.18599E+05
    0.57974E-02    0.18825E+05
    0.59145E-02    0.19050E+05
    0.60340E-02    0.19275E+05
    0.61559E-02    0.19500E+05
    0.62803E-02    0.19724E+05
    0.64072E-02    0.19947E+05
    0.65366E-02    0.20169E+05
    0.66686E-02    0.20391E+05
    0.68033E-02    0.20611E+05
    0.69408E-02    0.20830E+05
    0.70810E-02    0.21047E+05
    0.72240E-02    0.21262E+05
    0.73700E-02    0.21476E+05
    0.75189E-02    0.21687E+05
    0.76708E-02    0.21897E+05
    0.78257E-02    0.22104E+05
    0.79838E-02    0.22308E+05
    0.81451E-02    0.22510E+05
    0.83096E-02    0.22709E+05
    0.84775E-02    0.22905E+05
    0.86488E-02    0.23097E+05
    0.88235E-02    0.23286E+05
    0.90017E-02    0.23470E+05
    0.91836E-02    0.23651E+05
    0.93691E-02    0.23828E+05
    0.95583E-02    0.24000E+05
    0.97514E-02    0.24167E+05
    0.99484E-02    0.24329E+05
    0.10149E-01    0.24486E+05
    0.10354E-01    0.24637E+05
    0.10564E-01    0.24783E+05
    0.10777E-01    0.24922E+05
    0.10995E-01    0.25055E+05
    0.11217E-01    0.25182E+05
    0.11443E-01    0.25301E+05
    0.11675E-01    0.25414E+05
    0.11910E-01    0.25519E+05
    0.12151E-01    0.25617E+05
    0.12397E-01    0.25706E+05
    0.12647E-01    0.25787E+05
    0.12902E-01    0.25860E+05
    0.13163E-01    0.25924E+05
    0.13429E-01    0.25979E+05
    0.13700E-01    0.26024E+05
    0.13977E-01    0.26060E+05
    0.14259E-01    0.26086E+05
    0.14547E-01    0.26102E+05
    0.14841E-01    0.26107E+05
    0.15141E-01    0.26102E+05
    0.15447E-01    0.26085E+05
    0.15759E-01    0.26058E+05
    0.16077E-01    0.26019E+05
    0.16402E-01    0.25969E+05
    0.16734E-01    0.25906E+05
    0.17072E-01    0.25832E+05
    0.17416E-01    0.25746E+05
    0.17768E-01    0.25647E+05
    0.18127E-01    0.25536E+05
    0.18493E-01    0.25412E+05
    0.18867E-01    0.25276E+05
    0.19248E-01    0.25127E+05
    0.19637E-01    0.24966E+05
    0.20034E-01    0.24792E+05
    0.20438E-01    0.24605E+05
    0.20851E-01    0.24406E+05
    0.21272E-01    0.24194E+05
    0.21702E-01    0.23970E+05
    0.22141E-01    0.23734E+05
    0.22588E-01    0.23486E+05
    0.23044E-01    0.23226E+05
    0.23510E-01    0.22955E+05
    0.23985E-01    0.22674E+05
    0.24469E-01    0.22381E+05
    0.24964E-01    0.22079E+05
    0.25468E-01    0.21767E+05
    0.25982E-01    0.21447E+05
    0.26507E-01    0.21117E+05
    0.27043E-01    0.20781E+05
    0.27589E-01    0.20437E+05
    0.28146E-01    0.20087E+05
    0.28715E-01    0.19731E+05
    0.29295E-01    0.19371E+05
    0.29887E-01    0.19007E+05
    0.30490E-01    0.18640E+05
    0.31106E-01    0.18271E+05
    0.31735E-01    0.17902E+05
    0.32376E-01    0.17532E+05
    0.33030E-01    0.17163E+05
    0.33697E-01    0.16796E+05
    0.34378E-01    0.16432E+05
    0.35072E-01    0.16071E+05
    0.35781E-01    0.15715E+05
    0.36504E-01    0.15366E+05
    0.37241E-01    0.15023E+05
    0.37993E-01    0.14688E+05
    0.38761E-01    0.14362E+05
    0.39544E-01    0.14045E+05
    0.40343E-01    0.13737E+05
    0.41158E-01    0.13439E+05
    0.41989E-01    0.13151E+05
    0.42838E-01    0.12874E+05
    0.43703E-01    0.12609E+05
    0.44586E-01    0.12356E+05
    0.45486E-01    0.12117E+05
    0.46405E-01    0.11891E+05
    0.47343E-01    0.11679E+05
    0.48299E-01    0.11480E+05
    0.49275E-01    0.11291E+05
    0.50270E-01    0.11113E+05
    0.51286E-01    0.10943E+05
    0.52322E-01    0.10782E+05
    0.53379E-01    0.10628E+05
    0.54457E-01    0.10481E+05
    0.55557E-01    0.10340E+05
    0.56680E-01    0.10204E+05
    0.57825E-01    0.10071E+05
    0.58993E-01    0.99390E+04
    0.60184E-01    0.98072E+04
    0.61400E-01    0.96732E+04
    0.62641E-01    0.95354E+04
    0.63906E-01    0.93920E+04
    0.65197E-01    0.92411E+04
    0.66514E-01    0.90810E+04
    0.67858E-01    0.89104E+04
    0.69229E-01    0.87283E+04
    0.70627E-01    0.85340E+04
    0.72054E-01    0.83272E+04
    0.73510E-01    0.81083E+04
    0.74994E-01    0.78783E+04
    0.76509E-01    0.76380E+04
    0.78055E-01    0.73895E+04
    0.79632E-01    0.71346E+04
    0.81241E-01    0.68756E+04
    0.82882E-01    0.66150E+04
    0.84556E-01    0.63550E+04
    0.86264E-01    0.60984E+04
    0.88007E-01    0.58478E+04
    0.89785E-01    0.56058E+04
    0.91598E-01    0.53751E+04
    0.93449E-01    0.51583E+04
    0.95337E-01    0.49575E+04
    0.97263E-01    0.47744E+04
    0.99227E-01    0.46104E+04
    0.10123E+00    0.44657E+04
    0.10328E+00    0.43397E+04
    0.10536E+00    0.42315E+04
    0.10749E+00    0.41386E+04
    0.10966E+00    0.40587E+04
    0.11188E+00    0.39885E+04
    0.11414E+00    0.39246E+04
    0.11644E+00    0.38636E+04
    0.11880E+00    0.38021E+04
    0.12120E+00    0.37366E+04
    0.12365E+00    0.36641E+04
    0.12614E+00    0.35821E+04
    0.12869E+00    0.34889E+04
    0.13129E+00    0.33837E+04
    0.13394E+00    0.32672E+04
    0.13665E+00    0.31406E+04
    0.13941E+00    0.30066E+04
    0.14223E+00    0.28682E+04
    0.14510E+00    0.27294E+04
    0.14803E+00    0.25943E+04
    0.15102E+00    0.24670E+04
    0.15407E+00    0.23510E+04
    0.15718E+00    0.22489E+04
    0.16036E+00    0.21615E+04
    0.16360E+00    0.20887E+04
    0.16690E+00    0.20288E+04
    0.17028E+00    0.19794E+04
    0.17371E+00    0.19375E+04
    0.17722E+00    0.18996E+04
    0.18080E+00    0.18617E+04
    0.18446E+00    0.18200E+04
    0.18818E+00    0.17714E+04
    0.19198E+00    0.17146E+04
    0.19586E+00    0.16497E+04
    0.19982E+00    0.15787E+04
    0.20386E+00    0.15043E+04
    0.20797E+00    0.14298E+04
    0.21218E+00    0.13587E+04
    0.21646E+00    0.12939E+04
    0.22083E+00    0.12378E+04
    0.22530E+00    0.11906E+04
    0.22985E+00    0.11516E+04
    0.23449E+00    0.11189E+04
    0.23923E+00    0.10898E+04
    0.24406E+00    0.10611E+04
    0.24899E+00    0.10300E+04
    0.25402E+00    0.99476E+03
    0.25915E+00    0.95551E+03
    0.26439E+00    0.91352E+03
    0.26973E+00    0.87072E+03
    0.27518E+00    0.82934E+03
    0.28074E+00    0.79155E+03
    0.28641E+00    0.75866E+03
    0.29219E+00    0.73055E+03
    0.29810E+00    0.70600E+03
    0.30412E+00    0.68327E+03
    0.31026E+00    0.66065E+03
    0.31653E+00    0.63676E+03
    0.32292E+00    0.61113E+03
    0.32945E+00    0.58446E+03
    0.33610E+00    0.55812E+03
    0.34289E+00    0.53333E+03
    0.34982E+00    0.51083E+03
    0.35689E+00    0.49080E+03
    0.36409E+00    0.47261E+03
    0.37145E+00    0.45523E+03
    0.37895E+00    0.43780E+03
    0.38661E+00    0.41996E+03
    0.39442E+00    0.40194E+03
    0.40239E+00    0.38437E+03
    0.41052E+00    0.36785E+03
    0.41881E+00    0.35263E+03
    0.42727E+00    0.33852E+03
    0.43590E+00    0.32511E+03
    0.44471E+00    0.31193E+03
    0.45369E+00    0.29884E+03
    0.46286E+00    0.28599E+03
    0.47221E+00    0.27368E+03
    0.48174E+00    0.26209E+03
    0.49148E+00    0.25118E+03
    0.50141E+00    0.24077E+03
    0.51153E+00    0.23066E+03
    0.52187E+00    0.22081E+03
    0.53241E+00    0.21128E+03
    0.54317E+00    0.20220E+03
    0.55414E+00    0.19358E+03
    0.56533E+00    0.18534E+03
    0.57675E+00    0.17740E+03
    0.58840E+00    0.16973E+03
    0.60029E+00    0.16236E+03
    0.61242E+00    0.15532E+03
    0.62479E+00    0.14860E+03
    0.63741E+00    0.14215E+03
    0.65029E+00    0.13596E+03
    0.66342E+00    0.13003E+03
    0.67683E+00    0.12434E+03
    0.69050E+00    0.11888E+03
    0.70445E+00    0.11365E+03
    0.71868E+00    0.10864E+03
    0.73320E+00    0.10385E+03
    0.74801E+00    0.99249E+02
    0.76312E+00    0.94847E+02
    0.77854E+00    0.90632E+02
    0.79426E+00    0.86597E+02
    0.81031E+00    0.82735E+02
    0.82668E+00    0.79038E+02
    0.84338E+00    0.75501E+02
    0.86041E+00    0.72116E+02
    0.87780E+00    0.68876E+02
    0.89553E+00    0.65777E+02
    0.91362E+00    0.62812E+02
    0.93208E+00    0.59976E+02
    0.95091E+00    0.57263E+02
    0.97011E+00    0.54668E+02
    0.98971E+00    0.52187E+02
    0.10097E+01    0.49814E+02
    0.10301E+01    0.47545E+02
    0.10509E+01    0.45376E+02
    0.10721E+01    0.43302E+02
    0.10938E+01    0.41320E+02
    0.11159E+01    0.39425E+02
    0.11384E+01    0.37614E+02
    0.11614E+01    0.35884E+02
    0.11849E+01    0.34231E+02
    0.12088E+01    0.32651E+02
    0.12333E+01    0.31142E+02
    0.12582E+01    0.29700E+02
    0.12836E+01    0.28324E+02
    0.13095E+01    0.27009E+02
    0.13360E+01    0.25753E+02
    0.13630E+01    0.24554E+02
    0.13905E+01    0.23409E+02
    0.14186E+01    0.22316E+02
    0.14472E+01    0.21273E+02
    0.14765E+01    0.20277E+02
    0.15063E+01    0.19326E+02
    0.15367E+01    0.18419E+02
    0.15678E+01    0.17554E+02
    0.15994E+01    0.16728E+02
    0.16318E+01    0.15939E+02
    0.16647E+01    0.15187E+02
    0.16984E+01    0.14470E+02
    0.17327E+01    0.13785E+02
    0.17677E+01    0.13132E+02
    0.18034E+01    0.12509E+02
    0.18398E+01    0.11914E+02
    0.18770E+01    0.11347E+02
    0.19149E+01    0.10807E+02
    0.19536E+01    0.10291E+02
    0.19930E+01    0.97990E+01
    0.20333E+01    0.93301E+01
    0.20744E+01    0.88832E+01
    0.21163E+01    0.84574E+01
    0.21590E+01    0.80516E+01
    0.22026E+01    0.76651E+01
    0.22471E+01    0.72969E+01
    0.22925E+01    0.69463E+01
    0.23388E+01    0.66124E+01
