    0.10000E-03    0.22872E+03
    0.10202E-03    0.23319E+03
    0.10408E-03    0.23774E+03
    0.10618E-03    0.24239E+03
    0.10833E-03    0.24713E+03
    0.11052E-03    0.25196E+03
    0.11275E-03    0.25689E+03
    0.11503E-03    0.26191E+03
    0.11735E-03    0.26703E+03
    0.11972E-03    0.27225E+03
    0.12214E-03    0.27757E+03
    0.12461E-03    0.28300E+03
    0.12712E-03    0.28853E+03
    0.12969E-03    0.29417E+03
    0.13231E-03    0.29992E+03
    0.13499E-03    0.30578E+03
    0.13771E-03    0.31176E+03
    0.14049E-03    0.31785E+03
    0.14333E-03    0.32406E+03
    0.14623E-03    0.33039E+03
    0.14918E-03    0.33685E+03
    0.15220E-03    0.34343E+03
    0.15527E-03    0.35015E+03
    0.15841E-03    0.35699E+03
    0.16161E-03    0.36396E+03
    0.16487E-03    0.37108E+03
    0.16820E-03    0.37833E+03
    0.17160E-03    0.38572E+03
    0.17507E-03    0.39326E+03
    0.17860E-03    0.40094E+03
    0.18221E-03    0.40877E+03
    0.18589E-03    0.41676E+03
    0.18965E-03    0.42490E+03
    0.19348E-03    0.43320E+03
    0.19739E-03    0.44167E+03
    0.20138E-03    0.45030E+03
    0.20544E-03    0.45909E+03
    0.20959E-03    0.46806E+03
    0.21383E-03    0.47720E+03
    0.21815E-03    0.48652E+03
    0.22255E-03    0.49602E+03
    0.22705E-03    0.50571E+03
    0.23164E-03    0.51559E+03
    0.23632E-03    0.52565E+03
    0.24109E-03    0.53592E+03
    0.24596E-03    0.54638E+03
    0.25093E-03    0.55705E+03
    0.25600E-03    0.56792E+03
    0.26117E-03    0.57901E+03
    0.26645E-03    0.59031E+03
    0.27183E-03    0.60183E+03
    0.27732E-03    0.61358E+03
    0.28292E-03    0.62556E+03
    0.28864E-03    0.63776E+03
    0.29447E-03    0.65021E+03
    0.30042E-03    0.66289E+03
    0.30649E-03    0.67583E+03
    0.31268E-03    0.68901E+03
    0.31899E-03    0.70245E+03
    0.32544E-03    0.71615E+03
    0.33201E-03    0.73012E+03
    0.33872E-03    0.74435E+03
    0.34556E-03    0.75887E+03
    0.35254E-03    0.77366E+03
    0.35966E-03    0.78874E+03
    0.36693E-03    0.80411E+03
    0.37434E-03    0.81979E+03
    0.38190E-03    0.83576E+03
    0.38962E-03    0.85204E+03
    0.39749E-03    0.86864E+03
    0.40552E-03    0.88556E+03
    0.41371E-03    0.90280E+03
    0.42207E-03    0.92038E+03
    0.43060E-03    0.93830E+03
    0.43929E-03    0.95656E+03
    0.44817E-03    0.97518E+03
    0.45722E-03    0.99416E+03
    0.46646E-03    0.10135E+04
    0.47588E-03    0.10332E+04
    0.48550E-03    0.10533E+04
    0.49530E-03    0.10738E+04
    0.50531E-03    0.10947E+04
    0.51552E-03    0.11159E+04
    0.52593E-03    0.11376E+04
    0.53656E-03    0.11597E+04
    0.54739E-03    0.11822E+04
    0.55845E-03    0.12052E+04
    0.56973E-03    0.12286E+04
    0.58124E-03    0.12524E+04
    0.59299E-03    0.12767E+04
    0.60496E-03    0.13015E+04
    0.61719E-03    0.13267E+04
    0.62965E-03    0.13524E+04
    0.64237E-03    0.13786E+04
    0.65535E-03    0.14053E+04
    0.66859E-03    0.14325E+04
    0.68210E-03    0.14602E+04
    0.69588E-03    0.14885E+04
    0.70993E-03    0.15173E+04
    0.72427E-03    0.15466E+04
    0.73891E-03    0.15765E+04
    0.75383E-03    0.16070E+04
    0.76906E-03    0.16380E+04
    0.78460E-03    0.16696E+04
    0.80045E-03    0.17018E+04
    0.81662E-03    0.17346E+04
    0.83311E-03    0.17681E+04
    0.84994E-03    0.18021E+04
    0.86711E-03    0.18368E+04
    0.88463E-03    0.18722E+04
    0.90250E-03    0.19082E+04
    0.92073E-03    0.19449E+04
    0.93933E-03    0.19822E+04
    0.95831E-03    0.20203E+04
    0.97767E-03    0.20590E+04
    0.99742E-03    0.20985E+04
    0.10176E-02    0.21387E+04
    0.10381E-02    0.21797E+04
    0.10591E-02    0.22214E+04
    0.10805E-02    0.22639E+04
    0.11023E-02    0.23072E+04
    0.11246E-02    0.23512E+04
    0.11473E-02    0.23961E+04
    0.11705E-02    0.24418E+04
    0.11941E-02    0.24883E+04
    0.12182E-02    0.25357E+04
    0.12429E-02    0.25839E+04
    0.12680E-02    0.26330E+04
    0.12936E-02    0.26830E+04
    0.13197E-02    0.27339E+04
    0.13464E-02    0.27857E+04
    0.13736E-02    0.28384E+04
    0.14013E-02    0.28921E+04
    0.14296E-02    0.29467E+04
    0.14585E-02    0.30023E+04
    0.14880E-02    0.30589E+04
    0.15180E-02    0.31165E+04
    0.15487E-02    0.31751E+04
    0.15800E-02    0.32348E+04
    0.16119E-02    0.32955E+04
    0.16445E-02    0.33572E+04
    0.16777E-02    0.34200E+04
    0.17116E-02    0.34839E+04
    0.17462E-02    0.35489E+04
    0.17814E-02    0.36151E+04
    0.18174E-02    0.36823E+04
    0.18541E-02    0.37507E+04
    0.18916E-02    0.38203E+04
    0.19298E-02    0.38911E+04
    0.19688E-02    0.39630E+04
    0.20086E-02    0.40362E+04
    0.20491E-02    0.41105E+04
    0.20905E-02    0.41861E+04
    0.21328E-02    0.42630E+04
    0.21758E-02    0.43411E+04
    0.22198E-02    0.44205E+04
    0.22646E-02    0.45012E+04
    0.23104E-02    0.45832E+04
    0.23571E-02    0.46665E+04
    0.24047E-02    0.47512E+04
    0.24533E-02    0.48372E+04
    0.25028E-02    0.49246E+04
    0.25534E-02    0.50133E+04
    0.26050E-02    0.51034E+04
    0.26576E-02    0.51949E+04
    0.27113E-02    0.52879E+04
    0.27660E-02    0.53822E+04
    0.28219E-02    0.54780E+04
    0.28789E-02    0.55752E+04
    0.29371E-02    0.56739E+04
    0.29964E-02    0.57740E+04
    0.30569E-02    0.58756E+04
    0.31187E-02    0.59787E+04
    0.31817E-02    0.60832E+04
    0.32460E-02    0.61893E+04
    0.33115E-02    0.62969E+04
    0.33784E-02    0.64059E+04
    0.34467E-02    0.65165E+04
    0.35163E-02    0.66286E+04
    0.35874E-02    0.67423E+04
    0.36598E-02    0.68574E+04
    0.37338E-02    0.69741E+04
    0.38092E-02    0.70923E+04
    0.38861E-02    0.72121E+04
    0.39646E-02    0.73334E+04
    0.40447E-02    0.74562E+04
    0.41264E-02    0.75806E+04
    0.42098E-02    0.77064E+04
    0.42948E-02    0.78339E+04
    0.43816E-02    0.79628E+04
    0.44701E-02    0.80932E+04
    0.45604E-02    0.82252E+04
    0.46525E-02    0.83586E+04
    0.47465E-02    0.84935E+04
    0.48424E-02    0.86299E+04
    0.49402E-02    0.87678E+04
    0.50400E-02    0.89071E+04
    0.51419E-02    0.90479E+04
    0.52457E-02    0.91900E+04
    0.53517E-02    0.93336E+04
    0.54598E-02    0.94785E+04
    0.55701E-02    0.96248E+04
    0.56826E-02    0.97724E+04
    0.57974E-02    0.99213E+04
    0.59145E-02    0.10071E+05
    0.60340E-02    0.10223E+05
    0.61559E-02    0.10375E+05
    0.62803E-02    0.10529E+05
    0.64072E-02    0.10684E+05
    0.65366E-02    0.10840E+05
    0.66686E-02    0.10997E+05
    0.68033E-02    0.11155E+05
    0.69408E-02    0.11314E+05
    0.70810E-02    0.11474E+05
    0.72240E-02    0.11635E+05
    0.73700E-02    0.11797E+05
    0.75189E-02    0.11959E+05
    0.76708E-02    0.12122E+05
    0.78257E-02    0.12286E+05
    0.79838E-02    0.12450E+05
    0.81451E-02    0.12614E+05
    0.83096E-02    0.12779E+05
    0.84775E-02    0.12944E+05
    0.86488E-02    0.13110E+05
    0.88235E-02    0.13275E+05
    0.90017E-02    0.13441E+05
    0.91836E-02    0.13607E+05
    0.93691E-02    0.13772E+05
    0.95583E-02    0.13937E+05
    0.97514E-02    0.14102E+05
    0.99484E-02    0.14266E+05
    0.10149E-01    0.14430E+05
    0.10354E-01    0.14594E+05
    0.10564E-01    0.14756E+05
    0.10777E-01    0.14918E+05
    0.10995E-01    0.15078E+05
    0.11217E-01    0.15237E+05
    0.11443E-01    0.15395E+05
    0.11675E-01    0.15552E+05
    0.11910E-01    0.15707E+05
    0.12151E-01    0.15860E+05
    0.12397E-01    0.16012E+05
    0.12647E-01    0.16161E+05
    0.12902E-01    0.16308E+05
    0.13163E-01    0.16453E+05
    0.13429E-01    0.16595E+05
    0.13700E-01    0.16734E+05
    0.13977E-01    0.16871E+05
    0.14259E-01    0.17004E+05
    0.14547E-01    0.17134E+05
    0.14841E-01    0.17261E+05
    0.15141E-01    0.17384E+05
    0.15447E-01    0.17503E+05
    0.15759E-01    0.17618E+05
    0.16077E-01    0.17729E+05
    0.16402E-01    0.17836E+05
    0.16734E-01    0.17937E+05
    0.17072E-01    0.18035E+05
    0.17416E-01    0.18126E+05
    0.17768E-01    0.18213E+05
    0.18127E-01    0.18295E+05
    0.18493E-01    0.18370E+05
    0.18867E-01    0.18440E+05
    0.19248E-01    0.18504E+05
    0.19637E-01    0.18561E+05
    0.20034E-01    0.18612E+05
    0.20438E-01    0.18657E+05
    0.20851E-01    0.18695E+05
    0.21272E-01    0.18725E+05
    0.21702E-01    0.18749E+05
    0.22141E-01    0.18765E+05
    0.22588E-01    0.18774E+05
    0.23044E-01    0.18776E+05
    0.23510E-01    0.18770E+05
    0.23985E-01    0.18756E+05
    0.24469E-01    0.18734E+05
    0.24964E-01    0.18704E+05
    0.25468E-01    0.18666E+05
    0.25982E-01    0.18620E+05
    0.26507E-01    0.18567E+05
    0.27043E-01    0.18505E+05
    0.27589E-01    0.18435E+05
    0.28146E-01    0.18357E+05
    0.28715E-01    0.18271E+05
    0.29295E-01    0.18178E+05
    0.29887E-01    0.18077E+05
    0.30490E-01    0.17968E+05
    0.31106E-01    0.17852E+05
    0.31735E-01    0.17729E+05
    0.32376E-01    0.17599E+05
    0.33030E-01    0.17463E+05
    0.33697E-01    0.17321E+05
    0.34378E-01    0.17172E+05
    0.35072E-01    0.17018E+05
    0.35781E-01    0.16859E+05
    0.36504E-01    0.16695E+05
    0.37241E-01    0.16527E+05
    0.37993E-01    0.16355E+05
    0.38761E-01    0.16179E+05
    0.39544E-01    0.16001E+05
    0.40343E-01    0.15821E+05
    0.41158E-01    0.15639E+05
    0.41989E-01    0.15455E+05
    0.42838E-01    0.15270E+05
    0.43703E-01    0.15085E+05
    0.44586E-01    0.14900E+05
    0.45486E-01    0.14715E+05
    0.46405E-01    0.14532E+05
    0.47343E-01    0.14350E+05
    0.48299E-01    0.14170E+05
    0.49275E-01    0.13993E+05
    0.50270E-01    0.13818E+05
    0.51286E-01    0.13647E+05
    0.52322E-01    0.13480E+05
    0.53379E-01    0.13317E+05
    0.54457E-01    0.13158E+05
    0.55557E-01    0.13002E+05
    0.56680E-01    0.12850E+05
    0.57825E-01    0.12701E+05
    0.58993E-01    0.12555E+05
    0.60184E-01    0.12411E+05
    0.61400E-01    0.12268E+05
    0.62641E-01    0.12127E+05
    0.63906E-01    0.11987E+05
    0.65197E-01    0.11847E+05
    0.66514E-01    0.11706E+05
    0.67858E-01    0.11564E+05
    0.69229E-01    0.11420E+05
    0.70627E-01    0.11273E+05
    0.72054E-01    0.11123E+05
    0.73510E-01    0.10969E+05
    0.74994E-01    0.10809E+05
    0.76509E-01    0.10644E+05
    0.78055E-01    0.10473E+05
    0.79632E-01    0.10295E+05
    0.81241E-01    0.10110E+05
    0.82882E-01    0.99176E+04
    0.84556E-01    0.97177E+04
    0.86264E-01    0.95107E+04
    0.88007E-01    0.92974E+04
    0.89785E-01    0.90792E+04
    0.91598E-01    0.88575E+04
    0.93449E-01    0.86338E+04
    0.95337E-01    0.84091E+04
    0.97263E-01    0.81847E+04
    0.99227E-01    0.79623E+04
    0.10123E+00    0.77436E+04
    0.10328E+00    0.75302E+04
    0.10536E+00    0.73235E+04
    0.10749E+00    0.71247E+04
    0.10966E+00    0.69351E+04
    0.11188E+00    0.67557E+04
    0.11414E+00    0.65872E+04
    0.11644E+00    0.64299E+04
    0.11880E+00    0.62839E+04
    0.12120E+00    0.61485E+04
    0.12365E+00    0.60226E+04
    0.12614E+00    0.59047E+04
    0.12869E+00    0.57925E+04
    0.13129E+00    0.56838E+04
    0.13394E+00    0.55760E+04
    0.13665E+00    0.54667E+04
    0.13941E+00    0.53539E+04
    0.14223E+00    0.52359E+04
    0.14510E+00    0.51114E+04
    0.14803E+00    0.49801E+04
    0.15102E+00    0.48422E+04
    0.15407E+00    0.46985E+04
    0.15718E+00    0.45505E+04
    0.16036E+00    0.44003E+04
    0.16360E+00    0.42501E+04
    0.16690E+00    0.41023E+04
    0.17028E+00    0.39591E+04
    0.17371E+00    0.38228E+04
    0.17722E+00    0.36950E+04
    0.18080E+00    0.35771E+04
    0.18446E+00    0.34697E+04
    0.18818E+00    0.33726E+04
    0.19198E+00    0.32846E+04
    0.19586E+00    0.32035E+04
    0.19982E+00    0.31267E+04
    0.20386E+00    0.30511E+04
    0.20797E+00    0.29745E+04
    0.21218E+00    0.28948E+04
    0.21646E+00    0.28109E+04
    0.22083E+00    0.27223E+04
    0.22530E+00    0.26296E+04
    0.22985E+00    0.25345E+04
    0.23449E+00    0.24395E+04
    0.23923E+00    0.23472E+04
    0.24406E+00    0.22600E+04
    0.24899E+00    0.21792E+04
    0.25402E+00    0.21054E+04
    0.25915E+00    0.20383E+04
    0.26439E+00    0.19771E+04
    0.26973E+00    0.19198E+04
    0.27518E+00    0.18643E+04
    0.28074E+00    0.18085E+04
    0.28641E+00    0.17510E+04
    0.29219E+00    0.16913E+04
    0.29810E+00    0.16298E+04
    0.30412E+00    0.15678E+04
    0.31026E+00    0.15074E+04
    0.31653E+00    0.14502E+04
    0.32292E+00    0.13971E+04
    0.32945E+00    0.13482E+04
    0.33610E+00    0.13029E+04
    0.34289E+00    0.12601E+04
    0.34982E+00    0.12184E+04
    0.35689E+00    0.11767E+04
    0.36409E+00    0.11344E+04
    0.37145E+00    0.10917E+04
    0.37895E+00    0.10496E+04
    0.38661E+00    0.10090E+04
    0.39442E+00    0.97078E+03
    0.40239E+00    0.93509E+03
    0.41052E+00    0.90147E+03
    0.41881E+00    0.86922E+03
    0.42727E+00    0.83767E+03
    0.43590E+00    0.80640E+03
    0.44471E+00    0.77543E+03
    0.45369E+00    0.74516E+03
    0.46286E+00    0.71614E+03
    0.47221E+00    0.68864E+03
    0.48174E+00    0.66255E+03
    0.49148E+00    0.63751E+03
    0.50141E+00    0.61321E+03
    0.51153E+00    0.58945E+03
    0.52187E+00    0.56626E+03
    0.53241E+00    0.54385E+03
    0.54317E+00    0.52241E+03
    0.55414E+00    0.50194E+03
    0.56533E+00    0.48227E+03
    0.57675E+00    0.46326E+03
    0.58840E+00    0.44483E+03
    0.60029E+00    0.42698E+03
    0.61242E+00    0.40982E+03
    0.62479E+00    0.39337E+03
    0.63741E+00    0.37757E+03
    0.65029E+00    0.36234E+03
    0.66342E+00    0.34765E+03
    0.67683E+00    0.33348E+03
    0.69050E+00    0.31985E+03
    0.70445E+00    0.30677E+03
    0.71868E+00    0.29420E+03
    0.73320E+00    0.28211E+03
    0.74801E+00    0.27047E+03
    0.76312E+00    0.25928E+03
    0.77854E+00    0.24851E+03
    0.79426E+00    0.23817E+03
    0.81031E+00    0.22822E+03
    0.82668E+00    0.21866E+03
    0.84338E+00    0.20948E+03
    0.86041E+00    0.20066E+03
    0.87780E+00    0.19219E+03
    0.89553E+00    0.18406E+03
    0.91362E+00    0.17625E+03
    0.93208E+00    0.16875E+03
    0.95091E+00    0.16156E+03
    0.97011E+00    0.15466E+03
    0.98971E+00    0.14803E+03
    0.10097E+01    0.14168E+03
    0.10301E+01    0.13558E+03
    0.10509E+01    0.12973E+03
    0.10721E+01    0.12412E+03
    0.10938E+01    0.11875E+03
    0.11159E+01    0.11359E+03
    0.11384E+01    0.10864E+03
    0.11614E+01    0.10390E+03
    0.11849E+01    0.99359E+02
    0.12088E+01    0.95004E+02
    0.12333E+01    0.90832E+02
    0.12582E+01    0.86835E+02
    0.12836E+01    0.83005E+02
    0.13095E+01    0.79338E+02
    0.13360E+01    0.75825E+02
    0.13630E+01    0.72462E+02
    0.13905E+01    0.69241E+02
    0.14186E+01    0.66158E+02
    0.14472E+01    0.63207E+02
    0.14765E+01    0.60383E+02
    0.15063E+01    0.57679E+02
    0.15367E+01    0.55092E+02
    0.15678E+01    0.52615E+02
    0.15994E+01    0.50245E+02
    0.16318E+01    0.47978E+02
    0.16647E+01    0.45808E+02
    0.16984E+01    0.43732E+02
    0.17327E+01    0.41746E+02
    0.17677E+01    0.39846E+02
    0.18034E+01    0.38029E+02
    0.18398E+01    0.36292E+02
    0.18770E+01    0.34632E+02
    0.19149E+01    0.33045E+02
    0.19536E+01    0.31529E+02
    0.19930E+01    0.30081E+02
    0.20333E+01    0.28699E+02
    0.20744E+01    0.27379E+02
    0.21163E+01    0.26120E+02
    0.21590E+01    0.24918E+02
