    0.10000E-03    0.45192E+03
    0.10202E-03    0.46076E+03
    0.10408E-03    0.46976E+03
    0.10618E-03    0.47894E+03
    0.10833E-03    0.48830E+03
    0.11052E-03    0.49784E+03
    0.11275E-03    0.50757E+03
    0.11503E-03    0.51749E+03
    0.11735E-03    0.52761E+03
    0.11972E-03    0.53791E+03
    0.12214E-03    0.54843E+03
    0.12461E-03    0.55914E+03
    0.12712E-03    0.57007E+03
    0.12969E-03    0.58121E+03
    0.13231E-03    0.59256E+03
    0.13499E-03    0.60414E+03
    0.13771E-03    0.61594E+03
    0.14049E-03    0.62798E+03
    0.14333E-03    0.64024E+03
    0.14623E-03    0.65275E+03
    0.14918E-03    0.66550E+03
    0.15220E-03    0.67850E+03
    0.15527E-03    0.69175E+03
    0.15841E-03    0.70526E+03
    0.16161E-03    0.71904E+03
    0.16487E-03    0.73308E+03
    0.16820E-03    0.74739E+03
    0.17160E-03    0.76199E+03
    0.17507E-03    0.77687E+03
    0.17860E-03    0.79204E+03
    0.18221E-03    0.80750E+03
    0.18589E-03    0.82326E+03
    0.18965E-03    0.83933E+03
    0.19348E-03    0.85572E+03
    0.19739E-03    0.87242E+03
    0.20138E-03    0.88945E+03
    0.20544E-03    0.90680E+03
    0.20959E-03    0.92450E+03
    0.21383E-03    0.94254E+03
    0.21815E-03    0.96093E+03
    0.22255E-03    0.97968E+03
    0.22705E-03    0.99879E+03
    0.23164E-03    0.10183E+04
    0.23632E-03    0.10381E+04
    0.24109E-03    0.10584E+04
    0.24596E-03    0.10790E+04
    0.25093E-03    0.11000E+04
    0.25600E-03    0.11215E+04
    0.26117E-03    0.11434E+04
    0.26645E-03    0.11656E+04
    0.27183E-03    0.11883E+04
    0.27732E-03    0.12115E+04
    0.28292E-03    0.12351E+04
    0.28864E-03    0.12592E+04
    0.29447E-03    0.12837E+04
    0.30042E-03    0.13087E+04
    0.30649E-03    0.13342E+04
    0.31268E-03    0.13601E+04
    0.31899E-03    0.13866E+04
    0.32544E-03    0.14136E+04
    0.33201E-03    0.14411E+04
    0.33872E-03    0.14691E+04
    0.34556E-03    0.14977E+04
    0.35254E-03    0.15268E+04
    0.35966E-03    0.15565E+04
    0.36693E-03    0.15868E+04
    0.37434E-03    0.16176E+04
    0.38190E-03    0.16490E+04
    0.38962E-03    0.16810E+04
    0.39749E-03    0.17137E+04
    0.40552E-03    0.17469E+04
    0.41371E-03    0.17808E+04
    0.42207E-03    0.18154E+04
    0.43060E-03    0.18506E+04
    0.43929E-03    0.18865E+04
    0.44817E-03    0.19230E+04
    0.45722E-03    0.19603E+04
    0.46646E-03    0.19983E+04
    0.47588E-03    0.20370E+04
    0.48550E-03    0.20764E+04
    0.49530E-03    0.21166E+04
    0.50531E-03    0.21575E+04
    0.51552E-03    0.21992E+04
    0.52593E-03    0.22417E+04
    0.53656E-03    0.22850E+04
    0.54739E-03    0.23291E+04
    0.55845E-03    0.23741E+04
    0.56973E-03    0.24199E+04
    0.58124E-03    0.24665E+04
    0.59299E-03    0.25140E+04
    0.60496E-03    0.25625E+04
    0.61719E-03    0.26118E+04
    0.62965E-03    0.26620E+04
    0.64237E-03    0.27132E+04
    0.65535E-03    0.27654E+04
    0.66859E-03    0.28185E+04
    0.68210E-03    0.28726E+04
    0.69588E-03    0.29277E+04
    0.70993E-03    0.29838E+04
    0.72427E-03    0.30410E+04
    0.73891E-03    0.30992E+04
    0.75383E-03    0.31585E+04
    0.76906E-03    0.32188E+04
    0.78460E-03    0.32803E+04
    0.80045E-03    0.33429E+04
    0.81662E-03    0.34067E+04
    0.83311E-03    0.34716E+04
    0.84994E-03    0.35377E+04
    0.86711E-03    0.36050E+04
    0.88463E-03    0.36735E+04
    0.90250E-03    0.37432E+04
    0.92073E-03    0.38142E+04
    0.93933E-03    0.38865E+04
    0.95831E-03    0.39601E+04
    0.97767E-03    0.40350E+04
    0.99742E-03    0.41112E+04
    0.10176E-02    0.41888E+04
    0.10381E-02    0.42677E+04
    0.10591E-02    0.43481E+04
    0.10805E-02    0.44298E+04
    0.11023E-02    0.45130E+04
    0.11246E-02    0.45977E+04
    0.11473E-02    0.46838E+04
    0.11705E-02    0.47714E+04
    0.11941E-02    0.48606E+04
    0.12182E-02    0.49513E+04
    0.12429E-02    0.50435E+04
    0.12680E-02    0.51373E+04
    0.12936E-02    0.52327E+04
    0.13197E-02    0.53298E+04
    0.13464E-02    0.54284E+04
    0.13736E-02    0.55288E+04
    0.14013E-02    0.56308E+04
    0.14296E-02    0.57345E+04
    0.14585E-02    0.58399E+04
    0.14880E-02    0.59471E+04
    0.15180E-02    0.60560E+04
    0.15487E-02    0.61667E+04
    0.15800E-02    0.62793E+04
    0.16119E-02    0.63936E+04
    0.16445E-02    0.65097E+04
    0.16777E-02    0.66277E+04
    0.17116E-02    0.67476E+04
    0.17462E-02    0.68694E+04
    0.17814E-02    0.69931E+04
    0.18174E-02    0.71186E+04
    0.18541E-02    0.72462E+04
    0.18916E-02    0.73757E+04
    0.19298E-02    0.75071E+04
    0.19688E-02    0.76405E+04
    0.20086E-02    0.77760E+04
    0.20491E-02    0.79134E+04
    0.20905E-02    0.80529E+04
    0.21328E-02    0.81944E+04
    0.21758E-02    0.83379E+04
    0.22198E-02    0.84835E+04
    0.22646E-02    0.86312E+04
    0.23104E-02    0.87810E+04
    0.23571E-02    0.89328E+04
    0.24047E-02    0.90867E+04
    0.24533E-02    0.92427E+04
    0.25028E-02    0.94008E+04
    0.25534E-02    0.95610E+04
    0.26050E-02    0.97233E+04
    0.26576E-02    0.98878E+04
    0.27113E-02    0.10054E+05
    0.27660E-02    0.10223E+05
    0.28219E-02    0.10394E+05
    0.28789E-02    0.10567E+05
    0.29371E-02    0.10741E+05
    0.29964E-02    0.10919E+05
    0.30569E-02    0.11098E+05
    0.31187E-02    0.11279E+05
    0.31817E-02    0.11462E+05
    0.32460E-02    0.11647E+05
    0.33115E-02    0.11835E+05
    0.33784E-02    0.12024E+05
    0.34467E-02    0.12215E+05
    0.35163E-02    0.12409E+05
    0.35874E-02    0.12604E+05
    0.36598E-02    0.12801E+05
    0.37338E-02    0.13000E+05
    0.38092E-02    0.13201E+05
    0.38861E-02    0.13404E+05
    0.39646E-02    0.13609E+05
    0.40447E-02    0.13815E+05
    0.41264E-02    0.14023E+05
    0.42098E-02    0.14233E+05
    0.42948E-02    0.14444E+05
    0.43816E-02    0.14657E+05
    0.44701E-02    0.14872E+05
    0.45604E-02    0.15088E+05
    0.46525E-02    0.15305E+05
    0.47465E-02    0.15524E+05
    0.48424E-02    0.15744E+05
    0.49402E-02    0.15966E+05
    0.50400E-02    0.16188E+05
    0.51419E-02    0.16412E+05
    0.52457E-02    0.16637E+05
    0.53517E-02    0.16862E+05
    0.54598E-02    0.17089E+05
    0.55701E-02    0.17316E+05
    0.56826E-02    0.17544E+05
    0.57974E-02    0.17773E+05
    0.59145E-02    0.18002E+05
    0.60340E-02    0.18231E+05
    0.61559E-02    0.18461E+05
    0.62803E-02    0.18691E+05
    0.64072E-02    0.18921E+05
    0.65366E-02    0.19151E+05
    0.66686E-02    0.19380E+05
    0.68033E-02    0.19609E+05
    0.69408E-02    0.19838E+05
    0.70810E-02    0.20066E+05
    0.72240E-02    0.20293E+05
    0.73700E-02    0.20519E+05
    0.75189E-02    0.20744E+05
    0.76708E-02    0.20968E+05
    0.78257E-02    0.21191E+05
    0.79838E-02    0.21411E+05
    0.81451E-02    0.21630E+05
    0.83096E-02    0.21848E+05
    0.84775E-02    0.22063E+05
    0.86488E-02    0.22275E+05
    0.88235E-02    0.22486E+05
    0.90017E-02    0.22693E+05
    0.91836E-02    0.22898E+05
    0.93691E-02    0.23099E+05
    0.95583E-02    0.23297E+05
    0.97514E-02    0.23492E+05
    0.99484E-02    0.23682E+05
    0.10149E-01    0.23869E+05
    0.10354E-01    0.24051E+05
    0.10564E-01    0.24229E+05
    0.10777E-01    0.24402E+05
    0.10995E-01    0.24570E+05
    0.11217E-01    0.24732E+05
    0.11443E-01    0.24889E+05
    0.11675E-01    0.25040E+05
    0.11910E-01    0.25185E+05
    0.12151E-01    0.25324E+05
    0.12397E-01    0.25456E+05
    0.12647E-01    0.25581E+05
    0.12902E-01    0.25698E+05
    0.13163E-01    0.25809E+05
    0.13429E-01    0.25911E+05
    0.13700E-01    0.26005E+05
    0.13977E-01    0.26091E+05
    0.14259E-01    0.26168E+05
    0.14547E-01    0.26237E+05
    0.14841E-01    0.26296E+05
    0.15141E-01    0.26345E+05
    0.15447E-01    0.26385E+05
    0.15759E-01    0.26414E+05
    0.16077E-01    0.26434E+05
    0.16402E-01    0.26442E+05
    0.16734E-01    0.26440E+05
    0.17072E-01    0.26427E+05
    0.17416E-01    0.26402E+05
    0.17768E-01    0.26366E+05
    0.18127E-01    0.26318E+05
    0.18493E-01    0.26259E+05
    0.18867E-01    0.26187E+05
    0.19248E-01    0.26103E+05
    0.19637E-01    0.26006E+05
    0.20034E-01    0.25898E+05
    0.20438E-01    0.25776E+05
    0.20851E-01    0.25643E+05
    0.21272E-01    0.25496E+05
    0.21702E-01    0.25337E+05
    0.22141E-01    0.25166E+05
    0.22588E-01    0.24982E+05
    0.23044E-01    0.24786E+05
    0.23510E-01    0.24578E+05
    0.23985E-01    0.24358E+05
    0.24469E-01    0.24126E+05
    0.24964E-01    0.23883E+05
    0.25468E-01    0.23629E+05
    0.25982E-01    0.23364E+05
    0.26507E-01    0.23089E+05
    0.27043E-01    0.22804E+05
    0.27589E-01    0.22510E+05
    0.28146E-01    0.22208E+05
    0.28715E-01    0.21897E+05
    0.29295E-01    0.21579E+05
    0.29887E-01    0.21254E+05
    0.30490E-01    0.20924E+05
    0.31106E-01    0.20588E+05
    0.31735E-01    0.20249E+05
    0.32376E-01    0.19906E+05
    0.33030E-01    0.19560E+05
    0.33697E-01    0.19213E+05
    0.34378E-01    0.18865E+05
    0.35072E-01    0.18517E+05
    0.35781E-01    0.18171E+05
    0.36504E-01    0.17826E+05
    0.37241E-01    0.17485E+05
    0.37993E-01    0.17148E+05
    0.38761E-01    0.16816E+05
    0.39544E-01    0.16490E+05
    0.40343E-01    0.16171E+05
    0.41158E-01    0.15859E+05
    0.41989E-01    0.15555E+05
    0.42838E-01    0.15258E+05
    0.43703E-01    0.14970E+05
    0.44586E-01    0.14691E+05
    0.45486E-01    0.14422E+05
    0.46405E-01    0.14165E+05
    0.47343E-01    0.13919E+05
    0.48299E-01    0.13686E+05
    0.49275E-01    0.13464E+05
    0.50270E-01    0.13254E+05
    0.51286E-01    0.13052E+05
    0.52322E-01    0.12860E+05
    0.53379E-01    0.12675E+05
    0.54457E-01    0.12497E+05
    0.55557E-01    0.12325E+05
    0.56680E-01    0.12158E+05
    0.57825E-01    0.11995E+05
    0.58993E-01    0.11835E+05
    0.60184E-01    0.11677E+05
    0.61400E-01    0.11520E+05
    0.62641E-01    0.11362E+05
    0.63906E-01    0.11201E+05
    0.65197E-01    0.11037E+05
    0.66514E-01    0.10868E+05
    0.67858E-01    0.10691E+05
    0.69229E-01    0.10504E+05
    0.70627E-01    0.10307E+05
    0.72054E-01    0.10098E+05
    0.73510E-01    0.98774E+04
    0.74994E-01    0.96438E+04
    0.76509E-01    0.93983E+04
    0.78055E-01    0.91418E+04
    0.79632E-01    0.88757E+04
    0.81241E-01    0.86022E+04
    0.82882E-01    0.83235E+04
    0.84556E-01    0.80421E+04
    0.86264E-01    0.77605E+04
    0.88007E-01    0.74814E+04
    0.89785E-01    0.72072E+04
    0.91598E-01    0.69403E+04
    0.93449E-01    0.66832E+04
    0.95337E-01    0.64382E+04
    0.97263E-01    0.62073E+04
    0.99227E-01    0.59923E+04
    0.10123E+00    0.57949E+04
    0.10328E+00    0.56161E+04
    0.10536E+00    0.54560E+04
    0.10749E+00    0.53144E+04
    0.10966E+00    0.51899E+04
    0.11188E+00    0.50801E+04
    0.11414E+00    0.49826E+04
    0.11644E+00    0.48938E+04
    0.11880E+00    0.48100E+04
    0.12120E+00    0.47274E+04
    0.12365E+00    0.46423E+04
    0.12614E+00    0.45516E+04
    0.12869E+00    0.44524E+04
    0.13129E+00    0.43429E+04
    0.13394E+00    0.42222E+04
    0.13665E+00    0.40903E+04
    0.13941E+00    0.39485E+04
    0.14223E+00    0.37985E+04
    0.14510E+00    0.36432E+04
    0.14803E+00    0.34859E+04
    0.15102E+00    0.33302E+04
    0.15407E+00    0.31801E+04
    0.15718E+00    0.30396E+04
    0.16036E+00    0.29120E+04
    0.16360E+00    0.27996E+04
    0.16690E+00    0.27029E+04
    0.17028E+00    0.26209E+04
    0.17371E+00    0.25512E+04
    0.17722E+00    0.24906E+04
    0.18080E+00    0.24356E+04
    0.18446E+00    0.23827E+04
    0.18818E+00    0.23282E+04
    0.19198E+00    0.22689E+04
    0.19586E+00    0.22021E+04
    0.19982E+00    0.21269E+04
    0.20386E+00    0.20443E+04
    0.20797E+00    0.19571E+04
    0.21218E+00    0.18685E+04
    0.21646E+00    0.17823E+04
    0.22083E+00    0.17016E+04
    0.22530E+00    0.16288E+04
    0.22985E+00    0.15654E+04
    0.23449E+00    0.15113E+04
    0.23923E+00    0.14650E+04
    0.24406E+00    0.14239E+04
    0.24899E+00    0.13851E+04
    0.25402E+00    0.13453E+04
    0.25915E+00    0.13023E+04
    0.26439E+00    0.12550E+04
    0.26973E+00    0.12043E+04
    0.27518E+00    0.11520E+04
    0.28074E+00    0.11005E+04
    0.28641E+00    0.10518E+04
    0.29219E+00    0.10079E+04
    0.29810E+00    0.96943E+03
    0.30412E+00    0.93563E+03
    0.31026E+00    0.90476E+03
    0.31653E+00    0.87491E+03
    0.32292E+00    0.84452E+03
    0.32945E+00    0.81268E+03
    0.33610E+00    0.77945E+03
    0.34289E+00    0.74595E+03
    0.34982E+00    0.71373E+03
    0.35689E+00    0.68389E+03
    0.36409E+00    0.65676E+03
    0.37145E+00    0.63204E+03
    0.37895E+00    0.60888E+03
    0.38661E+00    0.58620E+03
    0.39442E+00    0.56328E+03
    0.40239E+00    0.54015E+03
    0.41052E+00    0.51733E+03
    0.41881E+00    0.49546E+03
    0.42727E+00    0.47503E+03
    0.43590E+00    0.45606E+03
    0.44471E+00    0.43813E+03
    0.45369E+00    0.42077E+03
    0.46286E+00    0.40367E+03
    0.47221E+00    0.38680E+03
    0.48174E+00    0.37048E+03
    0.49148E+00    0.35497E+03
    0.50141E+00    0.34030E+03
    0.51153E+00    0.32638E+03
    0.52187E+00    0.31295E+03
    0.53241E+00    0.29988E+03
    0.54317E+00    0.28721E+03
    0.55414E+00    0.27503E+03
    0.56533E+00    0.26344E+03
    0.57675E+00    0.25238E+03
    0.58840E+00    0.24176E+03
    0.60029E+00    0.23149E+03
    0.61242E+00    0.22160E+03
    0.62479E+00    0.21212E+03
    0.63741E+00    0.20306E+03
    0.65029E+00    0.19438E+03
    0.66342E+00    0.18604E+03
    0.67683E+00    0.17804E+03
    0.69050E+00    0.17036E+03
    0.70445E+00    0.16299E+03
    0.71868E+00    0.15592E+03
    0.73320E+00    0.14914E+03
    0.74801E+00    0.14264E+03
    0.76312E+00    0.13641E+03
    0.77854E+00    0.13044E+03
    0.79426E+00    0.12472E+03
    0.81031E+00    0.11923E+03
    0.82668E+00    0.11398E+03
    0.84338E+00    0.10895E+03
    0.86041E+00    0.10413E+03
    0.87780E+00    0.99522E+02
    0.89553E+00    0.95105E+02
    0.91362E+00    0.90877E+02
    0.93208E+00    0.86829E+02
    0.95091E+00    0.82954E+02
    0.97011E+00    0.79245E+02
    0.98971E+00    0.75695E+02
    0.10097E+01    0.72297E+02
    0.10301E+01    0.69046E+02
    0.10509E+01    0.65936E+02
    0.10721E+01    0.62960E+02
    0.10938E+01    0.60113E+02
    0.11159E+01    0.57390E+02
    0.11384E+01    0.54786E+02
    0.11614E+01    0.52296E+02
    0.11849E+01    0.49915E+02
    0.12088E+01    0.47638E+02
    0.12333E+01    0.45462E+02
    0.12582E+01    0.43381E+02
    0.12836E+01    0.41393E+02
    0.13095E+01    0.39492E+02
    0.13360E+01    0.37676E+02
    0.13630E+01    0.35941E+02
    0.13905E+01    0.34283E+02
    0.14186E+01    0.32700E+02
    0.14472E+01    0.31187E+02
    0.14765E+01    0.29742E+02
    0.15063E+01    0.28362E+02
    0.15367E+01    0.27044E+02
    0.15678E+01    0.25786E+02
    0.15994E+01    0.24584E+02
    0.16318E+01    0.23437E+02
    0.16647E+01    0.22342E+02
    0.16984E+01    0.21297E+02
    0.17327E+01    0.20299E+02
    0.17677E+01    0.19347E+02
    0.18034E+01    0.18438E+02
    0.18398E+01    0.17570E+02
    0.18770E+01    0.16742E+02
    0.19149E+01    0.15952E+02
    0.19536E+01    0.15197E+02
    0.19930E+01    0.14478E+02
    0.20333E+01    0.13791E+02
    0.20744E+01    0.13136E+02
    0.21163E+01    0.12512E+02
    0.21590E+01    0.11916E+02
    0.22026E+01    0.11348E+02
    0.22471E+01    0.10807E+02
    0.22925E+01    0.10292E+02
    0.23388E+01    0.98004E+01
    0.23861E+01    0.93324E+01
    0.24343E+01    0.88867E+01
