    0.10000E-03    0.10734E+04
    0.10202E-03    0.10944E+04
    0.10408E-03    0.11157E+04
    0.10618E-03    0.11375E+04
    0.10833E-03    0.11597E+04
    0.11052E-03    0.11823E+04
    0.11275E-03    0.12054E+04
    0.11503E-03    0.12289E+04
    0.11735E-03    0.12529E+04
    0.11972E-03    0.12774E+04
    0.12214E-03    0.13023E+04
    0.12461E-03    0.13277E+04
    0.12712E-03    0.13536E+04
    0.12969E-03    0.13800E+04
    0.13231E-03    0.14069E+04
    0.13499E-03    0.14344E+04
    0.13771E-03    0.14624E+04
    0.14049E-03    0.14909E+04
    0.14333E-03    0.15199E+04
    0.14623E-03    0.15496E+04
    0.14918E-03    0.15798E+04
    0.15220E-03    0.16106E+04
    0.15527E-03    0.16420E+04
    0.15841E-03    0.16740E+04
    0.16161E-03    0.17066E+04
    0.16487E-03    0.17398E+04
    0.16820E-03    0.17737E+04
    0.17160E-03    0.18082E+04
    0.17507E-03    0.18434E+04
    0.17860E-03    0.18793E+04
    0.18221E-03    0.19159E+04
    0.18589E-03    0.19532E+04
    0.18965E-03    0.19912E+04
    0.19348E-03    0.20299E+04
    0.19739E-03    0.20694E+04
    0.20138E-03    0.21096E+04
    0.20544E-03    0.21507E+04
    0.20959E-03    0.21925E+04
    0.21383E-03    0.22351E+04
    0.21815E-03    0.22785E+04
    0.22255E-03    0.23227E+04
    0.22705E-03    0.23678E+04
    0.23164E-03    0.24138E+04
    0.23632E-03    0.24606E+04
    0.24109E-03    0.25083E+04
    0.24596E-03    0.25570E+04
    0.25093E-03    0.26066E+04
    0.25600E-03    0.26571E+04
    0.26117E-03    0.27086E+04
    0.26645E-03    0.27610E+04
    0.27183E-03    0.28145E+04
    0.27732E-03    0.28689E+04
    0.28292E-03    0.29244E+04
    0.28864E-03    0.29810E+04
    0.29447E-03    0.30386E+04
    0.30042E-03    0.30973E+04
    0.30649E-03    0.31571E+04
    0.31268E-03    0.32180E+04
    0.31899E-03    0.32801E+04
    0.32544E-03    0.33433E+04
    0.33201E-03    0.34078E+04
    0.33872E-03    0.34734E+04
    0.34556E-03    0.35403E+04
    0.35254E-03    0.36084E+04
    0.35966E-03    0.36778E+04
    0.36693E-03    0.37484E+04
    0.37434E-03    0.38204E+04
    0.38190E-03    0.38937E+04
    0.38962E-03    0.39684E+04
    0.39749E-03    0.40445E+04
    0.40552E-03    0.41219E+04
    0.41371E-03    0.42008E+04
    0.42207E-03    0.42811E+04
    0.43060E-03    0.43629E+04
    0.43929E-03    0.44462E+04
    0.44817E-03    0.45310E+04
    0.45722E-03    0.46173E+04
    0.46646E-03    0.47052E+04
    0.47588E-03    0.47947E+04
    0.48550E-03    0.48858E+04
    0.49530E-03    0.49786E+04
    0.50531E-03    0.50730E+04
    0.51552E-03    0.51691E+04
    0.52593E-03    0.52669E+04
    0.53656E-03    0.53665E+04
    0.54739E-03    0.54678E+04
    0.55845E-03    0.55709E+04
    0.56973E-03    0.56758E+04
    0.58124E-03    0.57826E+04
    0.59299E-03    0.58913E+04
    0.60496E-03    0.60018E+04
    0.61719E-03    0.61143E+04
    0.62965E-03    0.62287E+04
    0.64237E-03    0.63451E+04
    0.65535E-03    0.64634E+04
    0.66859E-03    0.65839E+04
    0.68210E-03    0.67063E+04
    0.69588E-03    0.68309E+04
    0.70993E-03    0.69575E+04
    0.72427E-03    0.70863E+04
    0.73891E-03    0.72172E+04
    0.75383E-03    0.73504E+04
    0.76906E-03    0.74857E+04
    0.78460E-03    0.76232E+04
    0.80045E-03    0.77631E+04
    0.81662E-03    0.79052E+04
    0.83311E-03    0.80496E+04
    0.84994E-03    0.81963E+04
    0.86711E-03    0.83454E+04
    0.88463E-03    0.84969E+04
    0.90250E-03    0.86508E+04
    0.92073E-03    0.88071E+04
    0.93933E-03    0.89658E+04
    0.95831E-03    0.91270E+04
    0.97767E-03    0.92907E+04
    0.99742E-03    0.94569E+04
    0.10176E-02    0.96256E+04
    0.10381E-02    0.97969E+04
    0.10591E-02    0.99707E+04
    0.10805E-02    0.10147E+05
    0.11023E-02    0.10326E+05
    0.11246E-02    0.10508E+05
    0.11473E-02    0.10692E+05
    0.11705E-02    0.10879E+05
    0.11941E-02    0.11068E+05
    0.12182E-02    0.11260E+05
    0.12429E-02    0.11455E+05
    0.12680E-02    0.11653E+05
    0.12936E-02    0.11853E+05
    0.13197E-02    0.12056E+05
    0.13464E-02    0.12261E+05
    0.13736E-02    0.12469E+05
    0.14013E-02    0.12680E+05
    0.14296E-02    0.12894E+05
    0.14585E-02    0.13110E+05
    0.14880E-02    0.13329E+05
    0.15180E-02    0.13550E+05
    0.15487E-02    0.13775E+05
    0.15800E-02    0.14001E+05
    0.16119E-02    0.14231E+05
    0.16445E-02    0.14463E+05
    0.16777E-02    0.14697E+05
    0.17116E-02    0.14935E+05
    0.17462E-02    0.15174E+05
    0.17814E-02    0.15417E+05
    0.18174E-02    0.15662E+05
    0.18541E-02    0.15909E+05
    0.18916E-02    0.16158E+05
    0.19298E-02    0.16410E+05
    0.19688E-02    0.16665E+05
    0.20086E-02    0.16922E+05
    0.20491E-02    0.17181E+05
    0.20905E-02    0.17442E+05
    0.21328E-02    0.17705E+05
    0.21758E-02    0.17971E+05
    0.22198E-02    0.18238E+05
    0.22646E-02    0.18508E+05
    0.23104E-02    0.18779E+05
    0.23571E-02    0.19053E+05
    0.24047E-02    0.19328E+05
    0.24533E-02    0.19605E+05
    0.25028E-02    0.19883E+05
    0.25534E-02    0.20164E+05
    0.26050E-02    0.20445E+05
    0.26576E-02    0.20728E+05
    0.27113E-02    0.21013E+05
    0.27660E-02    0.21298E+05
    0.28219E-02    0.21585E+05
    0.28789E-02    0.21873E+05
    0.29371E-02    0.22162E+05
    0.29964E-02    0.22451E+05
    0.30569E-02    0.22741E+05
    0.31187E-02    0.23032E+05
    0.31817E-02    0.23324E+05
    0.32460E-02    0.23615E+05
    0.33115E-02    0.23907E+05
    0.33784E-02    0.24199E+05
    0.34467E-02    0.24491E+05
    0.35163E-02    0.24782E+05
    0.35874E-02    0.25073E+05
    0.36598E-02    0.25364E+05
    0.37338E-02    0.25654E+05
    0.38092E-02    0.25943E+05
    0.38861E-02    0.26232E+05
    0.39646E-02    0.26519E+05
    0.40447E-02    0.26804E+05
    0.41264E-02    0.27089E+05
    0.42098E-02    0.27371E+05
    0.42948E-02    0.27652E+05
    0.43816E-02    0.27930E+05
    0.44701E-02    0.28206E+05
    0.45604E-02    0.28480E+05
    0.46525E-02    0.28752E+05
    0.47465E-02    0.29020E+05
    0.48424E-02    0.29286E+05
    0.49402E-02    0.29548E+05
    0.50400E-02    0.29807E+05
    0.51419E-02    0.30061E+05
    0.52457E-02    0.30312E+05
    0.53517E-02    0.30558E+05
    0.54598E-02    0.30799E+05
    0.55701E-02    0.31036E+05
    0.56826E-02    0.31267E+05
    0.57974E-02    0.31493E+05
    0.59145E-02    0.31713E+05
    0.60340E-02    0.31927E+05
    0.61559E-02    0.32136E+05
    0.62803E-02    0.32338E+05
    0.64072E-02    0.32533E+05
    0.65366E-02    0.32722E+05
    0.66686E-02    0.32903E+05
    0.68033E-02    0.33078E+05
    0.69408E-02    0.33244E+05
    0.70810E-02    0.33402E+05
    0.72240E-02    0.33552E+05
    0.73700E-02    0.33694E+05
    0.75189E-02    0.33826E+05
    0.76708E-02    0.33949E+05
    0.78257E-02    0.34063E+05
    0.79838E-02    0.34166E+05
    0.81451E-02    0.34260E+05
    0.83096E-02    0.34343E+05
    0.84775E-02    0.34415E+05
    0.86488E-02    0.34475E+05
    0.88235E-02    0.34525E+05
    0.90017E-02    0.34562E+05
    0.91836E-02    0.34588E+05
    0.93691E-02    0.34601E+05
    0.95583E-02    0.34601E+05
    0.97514E-02    0.34588E+05
    0.99484E-02    0.34562E+05
    0.10149E-01    0.34523E+05
    0.10354E-01    0.34469E+05
    0.10564E-01    0.34402E+05
    0.10777E-01    0.34319E+05
    0.10995E-01    0.34222E+05
    0.11217E-01    0.34110E+05
    0.11443E-01    0.33983E+05
    0.11675E-01    0.33840E+05
    0.11910E-01    0.33681E+05
    0.12151E-01    0.33506E+05
    0.12397E-01    0.33315E+05
    0.12647E-01    0.33108E+05
    0.12902E-01    0.32884E+05
    0.13163E-01    0.32643E+05
    0.13429E-01    0.32386E+05
    0.13700E-01    0.32111E+05
    0.13977E-01    0.31820E+05
    0.14259E-01    0.31512E+05
    0.14547E-01    0.31187E+05
    0.14841E-01    0.30844E+05
    0.15141E-01    0.30485E+05
    0.15447E-01    0.30109E+05
    0.15759E-01    0.29717E+05
    0.16077E-01    0.29308E+05
    0.16402E-01    0.28883E+05
    0.16734E-01    0.28443E+05
    0.17072E-01    0.27986E+05
    0.17416E-01    0.27515E+05
    0.17768E-01    0.27029E+05
    0.18127E-01    0.26529E+05
    0.18493E-01    0.26016E+05
    0.18867E-01    0.25490E+05
    0.19248E-01    0.24952E+05
    0.19637E-01    0.24402E+05
    0.20034E-01    0.23842E+05
    0.20438E-01    0.23273E+05
    0.20851E-01    0.22695E+05
    0.21272E-01    0.22110E+05
    0.21702E-01    0.21518E+05
    0.22141E-01    0.20921E+05
    0.22588E-01    0.20321E+05
    0.23044E-01    0.19717E+05
    0.23510E-01    0.19112E+05
    0.23985E-01    0.18507E+05
    0.24469E-01    0.17904E+05
    0.24964E-01    0.17303E+05
    0.25468E-01    0.16707E+05
    0.25982E-01    0.16116E+05
    0.26507E-01    0.15532E+05
    0.27043E-01    0.14958E+05
    0.27589E-01    0.14393E+05
    0.28146E-01    0.13839E+05
    0.28715E-01    0.13299E+05
    0.29295E-01    0.12772E+05
    0.29887E-01    0.12261E+05
    0.30490E-01    0.11766E+05
    0.31106E-01    0.11289E+05
    0.31735E-01    0.10830E+05
    0.32376E-01    0.10392E+05
    0.33030E-01    0.99736E+04
    0.33697E-01    0.95772E+04
    0.34378E-01    0.92028E+04
    0.35072E-01    0.88507E+04
    0.35781E-01    0.85207E+04
    0.36504E-01    0.82128E+04
    0.37241E-01    0.79267E+04
    0.37993E-01    0.76624E+04
    0.38761E-01    0.74199E+04
    0.39544E-01    0.71992E+04
    0.40343E-01    0.70005E+04
    0.41158E-01    0.68240E+04
    0.41989E-01    0.66690E+04
    0.42838E-01    0.65337E+04
    0.43703E-01    0.64164E+04
    0.44586E-01    0.63153E+04
    0.45486E-01    0.62289E+04
    0.46405E-01    0.61560E+04
    0.47343E-01    0.60953E+04
    0.48299E-01    0.60458E+04
    0.49275E-01    0.60062E+04
    0.50270E-01    0.59743E+04
    0.51286E-01    0.59474E+04
    0.52322E-01    0.59230E+04
    0.53379E-01    0.58982E+04
    0.54457E-01    0.58699E+04
    0.55557E-01    0.58352E+04
    0.56680E-01    0.57908E+04
    0.57825E-01    0.57341E+04
    0.58993E-01    0.56626E+04
    0.60184E-01    0.55739E+04
    0.61400E-01    0.54664E+04
    0.62641E-01    0.53394E+04
    0.63906E-01    0.51925E+04
    0.65197E-01    0.50261E+04
    0.66514E-01    0.48416E+04
    0.67858E-01    0.46408E+04
    0.69229E-01    0.44260E+04
    0.70627E-01    0.42003E+04
    0.72054E-01    0.39666E+04
    0.73510E-01    0.37289E+04
    0.74994E-01    0.34909E+04
    0.76509E-01    0.32566E+04
    0.78055E-01    0.30305E+04
    0.79632E-01    0.28163E+04
    0.81241E-01    0.26181E+04
    0.82882E-01    0.24390E+04
    0.84556E-01    0.22811E+04
    0.86264E-01    0.21455E+04
    0.88007E-01    0.20329E+04
    0.89785E-01    0.19432E+04
    0.91598E-01    0.18746E+04
    0.93449E-01    0.18259E+04
    0.95337E-01    0.17949E+04
    0.97263E-01    0.17791E+04
    0.99227E-01    0.17756E+04
    0.10123E+00    0.17809E+04
    0.10328E+00    0.17909E+04
    0.10536E+00    0.18015E+04
    0.10749E+00    0.18078E+04
    0.10966E+00    0.18058E+04
    0.11188E+00    0.17916E+04
    0.11414E+00    0.17625E+04
    0.11644E+00    0.17163E+04
    0.11880E+00    0.16524E+04
    0.12120E+00    0.15718E+04
    0.12365E+00    0.14777E+04
    0.12614E+00    0.13750E+04
    0.12869E+00    0.12697E+04
    0.13129E+00    0.11675E+04
    0.13394E+00    0.10731E+04
    0.13665E+00    0.98979E+03
    0.13941E+00    0.91986E+03
    0.14223E+00    0.86469E+03
    0.14510E+00    0.82490E+03
    0.14803E+00    0.79973E+03
    0.15102E+00    0.78726E+03
    0.15407E+00    0.78402E+03
    0.15718E+00    0.78591E+03
    0.16036E+00    0.78846E+03
    0.16360E+00    0.78751E+03
    0.16690E+00    0.77955E+03
    0.17028E+00    0.76202E+03
    0.17371E+00    0.73387E+03
    0.17722E+00    0.69597E+03
    0.18080E+00    0.65107E+03
    0.18446E+00    0.60322E+03
    0.18818E+00    0.55664E+03
    0.19198E+00    0.51494E+03
    0.19586E+00    0.48084E+03
    0.19982E+00    0.45574E+03
    0.20386E+00    0.43930E+03
    0.20797E+00    0.42965E+03
    0.21218E+00    0.42417E+03
    0.21646E+00    0.42006E+03
    0.22083E+00    0.41433E+03
    0.22530E+00    0.40448E+03
    0.22985E+00    0.38928E+03
    0.23449E+00    0.36928E+03
    0.23923E+00    0.34646E+03
    0.24406E+00    0.32340E+03
    0.24899E+00    0.30245E+03
    0.25402E+00    0.28534E+03
    0.25915E+00    0.27273E+03
    0.26439E+00    0.26394E+03
    0.26973E+00    0.25740E+03
    0.27518E+00    0.25129E+03
    0.28074E+00    0.24400E+03
    0.28641E+00    0.23462E+03
    0.29219E+00    0.22319E+03
    0.29810E+00    0.21072E+03
    0.30412E+00    0.19865E+03
    0.31026E+00    0.18813E+03
    0.31653E+00    0.17965E+03
    0.32292E+00    0.17290E+03
    0.32945E+00    0.16713E+03
    0.33610E+00    0.16136E+03
    0.34289E+00    0.15492E+03
    0.34982E+00    0.14774E+03
    0.35689E+00    0.14024E+03
    0.36409E+00    0.13309E+03
    0.37145E+00    0.12680E+03
    0.37895E+00    0.12139E+03
    0.38661E+00    0.11659E+03
    0.39442E+00    0.11193E+03
    0.40239E+00    0.10712E+03
    0.41052E+00    0.10213E+03
    0.41881E+00    0.97221E+02
    0.42727E+00    0.92648E+02
    0.43590E+00    0.88511E+02
    0.44471E+00    0.84716E+02
    0.45369E+00    0.81070E+02
    0.46286E+00    0.77443E+02
    0.47221E+00    0.73851E+02
    0.48174E+00    0.70418E+02
    0.49148E+00    0.67212E+02
    0.50141E+00    0.64200E+02
    0.51153E+00    0.61333E+02
    0.52187E+00    0.58554E+02
    0.53241E+00    0.55853E+02
    0.54317E+00    0.53276E+02
    0.55414E+00    0.50841E+02
    0.56533E+00    0.48522E+02
    0.57675E+00    0.46303E+02
    0.58840E+00    0.44179E+02
    0.60029E+00    0.42148E+02
    0.61242E+00    0.40204E+02
    0.62479E+00    0.38346E+02
    0.63741E+00    0.36570E+02
    0.65029E+00    0.34874E+02
    0.66342E+00    0.33253E+02
    0.67683E+00    0.31705E+02
    0.69050E+00    0.30227E+02
    0.70445E+00    0.28816E+02
    0.71868E+00    0.27470E+02
    0.73320E+00    0.26185E+02
    0.74801E+00    0.24960E+02
    0.76312E+00    0.23790E+02
    0.77854E+00    0.22673E+02
    0.79426E+00    0.21608E+02
    0.81031E+00    0.20592E+02
    0.82668E+00    0.19622E+02
    0.84338E+00    0.18697E+02
    0.86041E+00    0.17814E+02
    0.87780E+00    0.16972E+02
    0.89553E+00    0.16168E+02
    0.91362E+00    0.15402E+02
    0.93208E+00    0.14671E+02
    0.95091E+00    0.13973E+02
    0.97011E+00    0.13308E+02
    0.98971E+00    0.12674E+02
    0.10097E+01    0.12070E+02
    0.10301E+01    0.11493E+02
    0.10509E+01    0.10944E+02
    0.10721E+01    0.10420E+02
    0.10938E+01    0.99202E+01
    0.11159E+01    0.94442E+01
    0.11384E+01    0.89905E+01
    0.11614E+01    0.85581E+01
    0.11849E+01    0.81461E+01
    0.12088E+01    0.77535E+01
    0.12333E+01    0.73795E+01
    0.12582E+01    0.70231E+01
    0.12836E+01    0.66836E+01
    0.13095E+01    0.63602E+01
    0.13360E+01    0.60521E+01
    0.13630E+01    0.57586E+01
    0.13905E+01    0.54792E+01
    0.14186E+01    0.52130E+01
    0.14472E+01    0.49595E+01
    0.14765E+01    0.47180E+01
    0.15063E+01    0.44881E+01
    0.15367E+01    0.42692E+01
    0.15678E+01    0.40607E+01
    0.15994E+01    0.38622E+01
    0.16318E+01    0.36732E+01
    0.16647E+01    0.34932E+01
    0.16984E+01    0.33219E+01
    0.17327E+01    0.31588E+01
    0.17677E+01    0.30035E+01
    0.18034E+01    0.28557E+01
    0.18398E+01    0.27151E+01
    0.18770E+01    0.25813E+01
    0.19149E+01    0.24540E+01
    0.19536E+01    0.23329E+01
    0.19930E+01    0.22177E+01
    0.20333E+01    0.21082E+01
    0.20744E+01    0.20041E+01
    0.21163E+01    0.19051E+01
