    0.10000E-03    0.31482E+03
    0.10202E-03    0.32097E+03
    0.10408E-03    0.32725E+03
    0.10618E-03    0.33364E+03
    0.10833E-03    0.34016E+03
    0.11052E-03    0.34681E+03
    0.11275E-03    0.35359E+03
    0.11503E-03    0.36050E+03
    0.11735E-03    0.36755E+03
    0.11972E-03    0.37473E+03
    0.12214E-03    0.38206E+03
    0.12461E-03    0.38952E+03
    0.12712E-03    0.39714E+03
    0.12969E-03    0.40490E+03
    0.13231E-03    0.41281E+03
    0.13499E-03    0.42088E+03
    0.13771E-03    0.42910E+03
    0.14049E-03    0.43749E+03
    0.14333E-03    0.44604E+03
    0.14623E-03    0.45475E+03
    0.14918E-03    0.46364E+03
    0.15220E-03    0.47270E+03
    0.15527E-03    0.48193E+03
    0.15841E-03    0.49135E+03
    0.16161E-03    0.50095E+03
    0.16487E-03    0.51074E+03
    0.16820E-03    0.52071E+03
    0.17160E-03    0.53089E+03
    0.17507E-03    0.54126E+03
    0.17860E-03    0.55183E+03
    0.18221E-03    0.56261E+03
    0.18589E-03    0.57360E+03
    0.18965E-03    0.58480E+03
    0.19348E-03    0.59622E+03
    0.19739E-03    0.60786E+03
    0.20138E-03    0.61973E+03
    0.20544E-03    0.63183E+03
    0.20959E-03    0.64417E+03
    0.21383E-03    0.65675E+03
    0.21815E-03    0.66957E+03
    0.22255E-03    0.68264E+03
    0.22705E-03    0.69597E+03
    0.23164E-03    0.70955E+03
    0.23632E-03    0.72340E+03
    0.24109E-03    0.73752E+03
    0.24596E-03    0.75191E+03
    0.25093E-03    0.76658E+03
    0.25600E-03    0.78154E+03
    0.26117E-03    0.79679E+03
    0.26645E-03    0.81233E+03
    0.27183E-03    0.82818E+03
    0.27732E-03    0.84433E+03
    0.28292E-03    0.86080E+03
    0.28864E-03    0.87758E+03
    0.29447E-03    0.89469E+03
    0.30042E-03    0.91213E+03
    0.30649E-03    0.92992E+03
    0.31268E-03    0.94804E+03
    0.31899E-03    0.96652E+03
    0.32544E-03    0.98535E+03
    0.33201E-03    0.10045E+04
    0.33872E-03    0.10241E+04
    0.34556E-03    0.10441E+04
    0.35254E-03    0.10644E+04
    0.35966E-03    0.10851E+04
    0.36693E-03    0.11062E+04
    0.37434E-03    0.11278E+04
    0.38190E-03    0.11497E+04
    0.38962E-03    0.11721E+04
    0.39749E-03    0.11949E+04
    0.40552E-03    0.12181E+04
    0.41371E-03    0.12418E+04
    0.42207E-03    0.12660E+04
    0.43060E-03    0.12906E+04
    0.43929E-03    0.13157E+04
    0.44817E-03    0.13412E+04
    0.45722E-03    0.13673E+04
    0.46646E-03    0.13938E+04
    0.47588E-03    0.14209E+04
    0.48550E-03    0.14485E+04
    0.49530E-03    0.14766E+04
    0.50531E-03    0.15052E+04
    0.51552E-03    0.15344E+04
    0.52593E-03    0.15642E+04
    0.53656E-03    0.15945E+04
    0.54739E-03    0.16254E+04
    0.55845E-03    0.16569E+04
    0.56973E-03    0.16889E+04
    0.58124E-03    0.17216E+04
    0.59299E-03    0.17549E+04
    0.60496E-03    0.17889E+04
    0.61719E-03    0.18235E+04
    0.62965E-03    0.18587E+04
    0.64237E-03    0.18946E+04
    0.65535E-03    0.19312E+04
    0.66859E-03    0.19684E+04
    0.68210E-03    0.20064E+04
    0.69588E-03    0.20451E+04
    0.70993E-03    0.20845E+04
    0.72427E-03    0.21247E+04
    0.73891E-03    0.21656E+04
    0.75383E-03    0.22072E+04
    0.76906E-03    0.22497E+04
    0.78460E-03    0.22929E+04
    0.80045E-03    0.23369E+04
    0.81662E-03    0.23818E+04
    0.83311E-03    0.24275E+04
    0.84994E-03    0.24740E+04
    0.86711E-03    0.25214E+04
    0.88463E-03    0.25697E+04
    0.90250E-03    0.26189E+04
    0.92073E-03    0.26690E+04
    0.93933E-03    0.27199E+04
    0.95831E-03    0.27719E+04
    0.97767E-03    0.28247E+04
    0.99742E-03    0.28786E+04
    0.10176E-02    0.29334E+04
    0.10381E-02    0.29892E+04
    0.10591E-02    0.30460E+04
    0.10805E-02    0.31039E+04
    0.11023E-02    0.31628E+04
    0.11246E-02    0.32228E+04
    0.11473E-02    0.32838E+04
    0.11705E-02    0.33459E+04
    0.11941E-02    0.34092E+04
    0.12182E-02    0.34735E+04
    0.12429E-02    0.35390E+04
    0.12680E-02    0.36057E+04
    0.12936E-02    0.36735E+04
    0.13197E-02    0.37426E+04
    0.13464E-02    0.38128E+04
    0.13736E-02    0.38843E+04
    0.14013E-02    0.39570E+04
    0.14296E-02    0.40310E+04
    0.14585E-02    0.41062E+04
    0.14880E-02    0.41828E+04
    0.15180E-02    0.42607E+04
    0.15487E-02    0.43399E+04
    0.15800E-02    0.44204E+04
    0.16119E-02    0.45023E+04
    0.16445E-02    0.45856E+04
    0.16777E-02    0.46703E+04
    0.17116E-02    0.47564E+04
    0.17462E-02    0.48440E+04
    0.17814E-02    0.49330E+04
    0.18174E-02    0.50234E+04
    0.18541E-02    0.51154E+04
    0.18916E-02    0.52088E+04
    0.19298E-02    0.53038E+04
    0.19688E-02    0.54002E+04
    0.20086E-02    0.54983E+04
    0.20491E-02    0.55979E+04
    0.20905E-02    0.56990E+04
    0.21328E-02    0.58018E+04
    0.21758E-02    0.59062E+04
    0.22198E-02    0.60121E+04
    0.22646E-02    0.61198E+04
    0.23104E-02    0.62290E+04
    0.23571E-02    0.63399E+04
    0.24047E-02    0.64525E+04
    0.24533E-02    0.65668E+04
    0.25028E-02    0.66828E+04
    0.25534E-02    0.68004E+04
    0.26050E-02    0.69198E+04
    0.26576E-02    0.70409E+04
    0.27113E-02    0.71638E+04
    0.27660E-02    0.72884E+04
    0.28219E-02    0.74147E+04
    0.28789E-02    0.75428E+04
    0.29371E-02    0.76727E+04
    0.29964E-02    0.78043E+04
    0.30569E-02    0.79377E+04
    0.31187E-02    0.80728E+04
    0.31817E-02    0.82098E+04
    0.32460E-02    0.83485E+04
    0.33115E-02    0.84890E+04
    0.33784E-02    0.86312E+04
    0.34467E-02    0.87753E+04
    0.35163E-02    0.89211E+04
    0.35874E-02    0.90687E+04
    0.36598E-02    0.92180E+04
    0.37338E-02    0.93691E+04
    0.38092E-02    0.95220E+04
    0.38861E-02    0.96766E+04
    0.39646E-02    0.98329E+04
    0.40447E-02    0.99909E+04
    0.41264E-02    0.10151E+05
    0.42098E-02    0.10312E+05
    0.42948E-02    0.10475E+05
    0.43816E-02    0.10640E+05
    0.44701E-02    0.10806E+05
    0.45604E-02    0.10974E+05
    0.46525E-02    0.11144E+05
    0.47465E-02    0.11315E+05
    0.48424E-02    0.11487E+05
    0.49402E-02    0.11661E+05
    0.50400E-02    0.11837E+05
    0.51419E-02    0.12014E+05
    0.52457E-02    0.12192E+05
    0.53517E-02    0.12372E+05
    0.54598E-02    0.12552E+05
    0.55701E-02    0.12735E+05
    0.56826E-02    0.12918E+05
    0.57974E-02    0.13102E+05
    0.59145E-02    0.13288E+05
    0.60340E-02    0.13475E+05
    0.61559E-02    0.13662E+05
    0.62803E-02    0.13851E+05
    0.64072E-02    0.14040E+05
    0.65366E-02    0.14230E+05
    0.66686E-02    0.14421E+05
    0.68033E-02    0.14612E+05
    0.69408E-02    0.14804E+05
    0.70810E-02    0.14996E+05
    0.72240E-02    0.15189E+05
    0.73700E-02    0.15382E+05
    0.75189E-02    0.15574E+05
    0.76708E-02    0.15767E+05
    0.78257E-02    0.15960E+05
    0.79838E-02    0.16153E+05
    0.81451E-02    0.16345E+05
    0.83096E-02    0.16537E+05
    0.84775E-02    0.16729E+05
    0.86488E-02    0.16920E+05
    0.88235E-02    0.17110E+05
    0.90017E-02    0.17299E+05
    0.91836E-02    0.17487E+05
    0.93691E-02    0.17674E+05
    0.95583E-02    0.17859E+05
    0.97514E-02    0.18043E+05
    0.99484E-02    0.18226E+05
    0.10149E-01    0.18406E+05
    0.10354E-01    0.18585E+05
    0.10564E-01    0.18761E+05
    0.10777E-01    0.18935E+05
    0.10995E-01    0.19107E+05
    0.11217E-01    0.19276E+05
    0.11443E-01    0.19441E+05
    0.11675E-01    0.19604E+05
    0.11910E-01    0.19764E+05
    0.12151E-01    0.19920E+05
    0.12397E-01    0.20072E+05
    0.12647E-01    0.20220E+05
    0.12902E-01    0.20364E+05
    0.13163E-01    0.20504E+05
    0.13429E-01    0.20639E+05
    0.13700E-01    0.20769E+05
    0.13977E-01    0.20894E+05
    0.14259E-01    0.21014E+05
    0.14547E-01    0.21128E+05
    0.14841E-01    0.21237E+05
    0.15141E-01    0.21340E+05
    0.15447E-01    0.21436E+05
    0.15759E-01    0.21526E+05
    0.16077E-01    0.21609E+05
    0.16402E-01    0.21685E+05
    0.16734E-01    0.21753E+05
    0.17072E-01    0.21815E+05
    0.17416E-01    0.21869E+05
    0.17768E-01    0.21914E+05
    0.18127E-01    0.21952E+05
    0.18493E-01    0.21981E+05
    0.18867E-01    0.22002E+05
    0.19248E-01    0.22014E+05
    0.19637E-01    0.22017E+05
    0.20034E-01    0.22011E+05
    0.20438E-01    0.21996E+05
    0.20851E-01    0.21971E+05
    0.21272E-01    0.21936E+05
    0.21702E-01    0.21892E+05
    0.22141E-01    0.21838E+05
    0.22588E-01    0.21775E+05
    0.23044E-01    0.21701E+05
    0.23510E-01    0.21617E+05
    0.23985E-01    0.21524E+05
    0.24469E-01    0.21420E+05
    0.24964E-01    0.21307E+05
    0.25468E-01    0.21184E+05
    0.25982E-01    0.21050E+05
    0.26507E-01    0.20908E+05
    0.27043E-01    0.20756E+05
    0.27589E-01    0.20595E+05
    0.28146E-01    0.20424E+05
    0.28715E-01    0.20245E+05
    0.29295E-01    0.20058E+05
    0.29887E-01    0.19863E+05
    0.30490E-01    0.19660E+05
    0.31106E-01    0.19450E+05
    0.31735E-01    0.19233E+05
    0.32376E-01    0.19010E+05
    0.33030E-01    0.18781E+05
    0.33697E-01    0.18547E+05
    0.34378E-01    0.18309E+05
    0.35072E-01    0.18066E+05
    0.35781E-01    0.17820E+05
    0.36504E-01    0.17572E+05
    0.37241E-01    0.17322E+05
    0.37993E-01    0.17071E+05
    0.38761E-01    0.16820E+05
    0.39544E-01    0.16568E+05
    0.40343E-01    0.16317E+05
    0.41158E-01    0.16067E+05
    0.41989E-01    0.15819E+05
    0.42838E-01    0.15573E+05
    0.43703E-01    0.15331E+05
    0.44586E-01    0.15093E+05
    0.45486E-01    0.14860E+05
    0.46405E-01    0.14632E+05
    0.47343E-01    0.14410E+05
    0.48299E-01    0.14195E+05
    0.49275E-01    0.13986E+05
    0.50270E-01    0.13784E+05
    0.51286E-01    0.13589E+05
    0.52322E-01    0.13401E+05
    0.53379E-01    0.13219E+05
    0.54457E-01    0.13042E+05
    0.55557E-01    0.12871E+05
    0.56680E-01    0.12704E+05
    0.57825E-01    0.12542E+05
    0.58993E-01    0.12382E+05
    0.60184E-01    0.12226E+05
    0.61400E-01    0.12071E+05
    0.62641E-01    0.11916E+05
    0.63906E-01    0.11762E+05
    0.65197E-01    0.11607E+05
    0.66514E-01    0.11450E+05
    0.67858E-01    0.11289E+05
    0.69229E-01    0.11125E+05
    0.70627E-01    0.10955E+05
    0.72054E-01    0.10780E+05
    0.73510E-01    0.10597E+05
    0.74994E-01    0.10406E+05
    0.76509E-01    0.10207E+05
    0.78055E-01    0.99999E+04
    0.79632E-01    0.97836E+04
    0.81241E-01    0.95586E+04
    0.82882E-01    0.93249E+04
    0.84556E-01    0.90838E+04
    0.86264E-01    0.88367E+04
    0.88007E-01    0.85853E+04
    0.89785E-01    0.83317E+04
    0.91598E-01    0.80781E+04
    0.93449E-01    0.78265E+04
    0.95337E-01    0.75792E+04
    0.97263E-01    0.73384E+04
    0.99227E-01    0.71060E+04
    0.10123E+00    0.68838E+04
    0.10328E+00    0.66735E+04
    0.10536E+00    0.64763E+04
    0.10749E+00    0.62933E+04
    0.10966E+00    0.61248E+04
    0.11188E+00    0.59707E+04
    0.11414E+00    0.58307E+04
    0.11644E+00    0.57031E+04
    0.11880E+00    0.55861E+04
    0.12120E+00    0.54775E+04
    0.12365E+00    0.53745E+04
    0.12614E+00    0.52742E+04
    0.12869E+00    0.51739E+04
    0.13129E+00    0.50709E+04
    0.13394E+00    0.49629E+04
    0.13665E+00    0.48481E+04
    0.13941E+00    0.47252E+04
    0.14223E+00    0.45937E+04
    0.14510E+00    0.44539E+04
    0.14803E+00    0.43069E+04
    0.15102E+00    0.41548E+04
    0.15407E+00    0.40001E+04
    0.15718E+00    0.38457E+04
    0.16036E+00    0.36949E+04
    0.16360E+00    0.35505E+04
    0.16690E+00    0.34155E+04
    0.17028E+00    0.32921E+04
    0.17371E+00    0.31814E+04
    0.17722E+00    0.30837E+04
    0.18080E+00    0.29977E+04
    0.18446E+00    0.29210E+04
    0.18818E+00    0.28507E+04
    0.19198E+00    0.27837E+04
    0.19586E+00    0.27170E+04
    0.19982E+00    0.26481E+04
    0.20386E+00    0.25746E+04
    0.20797E+00    0.24952E+04
    0.21218E+00    0.24096E+04
    0.21646E+00    0.23190E+04
    0.22083E+00    0.22262E+04
    0.22530E+00    0.21344E+04
    0.22985E+00    0.20465E+04
    0.23449E+00    0.19649E+04
    0.23923E+00    0.18910E+04
    0.24406E+00    0.18252E+04
    0.24899E+00    0.17670E+04
    0.25402E+00    0.17146E+04
    0.25915E+00    0.16656E+04
    0.26439E+00    0.16174E+04
    0.26973E+00    0.15679E+04
    0.27518E+00    0.15155E+04
    0.28074E+00    0.14599E+04
    0.28641E+00    0.14024E+04
    0.29219E+00    0.13449E+04
    0.29810E+00    0.12897E+04
    0.30412E+00    0.12383E+04
    0.31026E+00    0.11914E+04
    0.31653E+00    0.11491E+04
    0.32292E+00    0.11105E+04
    0.32945E+00    0.10739E+04
    0.33610E+00    0.10376E+04
    0.34289E+00    0.10006E+04
    0.34982E+00    0.96262E+03
    0.35689E+00    0.92422E+03
    0.36409E+00    0.88659E+03
    0.37145E+00    0.85085E+03
    0.37895E+00    0.81768E+03
    0.38661E+00    0.78704E+03
    0.39442E+00    0.75836E+03
    0.40239E+00    0.73073E+03
    0.41052E+00    0.70336E+03
    0.41881E+00    0.67597E+03
    0.42727E+00    0.64884E+03
    0.43590E+00    0.62252E+03
    0.44471E+00    0.59750E+03
    0.45369E+00    0.57401E+03
    0.46286E+00    0.55184E+03
    0.47221E+00    0.53052E+03
    0.48174E+00    0.50969E+03
    0.49148E+00    0.48926E+03
    0.50141E+00    0.46936E+03
    0.51153E+00    0.45022E+03
    0.52187E+00    0.43204E+03
    0.53241E+00    0.41473E+03
    0.54317E+00    0.39809E+03
    0.55414E+00    0.38199E+03
    0.56533E+00    0.36634E+03
    0.57675E+00    0.35123E+03
    0.58840E+00    0.33678E+03
    0.60029E+00    0.32295E+03
    0.61242E+00    0.30968E+03
    0.62479E+00    0.29689E+03
    0.63741E+00    0.28454E+03
    0.65029E+00    0.27266E+03
    0.66342E+00    0.26128E+03
    0.67683E+00    0.25036E+03
    0.69050E+00    0.23987E+03
    0.70445E+00    0.22979E+03
    0.71868E+00    0.22010E+03
    0.73320E+00    0.21080E+03
    0.74801E+00    0.20186E+03
    0.76312E+00    0.19328E+03
    0.77854E+00    0.18504E+03
    0.79426E+00    0.17713E+03
    0.81031E+00    0.16953E+03
    0.82668E+00    0.16225E+03
    0.84338E+00    0.15527E+03
    0.86041E+00    0.14857E+03
    0.87780E+00    0.14214E+03
    0.89553E+00    0.13598E+03
    0.91362E+00    0.13008E+03
    0.93208E+00    0.12441E+03
    0.95091E+00    0.11899E+03
    0.97011E+00    0.11379E+03
    0.98971E+00    0.10880E+03
    0.10097E+01    0.10403E+03
    0.10301E+01    0.99453E+02
    0.10509E+01    0.95069E+02
    0.10721E+01    0.90870E+02
    0.10938E+01    0.86848E+02
    0.11159E+01    0.82996E+02
    0.11384E+01    0.79307E+02
    0.11614E+01    0.75775E+02
    0.11849E+01    0.72394E+02
    0.12088E+01    0.69158E+02
    0.12333E+01    0.66060E+02
    0.12582E+01    0.63096E+02
    0.12836E+01    0.60260E+02
    0.13095E+01    0.57547E+02
    0.13360E+01    0.54951E+02
    0.13630E+01    0.52469E+02
    0.13905E+01    0.50094E+02
    0.14186E+01    0.47823E+02
    0.14472E+01    0.45652E+02
    0.14765E+01    0.43575E+02
    0.15063E+01    0.41589E+02
    0.15367E+01    0.39690E+02
    0.15678E+01    0.37874E+02
    0.15994E+01    0.36139E+02
    0.16318E+01    0.34479E+02
    0.16647E+01    0.32893E+02
    0.16984E+01    0.31377E+02
    0.17327E+01    0.29928E+02
    0.17677E+01    0.28544E+02
    0.18034E+01    0.27222E+02
    0.18398E+01    0.25959E+02
    0.18770E+01    0.24754E+02
    0.19149E+01    0.23604E+02
    0.19536E+01    0.22506E+02
    0.19930E+01    0.21459E+02
    0.20333E+01    0.20460E+02
    0.20744E+01    0.19508E+02
