    0.10000E-03    0.40381E+03
    0.10202E-03    0.41170E+03
    0.10408E-03    0.41975E+03
    0.10618E-03    0.42795E+03
    0.10833E-03    0.43631E+03
    0.11052E-03    0.44484E+03
    0.11275E-03    0.45353E+03
    0.11503E-03    0.46240E+03
    0.11735E-03    0.47143E+03
    0.11972E-03    0.48065E+03
    0.12214E-03    0.49004E+03
    0.12461E-03    0.49962E+03
    0.12712E-03    0.50938E+03
    0.12969E-03    0.51933E+03
    0.13231E-03    0.52948E+03
    0.13499E-03    0.53982E+03
    0.13771E-03    0.55037E+03
    0.14049E-03    0.56112E+03
    0.14333E-03    0.57208E+03
    0.14623E-03    0.58326E+03
    0.14918E-03    0.59465E+03
    0.15220E-03    0.60627E+03
    0.15527E-03    0.61811E+03
    0.15841E-03    0.63019E+03
    0.16161E-03    0.64249E+03
    0.16487E-03    0.65504E+03
    0.16820E-03    0.66784E+03
    0.17160E-03    0.68088E+03
    0.17507E-03    0.69417E+03
    0.17860E-03    0.70773E+03
    0.18221E-03    0.72155E+03
    0.18589E-03    0.73563E+03
    0.18965E-03    0.75000E+03
    0.19348E-03    0.76464E+03
    0.19739E-03    0.77956E+03
    0.20138E-03    0.79478E+03
    0.20544E-03    0.81029E+03
    0.20959E-03    0.82611E+03
    0.21383E-03    0.84223E+03
    0.21815E-03    0.85866E+03
    0.22255E-03    0.87541E+03
    0.22705E-03    0.89249E+03
    0.23164E-03    0.90990E+03
    0.23632E-03    0.92765E+03
    0.24109E-03    0.94575E+03
    0.24596E-03    0.96419E+03
    0.25093E-03    0.98299E+03
    0.25600E-03    0.10022E+04
    0.26117E-03    0.10217E+04
    0.26645E-03    0.10416E+04
    0.27183E-03    0.10619E+04
    0.27732E-03    0.10826E+04
    0.28292E-03    0.11037E+04
    0.28864E-03    0.11252E+04
    0.29447E-03    0.11471E+04
    0.30042E-03    0.11695E+04
    0.30649E-03    0.11922E+04
    0.31268E-03    0.12155E+04
    0.31899E-03    0.12391E+04
    0.32544E-03    0.12632E+04
    0.33201E-03    0.12878E+04
    0.33872E-03    0.13129E+04
    0.34556E-03    0.13384E+04
    0.35254E-03    0.13645E+04
    0.35966E-03    0.13910E+04
    0.36693E-03    0.14180E+04
    0.37434E-03    0.14456E+04
    0.38190E-03    0.14737E+04
    0.38962E-03    0.15023E+04
    0.39749E-03    0.15315E+04
    0.40552E-03    0.15612E+04
    0.41371E-03    0.15915E+04
    0.42207E-03    0.16224E+04
    0.43060E-03    0.16539E+04
    0.43929E-03    0.16860E+04
    0.44817E-03    0.17187E+04
    0.45722E-03    0.17520E+04
    0.46646E-03    0.17860E+04
    0.47588E-03    0.18205E+04
    0.48550E-03    0.18558E+04
    0.49530E-03    0.18917E+04
    0.50531E-03    0.19283E+04
    0.51552E-03    0.19656E+04
    0.52593E-03    0.20036E+04
    0.53656E-03    0.20424E+04
    0.54739E-03    0.20818E+04
    0.55845E-03    0.21220E+04
    0.56973E-03    0.21630E+04
    0.58124E-03    0.22047E+04
    0.59299E-03    0.22472E+04
    0.60496E-03    0.22906E+04
    0.61719E-03    0.23347E+04
    0.62965E-03    0.23797E+04
    0.64237E-03    0.24254E+04
    0.65535E-03    0.24721E+04
    0.66859E-03    0.25196E+04
    0.68210E-03    0.25680E+04
    0.69588E-03    0.26173E+04
    0.70993E-03    0.26676E+04
    0.72427E-03    0.27187E+04
    0.73891E-03    0.27708E+04
    0.75383E-03    0.28239E+04
    0.76906E-03    0.28779E+04
    0.78460E-03    0.29329E+04
    0.80045E-03    0.29890E+04
    0.81662E-03    0.30461E+04
    0.83311E-03    0.31042E+04
    0.84994E-03    0.31633E+04
    0.86711E-03    0.32236E+04
    0.88463E-03    0.32849E+04
    0.90250E-03    0.33474E+04
    0.92073E-03    0.34110E+04
    0.93933E-03    0.34757E+04
    0.95831E-03    0.35416E+04
    0.97767E-03    0.36087E+04
    0.99742E-03    0.36770E+04
    0.10176E-02    0.37465E+04
    0.10381E-02    0.38172E+04
    0.10591E-02    0.38892E+04
    0.10805E-02    0.39625E+04
    0.11023E-02    0.40371E+04
    0.11246E-02    0.41130E+04
    0.11473E-02    0.41902E+04
    0.11705E-02    0.42687E+04
    0.11941E-02    0.43486E+04
    0.12182E-02    0.44299E+04
    0.12429E-02    0.45127E+04
    0.12680E-02    0.45968E+04
    0.12936E-02    0.46824E+04
    0.13197E-02    0.47694E+04
    0.13464E-02    0.48580E+04
    0.13736E-02    0.49480E+04
    0.14013E-02    0.50395E+04
    0.14296E-02    0.51326E+04
    0.14585E-02    0.52272E+04
    0.14880E-02    0.53234E+04
    0.15180E-02    0.54212E+04
    0.15487E-02    0.55207E+04
    0.15800E-02    0.56217E+04
    0.16119E-02    0.57244E+04
    0.16445E-02    0.58287E+04
    0.16777E-02    0.59348E+04
    0.17116E-02    0.60425E+04
    0.17462E-02    0.61519E+04
    0.17814E-02    0.62631E+04
    0.18174E-02    0.63760E+04
    0.18541E-02    0.64907E+04
    0.18916E-02    0.66072E+04
    0.19298E-02    0.67254E+04
    0.19688E-02    0.68455E+04
    0.20086E-02    0.69673E+04
    0.20491E-02    0.70911E+04
    0.20905E-02    0.72166E+04
    0.21328E-02    0.73440E+04
    0.21758E-02    0.74733E+04
    0.22198E-02    0.76045E+04
    0.22646E-02    0.77375E+04
    0.23104E-02    0.78725E+04
    0.23571E-02    0.80093E+04
    0.24047E-02    0.81481E+04
    0.24533E-02    0.82888E+04
    0.25028E-02    0.84315E+04
    0.25534E-02    0.85760E+04
    0.26050E-02    0.87225E+04
    0.26576E-02    0.88710E+04
    0.27113E-02    0.90213E+04
    0.27660E-02    0.91737E+04
    0.28219E-02    0.93279E+04
    0.28789E-02    0.94842E+04
    0.29371E-02    0.96423E+04
    0.29964E-02    0.98024E+04
    0.30569E-02    0.99644E+04
    0.31187E-02    0.10128E+05
    0.31817E-02    0.10294E+05
    0.32460E-02    0.10462E+05
    0.33115E-02    0.10632E+05
    0.33784E-02    0.10803E+05
    0.34467E-02    0.10977E+05
    0.35163E-02    0.11152E+05
    0.35874E-02    0.11329E+05
    0.36598E-02    0.11508E+05
    0.37338E-02    0.11689E+05
    0.38092E-02    0.11871E+05
    0.38861E-02    0.12055E+05
    0.39646E-02    0.12241E+05
    0.40447E-02    0.12429E+05
    0.41264E-02    0.12618E+05
    0.42098E-02    0.12809E+05
    0.42948E-02    0.13002E+05
    0.43816E-02    0.13196E+05
    0.44701E-02    0.13391E+05
    0.45604E-02    0.13588E+05
    0.46525E-02    0.13787E+05
    0.47465E-02    0.13986E+05
    0.48424E-02    0.14187E+05
    0.49402E-02    0.14390E+05
    0.50400E-02    0.14593E+05
    0.51419E-02    0.14798E+05
    0.52457E-02    0.15003E+05
    0.53517E-02    0.15210E+05
    0.54598E-02    0.15417E+05
    0.55701E-02    0.15626E+05
    0.56826E-02    0.15835E+05
    0.57974E-02    0.16045E+05
    0.59145E-02    0.16255E+05
    0.60340E-02    0.16466E+05
    0.61559E-02    0.16678E+05
    0.62803E-02    0.16889E+05
    0.64072E-02    0.17101E+05
    0.65366E-02    0.17313E+05
    0.66686E-02    0.17525E+05
    0.68033E-02    0.17737E+05
    0.69408E-02    0.17948E+05
    0.70810E-02    0.18159E+05
    0.72240E-02    0.18370E+05
    0.73700E-02    0.18580E+05
    0.75189E-02    0.18789E+05
    0.76708E-02    0.18997E+05
    0.78257E-02    0.19204E+05
    0.79838E-02    0.19409E+05
    0.81451E-02    0.19614E+05
    0.83096E-02    0.19816E+05
    0.84775E-02    0.20018E+05
    0.86488E-02    0.20217E+05
    0.88235E-02    0.20414E+05
    0.90017E-02    0.20609E+05
    0.91836E-02    0.20802E+05
    0.93691E-02    0.20992E+05
    0.95583E-02    0.21179E+05
    0.97514E-02    0.21363E+05
    0.99484E-02    0.21544E+05
    0.10149E-01    0.21721E+05
    0.10354E-01    0.21895E+05
    0.10564E-01    0.22065E+05
    0.10777E-01    0.22231E+05
    0.10995E-01    0.22392E+05
    0.11217E-01    0.22549E+05
    0.11443E-01    0.22701E+05
    0.11675E-01    0.22848E+05
    0.11910E-01    0.22990E+05
    0.12151E-01    0.23126E+05
    0.12397E-01    0.23257E+05
    0.12647E-01    0.23381E+05
    0.12902E-01    0.23499E+05
    0.13163E-01    0.23611E+05
    0.13429E-01    0.23715E+05
    0.13700E-01    0.23813E+05
    0.13977E-01    0.23903E+05
    0.14259E-01    0.23985E+05
    0.14547E-01    0.24060E+05
    0.14841E-01    0.24126E+05
    0.15141E-01    0.24184E+05
    0.15447E-01    0.24234E+05
    0.15759E-01    0.24274E+05
    0.16077E-01    0.24305E+05
    0.16402E-01    0.24327E+05
    0.16734E-01    0.24339E+05
    0.17072E-01    0.24341E+05
    0.17416E-01    0.24333E+05
    0.17768E-01    0.24315E+05
    0.18127E-01    0.24286E+05
    0.18493E-01    0.24246E+05
    0.18867E-01    0.24196E+05
    0.19248E-01    0.24134E+05
    0.19637E-01    0.24062E+05
    0.20034E-01    0.23978E+05
    0.20438E-01    0.23883E+05
    0.20851E-01    0.23776E+05
    0.21272E-01    0.23658E+05
    0.21702E-01    0.23528E+05
    0.22141E-01    0.23387E+05
    0.22588E-01    0.23234E+05
    0.23044E-01    0.23070E+05
    0.23510E-01    0.22895E+05
    0.23985E-01    0.22709E+05
    0.24469E-01    0.22512E+05
    0.24964E-01    0.22304E+05
    0.25468E-01    0.22086E+05
    0.25982E-01    0.21858E+05
    0.26507E-01    0.21620E+05
    0.27043E-01    0.21373E+05
    0.27589E-01    0.21117E+05
    0.28146E-01    0.20852E+05
    0.28715E-01    0.20580E+05
    0.29295E-01    0.20301E+05
    0.29887E-01    0.20014E+05
    0.30490E-01    0.19722E+05
    0.31106E-01    0.19424E+05
    0.31735E-01    0.19122E+05
    0.32376E-01    0.18816E+05
    0.33030E-01    0.18507E+05
    0.33697E-01    0.18195E+05
    0.34378E-01    0.17882E+05
    0.35072E-01    0.17569E+05
    0.35781E-01    0.17256E+05
    0.36504E-01    0.16943E+05
    0.37241E-01    0.16633E+05
    0.37993E-01    0.16326E+05
    0.38761E-01    0.16022E+05
    0.39544E-01    0.15724E+05
    0.40343E-01    0.15430E+05
    0.41158E-01    0.15143E+05
    0.41989E-01    0.14862E+05
    0.42838E-01    0.14587E+05
    0.43703E-01    0.14319E+05
    0.44586E-01    0.14059E+05
    0.45486E-01    0.13807E+05
    0.46405E-01    0.13565E+05
    0.47343E-01    0.13333E+05
    0.48299E-01    0.13112E+05
    0.49275E-01    0.12902E+05
    0.50270E-01    0.12701E+05
    0.51286E-01    0.12510E+05
    0.52322E-01    0.12326E+05
    0.53379E-01    0.12150E+05
    0.54457E-01    0.11980E+05
    0.55557E-01    0.11815E+05
    0.56680E-01    0.11655E+05
    0.57825E-01    0.11500E+05
    0.58993E-01    0.11347E+05
    0.60184E-01    0.11196E+05
    0.61400E-01    0.11046E+05
    0.62641E-01    0.10895E+05
    0.63906E-01    0.10742E+05
    0.65197E-01    0.10587E+05
    0.66514E-01    0.10428E+05
    0.67858E-01    0.10264E+05
    0.69229E-01    0.10091E+05
    0.70627E-01    0.99100E+04
    0.72054E-01    0.97185E+04
    0.73510E-01    0.95159E+04
    0.74994E-01    0.93019E+04
    0.76509E-01    0.90767E+04
    0.78055E-01    0.88410E+04
    0.79632E-01    0.85957E+04
    0.81241E-01    0.83426E+04
    0.82882E-01    0.80837E+04
    0.84556E-01    0.78212E+04
    0.86264E-01    0.75575E+04
    0.88007E-01    0.72951E+04
    0.89785E-01    0.70363E+04
    0.91598E-01    0.67834E+04
    0.93449E-01    0.65386E+04
    0.95337E-01    0.63041E+04
    0.97263E-01    0.60817E+04
    0.99227E-01    0.58732E+04
    0.10123E+00    0.56800E+04
    0.10328E+00    0.55034E+04
    0.10536E+00    0.53437E+04
    0.10749E+00    0.52008E+04
    0.10966E+00    0.50743E+04
    0.11188E+00    0.49621E+04
    0.11414E+00    0.48622E+04
    0.11644E+00    0.47718E+04
    0.11880E+00    0.46876E+04
    0.12120E+00    0.46061E+04
    0.12365E+00    0.45238E+04
    0.12614E+00    0.44376E+04
    0.12869E+00    0.43448E+04
    0.13129E+00    0.42430E+04
    0.13394E+00    0.41311E+04
    0.13665E+00    0.40088E+04
    0.13941E+00    0.38769E+04
    0.14223E+00    0.37368E+04
    0.14510E+00    0.35910E+04
    0.14803E+00    0.34422E+04
    0.15102E+00    0.32938E+04
    0.15407E+00    0.31492E+04
    0.15718E+00    0.30119E+04
    0.16036E+00    0.28851E+04
    0.16360E+00    0.27715E+04
    0.16690E+00    0.26722E+04
    0.17028E+00    0.25872E+04
    0.17371E+00    0.25148E+04
    0.17722E+00    0.24522E+04
    0.18080E+00    0.23961E+04
    0.18446E+00    0.23433E+04
    0.18818E+00    0.22902E+04
    0.19198E+00    0.22339E+04
    0.19586E+00    0.21716E+04
    0.19982E+00    0.21020E+04
    0.20386E+00    0.20252E+04
    0.20797E+00    0.19429E+04
    0.21218E+00    0.18582E+04
    0.21646E+00    0.17743E+04
    0.22083E+00    0.16945E+04
    0.22530E+00    0.16212E+04
    0.22985E+00    0.15564E+04
    0.23449E+00    0.15004E+04
    0.23923E+00    0.14523E+04
    0.24406E+00    0.14101E+04
    0.24899E+00    0.13710E+04
    0.25402E+00    0.13325E+04
    0.25915E+00    0.12918E+04
    0.26439E+00    0.12474E+04
    0.26973E+00    0.11993E+04
    0.27518E+00    0.11490E+04
    0.28074E+00    0.10986E+04
    0.28641E+00    0.10504E+04
    0.29219E+00    0.10059E+04
    0.29810E+00    0.96632E+03
    0.30412E+00    0.93151E+03
    0.31026E+00    0.90028E+03
    0.31653E+00    0.87076E+03
    0.32292E+00    0.84122E+03
    0.32945E+00    0.81061E+03
    0.33610E+00    0.77867E+03
    0.34289E+00    0.74606E+03
    0.34982E+00    0.71406E+03
    0.35689E+00    0.68396E+03
    0.36409E+00    0.65644E+03
    0.37145E+00    0.63138E+03
    0.37895E+00    0.60811E+03
    0.38661E+00    0.58572E+03
    0.39442E+00    0.56339E+03
    0.40239E+00    0.54080E+03
    0.41052E+00    0.51826E+03
    0.41881E+00    0.49646E+03
    0.42727E+00    0.47590E+03
    0.43590E+00    0.45673E+03
    0.44471E+00    0.43878E+03
    0.45369E+00    0.42155E+03
    0.46286E+00    0.40465E+03
    0.47221E+00    0.38800E+03
    0.48174E+00    0.37175E+03
    0.49148E+00    0.35618E+03
    0.50141E+00    0.34147E+03
    0.51153E+00    0.32752E+03
    0.52187E+00    0.31413E+03
    0.53241E+00    0.30116E+03
    0.54317E+00    0.28852E+03
    0.55414E+00    0.27635E+03
    0.56533E+00    0.26472E+03
    0.57675E+00    0.25363E+03
    0.58840E+00    0.24304E+03
    0.60029E+00    0.23278E+03
    0.61242E+00    0.22289E+03
    0.62479E+00    0.21340E+03
    0.63741E+00    0.20431E+03
    0.65029E+00    0.19561E+03
    0.66342E+00    0.18726E+03
    0.67683E+00    0.17925E+03
    0.69050E+00    0.17155E+03
    0.70445E+00    0.16417E+03
    0.71868E+00    0.15708E+03
    0.73320E+00    0.15028E+03
    0.74801E+00    0.14376E+03
    0.76312E+00    0.13751E+03
    0.77854E+00    0.13151E+03
    0.79426E+00    0.12576E+03
    0.81031E+00    0.12026E+03
    0.82668E+00    0.11498E+03
    0.84338E+00    0.10993E+03
    0.86041E+00    0.10508E+03
    0.87780E+00    0.10045E+03
    0.89553E+00    0.96007E+02
    0.91362E+00    0.91754E+02
    0.93208E+00    0.87682E+02
    0.95091E+00    0.83783E+02
    0.97011E+00    0.80051E+02
    0.98971E+00    0.76478E+02
    0.10097E+01    0.73057E+02
    0.10301E+01    0.69784E+02
    0.10509E+01    0.66651E+02
    0.10721E+01    0.63654E+02
    0.10938E+01    0.60785E+02
    0.11159E+01    0.58041E+02
    0.11384E+01    0.55417E+02
    0.11614E+01    0.52906E+02
    0.11849E+01    0.50505E+02
    0.12088E+01    0.48209E+02
    0.12333E+01    0.46013E+02
    0.12582E+01    0.43914E+02
    0.12836E+01    0.41908E+02
    0.13095E+01    0.39989E+02
    0.13360E+01    0.38156E+02
    0.13630E+01    0.36404E+02
    0.13905E+01    0.34730E+02
    0.14186E+01    0.33130E+02
    0.14472E+01    0.31602E+02
    0.14765E+01    0.30142E+02
    0.15063E+01    0.28747E+02
    0.15367E+01    0.27415E+02
    0.15678E+01    0.26143E+02
    0.15994E+01    0.24928E+02
    0.16318E+01    0.23769E+02
    0.16647E+01    0.22661E+02
    0.16984E+01    0.21604E+02
    0.17327E+01    0.20594E+02
    0.17677E+01    0.19630E+02
    0.18034E+01    0.18710E+02
    0.18398E+01    0.17832E+02
    0.18770E+01    0.16994E+02
    0.19149E+01    0.16194E+02
    0.19536E+01    0.15430E+02
    0.19930E+01    0.14702E+02
    0.20333E+01    0.14006E+02
    0.20744E+01    0.13343E+02
    0.21163E+01    0.12710E+02
    0.21590E+01    0.12106E+02
    0.22026E+01    0.11530E+02
    0.22471E+01    0.10982E+02
    0.22925E+01    0.10459E+02
    0.23388E+01    0.99605E+01
    0.23861E+01    0.94857E+01
    0.24343E+01    0.90334E+01
    0.24835E+01    0.86026E+01
