    0.10000E-03    0.25530E+03
    0.10202E-03    0.26029E+03
    0.10408E-03    0.26537E+03
    0.10618E-03    0.27056E+03
    0.10833E-03    0.27585E+03
    0.11052E-03    0.28124E+03
    0.11275E-03    0.28674E+03
    0.11503E-03    0.29235E+03
    0.11735E-03    0.29806E+03
    0.11972E-03    0.30389E+03
    0.12214E-03    0.30983E+03
    0.12461E-03    0.31588E+03
    0.12712E-03    0.32206E+03
    0.12969E-03    0.32835E+03
    0.13231E-03    0.33477E+03
    0.13499E-03    0.34131E+03
    0.13771E-03    0.34798E+03
    0.14049E-03    0.35478E+03
    0.14333E-03    0.36172E+03
    0.14623E-03    0.36879E+03
    0.14918E-03    0.37599E+03
    0.15220E-03    0.38334E+03
    0.15527E-03    0.39083E+03
    0.15841E-03    0.39847E+03
    0.16161E-03    0.40625E+03
    0.16487E-03    0.41419E+03
    0.16820E-03    0.42229E+03
    0.17160E-03    0.43054E+03
    0.17507E-03    0.43895E+03
    0.17860E-03    0.44752E+03
    0.18221E-03    0.45627E+03
    0.18589E-03    0.46518E+03
    0.18965E-03    0.47427E+03
    0.19348E-03    0.48353E+03
    0.19739E-03    0.49298E+03
    0.20138E-03    0.50261E+03
    0.20544E-03    0.51242E+03
    0.20959E-03    0.52243E+03
    0.21383E-03    0.53263E+03
    0.21815E-03    0.54304E+03
    0.22255E-03    0.55364E+03
    0.22705E-03    0.56445E+03
    0.23164E-03    0.57547E+03
    0.23632E-03    0.58671E+03
    0.24109E-03    0.59816E+03
    0.24596E-03    0.60984E+03
    0.25093E-03    0.62174E+03
    0.25600E-03    0.63388E+03
    0.26117E-03    0.64625E+03
    0.26645E-03    0.65886E+03
    0.27183E-03    0.67172E+03
    0.27732E-03    0.68483E+03
    0.28292E-03    0.69819E+03
    0.28864E-03    0.71181E+03
    0.29447E-03    0.72570E+03
    0.30042E-03    0.73985E+03
    0.30649E-03    0.75429E+03
    0.31268E-03    0.76900E+03
    0.31899E-03    0.78399E+03
    0.32544E-03    0.79928E+03
    0.33201E-03    0.81486E+03
    0.33872E-03    0.83075E+03
    0.34556E-03    0.84694E+03
    0.35254E-03    0.86344E+03
    0.35966E-03    0.88027E+03
    0.36693E-03    0.89742E+03
    0.37434E-03    0.91490E+03
    0.38190E-03    0.93272E+03
    0.38962E-03    0.95089E+03
    0.39749E-03    0.96941E+03
    0.40552E-03    0.98828E+03
    0.41371E-03    0.10075E+04
    0.42207E-03    0.10271E+04
    0.43060E-03    0.10471E+04
    0.43929E-03    0.10675E+04
    0.44817E-03    0.10882E+04
    0.45722E-03    0.11094E+04
    0.46646E-03    0.11310E+04
    0.47588E-03    0.11530E+04
    0.48550E-03    0.11754E+04
    0.49530E-03    0.11982E+04
    0.50531E-03    0.12215E+04
    0.51552E-03    0.12452E+04
    0.52593E-03    0.12694E+04
    0.53656E-03    0.12940E+04
    0.54739E-03    0.13191E+04
    0.55845E-03    0.13447E+04
    0.56973E-03    0.13708E+04
    0.58124E-03    0.13974E+04
    0.59299E-03    0.14245E+04
    0.60496E-03    0.14521E+04
    0.61719E-03    0.14802E+04
    0.62965E-03    0.15089E+04
    0.64237E-03    0.15381E+04
    0.65535E-03    0.15678E+04
    0.66859E-03    0.15982E+04
    0.68210E-03    0.16291E+04
    0.69588E-03    0.16605E+04
    0.70993E-03    0.16926E+04
    0.72427E-03    0.17253E+04
    0.73891E-03    0.17586E+04
    0.75383E-03    0.17925E+04
    0.76906E-03    0.18271E+04
    0.78460E-03    0.18623E+04
    0.80045E-03    0.18982E+04
    0.81662E-03    0.19348E+04
    0.83311E-03    0.19720E+04
    0.84994E-03    0.20099E+04
    0.86711E-03    0.20486E+04
    0.88463E-03    0.20879E+04
    0.90250E-03    0.21280E+04
    0.92073E-03    0.21689E+04
    0.93933E-03    0.22105E+04
    0.95831E-03    0.22528E+04
    0.97767E-03    0.22960E+04
    0.99742E-03    0.23399E+04
    0.10176E-02    0.23847E+04
    0.10381E-02    0.24303E+04
    0.10591E-02    0.24767E+04
    0.10805E-02    0.25239E+04
    0.11023E-02    0.25721E+04
    0.11246E-02    0.26211E+04
    0.11473E-02    0.26710E+04
    0.11705E-02    0.27218E+04
    0.11941E-02    0.27735E+04
    0.12182E-02    0.28262E+04
    0.12429E-02    0.28798E+04
    0.12680E-02    0.29343E+04
    0.12936E-02    0.29899E+04
    0.13197E-02    0.30464E+04
    0.13464E-02    0.31040E+04
    0.13736E-02    0.31626E+04
    0.14013E-02    0.32222E+04
    0.14296E-02    0.32829E+04
    0.14585E-02    0.33446E+04
    0.14880E-02    0.34075E+04
    0.15180E-02    0.34714E+04
    0.15487E-02    0.35364E+04
    0.15800E-02    0.36026E+04
    0.16119E-02    0.36699E+04
    0.16445E-02    0.37384E+04
    0.16777E-02    0.38081E+04
    0.17116E-02    0.38790E+04
    0.17462E-02    0.39510E+04
    0.17814E-02    0.40243E+04
    0.18174E-02    0.40989E+04
    0.18541E-02    0.41747E+04
    0.18916E-02    0.42517E+04
    0.19298E-02    0.43301E+04
    0.19688E-02    0.44097E+04
    0.20086E-02    0.44907E+04
    0.20491E-02    0.45730E+04
    0.20905E-02    0.46567E+04
    0.21328E-02    0.47417E+04
    0.21758E-02    0.48281E+04
    0.22198E-02    0.49159E+04
    0.22646E-02    0.50051E+04
    0.23104E-02    0.50957E+04
    0.23571E-02    0.51877E+04
    0.24047E-02    0.52812E+04
    0.24533E-02    0.53762E+04
    0.25028E-02    0.54726E+04
    0.25534E-02    0.55705E+04
    0.26050E-02    0.56699E+04
    0.26576E-02    0.57708E+04
    0.27113E-02    0.58732E+04
    0.27660E-02    0.59772E+04
    0.28219E-02    0.60827E+04
    0.28789E-02    0.61897E+04
    0.29371E-02    0.62983E+04
    0.29964E-02    0.64085E+04
    0.30569E-02    0.65202E+04
    0.31187E-02    0.66335E+04
    0.31817E-02    0.67484E+04
    0.32460E-02    0.68650E+04
    0.33115E-02    0.69831E+04
    0.33784E-02    0.71028E+04
    0.34467E-02    0.72241E+04
    0.35163E-02    0.73470E+04
    0.35874E-02    0.74716E+04
    0.36598E-02    0.75978E+04
    0.37338E-02    0.77255E+04
    0.38092E-02    0.78549E+04
    0.38861E-02    0.79860E+04
    0.39646E-02    0.81186E+04
    0.40447E-02    0.82528E+04
    0.41264E-02    0.83886E+04
    0.42098E-02    0.85260E+04
    0.42948E-02    0.86651E+04
    0.43816E-02    0.88056E+04
    0.44701E-02    0.89478E+04
    0.45604E-02    0.90915E+04
    0.46525E-02    0.92367E+04
    0.47465E-02    0.93835E+04
    0.48424E-02    0.95318E+04
    0.49402E-02    0.96816E+04
    0.50400E-02    0.98328E+04
    0.51419E-02    0.99855E+04
    0.52457E-02    0.10140E+05
    0.53517E-02    0.10295E+05
    0.54598E-02    0.10452E+05
    0.55701E-02    0.10610E+05
    0.56826E-02    0.10770E+05
    0.57974E-02    0.10931E+05
    0.59145E-02    0.11093E+05
    0.60340E-02    0.11256E+05
    0.61559E-02    0.11420E+05
    0.62803E-02    0.11586E+05
    0.64072E-02    0.11752E+05
    0.65366E-02    0.11920E+05
    0.66686E-02    0.12089E+05
    0.68033E-02    0.12258E+05
    0.69408E-02    0.12428E+05
    0.70810E-02    0.12599E+05
    0.72240E-02    0.12771E+05
    0.73700E-02    0.12944E+05
    0.75189E-02    0.13117E+05
    0.76708E-02    0.13290E+05
    0.78257E-02    0.13464E+05
    0.79838E-02    0.13638E+05
    0.81451E-02    0.13813E+05
    0.83096E-02    0.13988E+05
    0.84775E-02    0.14162E+05
    0.86488E-02    0.14337E+05
    0.88235E-02    0.14512E+05
    0.90017E-02    0.14686E+05
    0.91836E-02    0.14860E+05
    0.93691E-02    0.15034E+05
    0.95583E-02    0.15207E+05
    0.97514E-02    0.15379E+05
    0.99484E-02    0.15551E+05
    0.10149E-01    0.15722E+05
    0.10354E-01    0.15891E+05
    0.10564E-01    0.16060E+05
    0.10777E-01    0.16227E+05
    0.10995E-01    0.16393E+05
    0.11217E-01    0.16557E+05
    0.11443E-01    0.16719E+05
    0.11675E-01    0.16879E+05
    0.11910E-01    0.17038E+05
    0.12151E-01    0.17194E+05
    0.12397E-01    0.17347E+05
    0.12647E-01    0.17498E+05
    0.12902E-01    0.17646E+05
    0.13163E-01    0.17791E+05
    0.13429E-01    0.17933E+05
    0.13700E-01    0.18072E+05
    0.13977E-01    0.18207E+05
    0.14259E-01    0.18338E+05
    0.14547E-01    0.18465E+05
    0.14841E-01    0.18588E+05
    0.15141E-01    0.18707E+05
    0.15447E-01    0.18821E+05
    0.15759E-01    0.18930E+05
    0.16077E-01    0.19034E+05
    0.16402E-01    0.19134E+05
    0.16734E-01    0.19227E+05
    0.17072E-01    0.19315E+05
    0.17416E-01    0.19397E+05
    0.17768E-01    0.19473E+05
    0.18127E-01    0.19543E+05
    0.18493E-01    0.19606E+05
    0.18867E-01    0.19662E+05
    0.19248E-01    0.19712E+05
    0.19637E-01    0.19754E+05
    0.20034E-01    0.19789E+05
    0.20438E-01    0.19817E+05
    0.20851E-01    0.19837E+05
    0.21272E-01    0.19849E+05
    0.21702E-01    0.19853E+05
    0.22141E-01    0.19849E+05
    0.22588E-01    0.19837E+05
    0.23044E-01    0.19816E+05
    0.23510E-01    0.19787E+05
    0.23985E-01    0.19750E+05
    0.24469E-01    0.19703E+05
    0.24964E-01    0.19649E+05
    0.25468E-01    0.19585E+05
    0.25982E-01    0.19513E+05
    0.26507E-01    0.19432E+05
    0.27043E-01    0.19342E+05
    0.27589E-01    0.19244E+05
    0.28146E-01    0.19138E+05
    0.28715E-01    0.19023E+05
    0.29295E-01    0.18901E+05
    0.29887E-01    0.18770E+05
    0.30490E-01    0.18631E+05
    0.31106E-01    0.18486E+05
    0.31735E-01    0.18333E+05
    0.32376E-01    0.18173E+05
    0.33030E-01    0.18007E+05
    0.33697E-01    0.17835E+05
    0.34378E-01    0.17657E+05
    0.35072E-01    0.17474E+05
    0.35781E-01    0.17286E+05
    0.36504E-01    0.17094E+05
    0.37241E-01    0.16898E+05
    0.37993E-01    0.16699E+05
    0.38761E-01    0.16498E+05
    0.39544E-01    0.16295E+05
    0.40343E-01    0.16090E+05
    0.41158E-01    0.15884E+05
    0.41989E-01    0.15678E+05
    0.42838E-01    0.15471E+05
    0.43703E-01    0.15266E+05
    0.44586E-01    0.15061E+05
    0.45486E-01    0.14858E+05
    0.46405E-01    0.14658E+05
    0.47343E-01    0.14460E+05
    0.48299E-01    0.14266E+05
    0.49275E-01    0.14076E+05
    0.50270E-01    0.13890E+05
    0.51286E-01    0.13708E+05
    0.52322E-01    0.13532E+05
    0.53379E-01    0.13360E+05
    0.54457E-01    0.13193E+05
    0.55557E-01    0.13031E+05
    0.56680E-01    0.12872E+05
    0.57825E-01    0.12717E+05
    0.58993E-01    0.12564E+05
    0.60184E-01    0.12414E+05
    0.61400E-01    0.12267E+05
    0.62641E-01    0.12120E+05
    0.63906E-01    0.11974E+05
    0.65197E-01    0.11827E+05
    0.66514E-01    0.11680E+05
    0.67858E-01    0.11531E+05
    0.69229E-01    0.11379E+05
    0.70627E-01    0.11224E+05
    0.72054E-01    0.11065E+05
    0.73510E-01    0.10901E+05
    0.74994E-01    0.10731E+05
    0.76509E-01    0.10555E+05
    0.78055E-01    0.10371E+05
    0.79632E-01    0.10180E+05
    0.81241E-01    0.99797E+04
    0.82882E-01    0.97722E+04
    0.84556E-01    0.95578E+04
    0.86264E-01    0.93374E+04
    0.88007E-01    0.91116E+04
    0.89785E-01    0.88812E+04
    0.91598E-01    0.86475E+04
    0.93449E-01    0.84124E+04
    0.95337E-01    0.81775E+04
    0.97263E-01    0.79448E+04
    0.99227E-01    0.77158E+04
    0.10123E+00    0.74925E+04
    0.10328E+00    0.72765E+04
    0.10536E+00    0.70692E+04
    0.10749E+00    0.68721E+04
    0.10966E+00    0.66862E+04
    0.11188E+00    0.65126E+04
    0.11414E+00    0.63513E+04
    0.11644E+00    0.62025E+04
    0.11880E+00    0.60656E+04
    0.12120E+00    0.59391E+04
    0.12365E+00    0.58214E+04
    0.12614E+00    0.57102E+04
    0.12869E+00    0.56028E+04
    0.13129E+00    0.54968E+04
    0.13394E+00    0.53895E+04
    0.13665E+00    0.52787E+04
    0.13941E+00    0.51625E+04
    0.14223E+00    0.50398E+04
    0.14510E+00    0.49099E+04
    0.14803E+00    0.47729E+04
    0.15102E+00    0.46295E+04
    0.15407E+00    0.44811E+04
    0.15718E+00    0.43297E+04
    0.16036E+00    0.41775E+04
    0.16360E+00    0.40271E+04
    0.16690E+00    0.38810E+04
    0.17028E+00    0.37416E+04
    0.17371E+00    0.36110E+04
    0.17722E+00    0.34910E+04
    0.18080E+00    0.33824E+04
    0.18446E+00    0.32852E+04
    0.18818E+00    0.31980E+04
    0.19198E+00    0.31185E+04
    0.19586E+00    0.30439E+04
    0.19982E+00    0.29710E+04
    0.20386E+00    0.28971E+04
    0.20797E+00    0.28202E+04
    0.21218E+00    0.27388E+04
    0.21646E+00    0.26525E+04
    0.22083E+00    0.25615E+04
    0.22530E+00    0.24674E+04
    0.22985E+00    0.23729E+04
    0.23449E+00    0.22805E+04
    0.23923E+00    0.21928E+04
    0.24406E+00    0.21115E+04
    0.24899E+00    0.20376E+04
    0.25402E+00    0.19710E+04
    0.25915E+00    0.19109E+04
    0.26439E+00    0.18554E+04
    0.26973E+00    0.18020E+04
    0.27518E+00    0.17485E+04
    0.28074E+00    0.16932E+04
    0.28641E+00    0.16354E+04
    0.29219E+00    0.15755E+04
    0.29810E+00    0.15148E+04
    0.30412E+00    0.14552E+04
    0.31026E+00    0.13985E+04
    0.31653E+00    0.13458E+04
    0.32292E+00    0.12976E+04
    0.32945E+00    0.12534E+04
    0.33610E+00    0.12121E+04
    0.34289E+00    0.11720E+04
    0.34982E+00    0.11319E+04
    0.35689E+00    0.10911E+04
    0.36409E+00    0.10498E+04
    0.37145E+00    0.10088E+04
    0.37895E+00    0.96910E+03
    0.38661E+00    0.93162E+03
    0.39442E+00    0.89673E+03
    0.40239E+00    0.86414E+03
    0.41052E+00    0.83310E+03
    0.41881E+00    0.80278E+03
    0.42727E+00    0.77268E+03
    0.43590E+00    0.74279E+03
    0.44471E+00    0.71351E+03
    0.45369E+00    0.68534E+03
    0.46286E+00    0.65862E+03
    0.47221E+00    0.63338E+03
    0.48174E+00    0.60931E+03
    0.49148E+00    0.58597E+03
    0.50141E+00    0.56311E+03
    0.51153E+00    0.54079E+03
    0.52187E+00    0.51919E+03
    0.53241E+00    0.49848E+03
    0.54317E+00    0.47876E+03
    0.55414E+00    0.45988E+03
    0.56533E+00    0.44163E+03
    0.57675E+00    0.42393E+03
    0.58840E+00    0.40681E+03
    0.60029E+00    0.39031E+03
    0.61242E+00    0.37451E+03
    0.62479E+00    0.35936E+03
    0.63741E+00    0.34477E+03
    0.65029E+00    0.33069E+03
    0.66342E+00    0.31712E+03
    0.67683E+00    0.30407E+03
    0.69050E+00    0.29154E+03
    0.70445E+00    0.27952E+03
    0.71868E+00    0.26795E+03
    0.73320E+00    0.25683E+03
    0.74801E+00    0.24613E+03
    0.76312E+00    0.23585E+03
    0.77854E+00    0.22597E+03
    0.79426E+00    0.21647E+03
    0.81031E+00    0.20735E+03
    0.82668E+00    0.19859E+03
    0.84338E+00    0.19018E+03
    0.86041E+00    0.18210E+03
    0.87780E+00    0.17435E+03
    0.89553E+00    0.16690E+03
    0.91362E+00    0.15977E+03
    0.93208E+00    0.15292E+03
    0.95091E+00    0.14634E+03
    0.97011E+00    0.14004E+03
    0.98971E+00    0.13400E+03
    0.10097E+01    0.12820E+03
    0.10301E+01    0.12264E+03
    0.10509E+01    0.11731E+03
    0.10721E+01    0.11220E+03
    0.10938E+01    0.10730E+03
    0.11159E+01    0.10261E+03
    0.11384E+01    0.98109E+02
    0.11614E+01    0.93798E+02
    0.11849E+01    0.89667E+02
    0.12088E+01    0.85710E+02
    0.12333E+01    0.81921E+02
    0.12582E+01    0.78291E+02
    0.12836E+01    0.74815E+02
    0.13095E+01    0.71488E+02
    0.13360E+01    0.68302E+02
    0.13630E+01    0.65253E+02
    0.13905E+01    0.62335E+02
    0.14186E+01    0.59542E+02
    0.14472E+01    0.56870E+02
    0.14765E+01    0.54312E+02
    0.15063E+01    0.51866E+02
    0.15367E+01    0.49525E+02
    0.15678E+01    0.47285E+02
    0.15994E+01    0.45143E+02
    0.16318E+01    0.43093E+02
    0.16647E+01    0.41133E+02
    0.16984E+01    0.39258E+02
    0.17327E+01    0.37465E+02
    0.17677E+01    0.35750E+02
    0.18034E+01    0.34111E+02
    0.18398E+01    0.32544E+02
    0.18770E+01    0.31047E+02
    0.19149E+01    0.29618E+02
    0.19536E+01    0.28252E+02
    0.19930E+01    0.26949E+02
    0.20333E+01    0.25705E+02
    0.20744E+01    0.24517E+02
    0.21163E+01    0.23384E+02
