    0.10000E-03    0.29627E+03
    0.10202E-03    0.30206E+03
    0.10408E-03    0.30797E+03
    0.10618E-03    0.31399E+03
    0.10833E-03    0.32012E+03
    0.11052E-03    0.32638E+03
    0.11275E-03    0.33276E+03
    0.11503E-03    0.33926E+03
    0.11735E-03    0.34590E+03
    0.11972E-03    0.35266E+03
    0.12214E-03    0.35955E+03
    0.12461E-03    0.36658E+03
    0.12712E-03    0.37374E+03
    0.12969E-03    0.38105E+03
    0.13231E-03    0.38849E+03
    0.13499E-03    0.39608E+03
    0.13771E-03    0.40383E+03
    0.14049E-03    0.41172E+03
    0.14333E-03    0.41976E+03
    0.14623E-03    0.42796E+03
    0.14918E-03    0.43633E+03
    0.15220E-03    0.44485E+03
    0.15527E-03    0.45355E+03
    0.15841E-03    0.46241E+03
    0.16161E-03    0.47144E+03
    0.16487E-03    0.48065E+03
    0.16820E-03    0.49004E+03
    0.17160E-03    0.49962E+03
    0.17507E-03    0.50938E+03
    0.17860E-03    0.51933E+03
    0.18221E-03    0.52947E+03
    0.18589E-03    0.53981E+03
    0.18965E-03    0.55036E+03
    0.19348E-03    0.56111E+03
    0.19739E-03    0.57207E+03
    0.20138E-03    0.58324E+03
    0.20544E-03    0.59463E+03
    0.20959E-03    0.60624E+03
    0.21383E-03    0.61808E+03
    0.21815E-03    0.63015E+03
    0.22255E-03    0.64245E+03
    0.22705E-03    0.65499E+03
    0.23164E-03    0.66778E+03
    0.23632E-03    0.68081E+03
    0.24109E-03    0.69410E+03
    0.24596E-03    0.70765E+03
    0.25093E-03    0.72146E+03
    0.25600E-03    0.73554E+03
    0.26117E-03    0.74989E+03
    0.26645E-03    0.76452E+03
    0.27183E-03    0.77944E+03
    0.27732E-03    0.79464E+03
    0.28292E-03    0.81014E+03
    0.28864E-03    0.82594E+03
    0.29447E-03    0.84205E+03
    0.30042E-03    0.85847E+03
    0.30649E-03    0.87521E+03
    0.31268E-03    0.89227E+03
    0.31899E-03    0.90966E+03
    0.32544E-03    0.92739E+03
    0.33201E-03    0.94546E+03
    0.33872E-03    0.96389E+03
    0.34556E-03    0.98267E+03
    0.35254E-03    0.10018E+04
    0.35966E-03    0.10213E+04
    0.36693E-03    0.10412E+04
    0.37434E-03    0.10615E+04
    0.38190E-03    0.10821E+04
    0.38962E-03    0.11032E+04
    0.39749E-03    0.11247E+04
    0.40552E-03    0.11466E+04
    0.41371E-03    0.11689E+04
    0.42207E-03    0.11916E+04
    0.43060E-03    0.12148E+04
    0.43929E-03    0.12384E+04
    0.44817E-03    0.12625E+04
    0.45722E-03    0.12870E+04
    0.46646E-03    0.13120E+04
    0.47588E-03    0.13375E+04
    0.48550E-03    0.13635E+04
    0.49530E-03    0.13899E+04
    0.50531E-03    0.14169E+04
    0.51552E-03    0.14444E+04
    0.52593E-03    0.14724E+04
    0.53656E-03    0.15010E+04
    0.54739E-03    0.15301E+04
    0.55845E-03    0.15597E+04
    0.56973E-03    0.15899E+04
    0.58124E-03    0.16207E+04
    0.59299E-03    0.16521E+04
    0.60496E-03    0.16841E+04
    0.61719E-03    0.17167E+04
    0.62965E-03    0.17499E+04
    0.64237E-03    0.17837E+04
    0.65535E-03    0.18182E+04
    0.66859E-03    0.18533E+04
    0.68210E-03    0.18890E+04
    0.69588E-03    0.19255E+04
    0.70993E-03    0.19626E+04
    0.72427E-03    0.20005E+04
    0.73891E-03    0.20390E+04
    0.75383E-03    0.20783E+04
    0.76906E-03    0.21183E+04
    0.78460E-03    0.21591E+04
    0.80045E-03    0.22006E+04
    0.81662E-03    0.22429E+04
    0.83311E-03    0.22859E+04
    0.84994E-03    0.23298E+04
    0.86711E-03    0.23745E+04
    0.88463E-03    0.24200E+04
    0.90250E-03    0.24664E+04
    0.92073E-03    0.25136E+04
    0.93933E-03    0.25617E+04
    0.95831E-03    0.26107E+04
    0.97767E-03    0.26606E+04
    0.99742E-03    0.27113E+04
    0.10176E-02    0.27631E+04
    0.10381E-02    0.28157E+04
    0.10591E-02    0.28693E+04
    0.10805E-02    0.29239E+04
    0.11023E-02    0.29795E+04
    0.11246E-02    0.30361E+04
    0.11473E-02    0.30937E+04
    0.11705E-02    0.31524E+04
    0.11941E-02    0.32121E+04
    0.12182E-02    0.32728E+04
    0.12429E-02    0.33347E+04
    0.12680E-02    0.33976E+04
    0.12936E-02    0.34617E+04
    0.13197E-02    0.35269E+04
    0.13464E-02    0.35933E+04
    0.13736E-02    0.36608E+04
    0.14013E-02    0.37295E+04
    0.14296E-02    0.37994E+04
    0.14585E-02    0.38706E+04
    0.14880E-02    0.39429E+04
    0.15180E-02    0.40165E+04
    0.15487E-02    0.40914E+04
    0.15800E-02    0.41676E+04
    0.16119E-02    0.42450E+04
    0.16445E-02    0.43238E+04
    0.16777E-02    0.44039E+04
    0.17116E-02    0.44854E+04
    0.17462E-02    0.45683E+04
    0.17814E-02    0.46525E+04
    0.18174E-02    0.47381E+04
    0.18541E-02    0.48252E+04
    0.18916E-02    0.49136E+04
    0.19298E-02    0.50036E+04
    0.19688E-02    0.50950E+04
    0.20086E-02    0.51878E+04
    0.20491E-02    0.52822E+04
    0.20905E-02    0.53781E+04
    0.21328E-02    0.54755E+04
    0.21758E-02    0.55745E+04
    0.22198E-02    0.56750E+04
    0.22646E-02    0.57770E+04
    0.23104E-02    0.58807E+04
    0.23571E-02    0.59860E+04
    0.24047E-02    0.60928E+04
    0.24533E-02    0.62013E+04
    0.25028E-02    0.63115E+04
    0.25534E-02    0.64232E+04
    0.26050E-02    0.65367E+04
    0.26576E-02    0.66518E+04
    0.27113E-02    0.67686E+04
    0.27660E-02    0.68870E+04
    0.28219E-02    0.70072E+04
    0.28789E-02    0.71291E+04
    0.29371E-02    0.72526E+04
    0.29964E-02    0.73779E+04
    0.30569E-02    0.75050E+04
    0.31187E-02    0.76337E+04
    0.31817E-02    0.77642E+04
    0.32460E-02    0.78964E+04
    0.33115E-02    0.80304E+04
    0.33784E-02    0.81661E+04
    0.34467E-02    0.83035E+04
    0.35163E-02    0.84427E+04
    0.35874E-02    0.85836E+04
    0.36598E-02    0.87262E+04
    0.37338E-02    0.88706E+04
    0.38092E-02    0.90167E+04
    0.38861E-02    0.91645E+04
    0.39646E-02    0.93141E+04
    0.40447E-02    0.94653E+04
    0.41264E-02    0.96182E+04
    0.42098E-02    0.97728E+04
    0.42948E-02    0.99291E+04
    0.43816E-02    0.10087E+05
    0.44701E-02    0.10247E+05
    0.45604E-02    0.10408E+05
    0.46525E-02    0.10570E+05
    0.47465E-02    0.10735E+05
    0.48424E-02    0.10901E+05
    0.49402E-02    0.11068E+05
    0.50400E-02    0.11237E+05
    0.51419E-02    0.11407E+05
    0.52457E-02    0.11579E+05
    0.53517E-02    0.11752E+05
    0.54598E-02    0.11926E+05
    0.55701E-02    0.12102E+05
    0.56826E-02    0.12279E+05
    0.57974E-02    0.12457E+05
    0.59145E-02    0.12637E+05
    0.60340E-02    0.12817E+05
    0.61559E-02    0.12999E+05
    0.62803E-02    0.13181E+05
    0.64072E-02    0.13365E+05
    0.65366E-02    0.13549E+05
    0.66686E-02    0.13734E+05
    0.68033E-02    0.13920E+05
    0.69408E-02    0.14107E+05
    0.70810E-02    0.14294E+05
    0.72240E-02    0.14482E+05
    0.73700E-02    0.14670E+05
    0.75189E-02    0.14858E+05
    0.76708E-02    0.15046E+05
    0.78257E-02    0.15235E+05
    0.79838E-02    0.15424E+05
    0.81451E-02    0.15612E+05
    0.83096E-02    0.15801E+05
    0.84775E-02    0.15989E+05
    0.86488E-02    0.16177E+05
    0.88235E-02    0.16364E+05
    0.90017E-02    0.16550E+05
    0.91836E-02    0.16736E+05
    0.93691E-02    0.16921E+05
    0.95583E-02    0.17104E+05
    0.97514E-02    0.17287E+05
    0.99484E-02    0.17468E+05
    0.10149E-01    0.17648E+05
    0.10354E-01    0.17826E+05
    0.10564E-01    0.18002E+05
    0.10777E-01    0.18177E+05
    0.10995E-01    0.18349E+05
    0.11217E-01    0.18518E+05
    0.11443E-01    0.18686E+05
    0.11675E-01    0.18850E+05
    0.11910E-01    0.19012E+05
    0.12151E-01    0.19170E+05
    0.12397E-01    0.19326E+05
    0.12647E-01    0.19477E+05
    0.12902E-01    0.19625E+05
    0.13163E-01    0.19770E+05
    0.13429E-01    0.19910E+05
    0.13700E-01    0.20045E+05
    0.13977E-01    0.20176E+05
    0.14259E-01    0.20303E+05
    0.14547E-01    0.20424E+05
    0.14841E-01    0.20540E+05
    0.15141E-01    0.20651E+05
    0.15447E-01    0.20755E+05
    0.15759E-01    0.20854E+05
    0.16077E-01    0.20947E+05
    0.16402E-01    0.21033E+05
    0.16734E-01    0.21113E+05
    0.17072E-01    0.21186E+05
    0.17416E-01    0.21251E+05
    0.17768E-01    0.21310E+05
    0.18127E-01    0.21360E+05
    0.18493E-01    0.21403E+05
    0.18867E-01    0.21438E+05
    0.19248E-01    0.21465E+05
    0.19637E-01    0.21483E+05
    0.20034E-01    0.21493E+05
    0.20438E-01    0.21494E+05
    0.20851E-01    0.21486E+05
    0.21272E-01    0.21469E+05
    0.21702E-01    0.21443E+05
    0.22141E-01    0.21408E+05
    0.22588E-01    0.21363E+05
    0.23044E-01    0.21309E+05
    0.23510E-01    0.21245E+05
    0.23985E-01    0.21171E+05
    0.24469E-01    0.21088E+05
    0.24964E-01    0.20995E+05
    0.25468E-01    0.20893E+05
    0.25982E-01    0.20781E+05
    0.26507E-01    0.20659E+05
    0.27043E-01    0.20529E+05
    0.27589E-01    0.20389E+05
    0.28146E-01    0.20240E+05
    0.28715E-01    0.20083E+05
    0.29295E-01    0.19917E+05
    0.29887E-01    0.19743E+05
    0.30490E-01    0.19561E+05
    0.31106E-01    0.19372E+05
    0.31735E-01    0.19176E+05
    0.32376E-01    0.18973E+05
    0.33030E-01    0.18764E+05
    0.33697E-01    0.18550E+05
    0.34378E-01    0.18330E+05
    0.35072E-01    0.18106E+05
    0.35781E-01    0.17878E+05
    0.36504E-01    0.17647E+05
    0.37241E-01    0.17413E+05
    0.37993E-01    0.17177E+05
    0.38761E-01    0.16940E+05
    0.39544E-01    0.16702E+05
    0.40343E-01    0.16464E+05
    0.41158E-01    0.16227E+05
    0.41989E-01    0.15990E+05
    0.42838E-01    0.15754E+05
    0.43703E-01    0.15521E+05
    0.44586E-01    0.15291E+05
    0.45486E-01    0.15065E+05
    0.46405E-01    0.14843E+05
    0.47343E-01    0.14627E+05
    0.48299E-01    0.14415E+05
    0.49275E-01    0.14209E+05
    0.50270E-01    0.14010E+05
    0.51286E-01    0.13816E+05
    0.52322E-01    0.13629E+05
    0.53379E-01    0.13448E+05
    0.54457E-01    0.13271E+05
    0.55557E-01    0.13100E+05
    0.56680E-01    0.12934E+05
    0.57825E-01    0.12771E+05
    0.58993E-01    0.12612E+05
    0.60184E-01    0.12455E+05
    0.61400E-01    0.12300E+05
    0.62641E-01    0.12146E+05
    0.63906E-01    0.11993E+05
    0.65197E-01    0.11838E+05
    0.66514E-01    0.11682E+05
    0.67858E-01    0.11524E+05
    0.69229E-01    0.11362E+05
    0.70627E-01    0.11196E+05
    0.72054E-01    0.11024E+05
    0.73510E-01    0.10845E+05
    0.74994E-01    0.10659E+05
    0.76509E-01    0.10465E+05
    0.78055E-01    0.10264E+05
    0.79632E-01    0.10054E+05
    0.81241E-01    0.98353E+04
    0.82882E-01    0.96089E+04
    0.84556E-01    0.93747E+04
    0.86264E-01    0.91341E+04
    0.88007E-01    0.88884E+04
    0.89785E-01    0.86393E+04
    0.91598E-01    0.83888E+04
    0.93449E-01    0.81390E+04
    0.95337E-01    0.78919E+04
    0.97263E-01    0.76496E+04
    0.99227E-01    0.74142E+04
    0.10123E+00    0.71874E+04
    0.10328E+00    0.69711E+04
    0.10536E+00    0.67666E+04
    0.10749E+00    0.65751E+04
    0.10966E+00    0.63976E+04
    0.11188E+00    0.62341E+04
    0.11414E+00    0.60844E+04
    0.11644E+00    0.59477E+04
    0.11880E+00    0.58224E+04
    0.12120E+00    0.57065E+04
    0.12365E+00    0.55974E+04
    0.12614E+00    0.54923E+04
    0.12869E+00    0.53886E+04
    0.13129E+00    0.52835E+04
    0.13394E+00    0.51746E+04
    0.13665E+00    0.50600E+04
    0.13941E+00    0.49383E+04
    0.14223E+00    0.48086E+04
    0.14510E+00    0.46708E+04
    0.14803E+00    0.45258E+04
    0.15102E+00    0.43748E+04
    0.15407E+00    0.42201E+04
    0.15718E+00    0.40642E+04
    0.16036E+00    0.39101E+04
    0.16360E+00    0.37606E+04
    0.16690E+00    0.36187E+04
    0.17028E+00    0.34869E+04
    0.17371E+00    0.33669E+04
    0.17722E+00    0.32598E+04
    0.18080E+00    0.31649E+04
    0.18446E+00    0.30807E+04
    0.18818E+00    0.30044E+04
    0.19198E+00    0.29329E+04
    0.19586E+00    0.28630E+04
    0.19982E+00    0.27922E+04
    0.20386E+00    0.27181E+04
    0.20797E+00    0.26391E+04
    0.21218E+00    0.25543E+04
    0.21646E+00    0.24642E+04
    0.22083E+00    0.23704E+04
    0.22530E+00    0.22758E+04
    0.22985E+00    0.21835E+04
    0.23449E+00    0.20963E+04
    0.23923E+00    0.20161E+04
    0.24406E+00    0.19439E+04
    0.24899E+00    0.18796E+04
    0.25402E+00    0.18221E+04
    0.25915E+00    0.17691E+04
    0.26439E+00    0.17183E+04
    0.26973E+00    0.16673E+04
    0.27518E+00    0.16143E+04
    0.28074E+00    0.15584E+04
    0.28641E+00    0.14999E+04
    0.29219E+00    0.14404E+04
    0.29810E+00    0.13819E+04
    0.30412E+00    0.13265E+04
    0.31026E+00    0.12754E+04
    0.31653E+00    0.12291E+04
    0.32292E+00    0.11869E+04
    0.32945E+00    0.11475E+04
    0.33610E+00    0.11095E+04
    0.34289E+00    0.10712E+04
    0.34982E+00    0.10322E+04
    0.35689E+00    0.99236E+03
    0.36409E+00    0.95265E+03
    0.37145E+00    0.91430E+03
    0.37895E+00    0.87835E+03
    0.38661E+00    0.84505E+03
    0.39442E+00    0.81401E+03
    0.40239E+00    0.78451E+03
    0.41052E+00    0.75575E+03
    0.41881E+00    0.72713E+03
    0.42727E+00    0.69856E+03
    0.43590E+00    0.67051E+03
    0.44471E+00    0.64363E+03
    0.45369E+00    0.61823E+03
    0.46286E+00    0.59426E+03
    0.47221E+00    0.57145E+03
    0.48174E+00    0.54938E+03
    0.49148E+00    0.52770E+03
    0.50141E+00    0.50650E+03
    0.51153E+00    0.48600E+03
    0.52187E+00    0.46639E+03
    0.53241E+00    0.44773E+03
    0.54317E+00    0.42990E+03
    0.55414E+00    0.41269E+03
    0.56533E+00    0.39597E+03
    0.57675E+00    0.37979E+03
    0.58840E+00    0.36422E+03
    0.60029E+00    0.34932E+03
    0.61242E+00    0.33506E+03
    0.62479E+00    0.32133E+03
    0.63741E+00    0.30807E+03
    0.65029E+00    0.29530E+03
    0.66342E+00    0.28303E+03
    0.67683E+00    0.27126E+03
    0.69050E+00    0.25997E+03
    0.70445E+00    0.24912E+03
    0.71868E+00    0.23868E+03
    0.73320E+00    0.22865E+03
    0.74801E+00    0.21902E+03
    0.76312E+00    0.20976E+03
    0.77854E+00    0.20087E+03
    0.79426E+00    0.19233E+03
    0.81031E+00    0.18414E+03
    0.82668E+00    0.17627E+03
    0.84338E+00    0.16872E+03
    0.86041E+00    0.16148E+03
    0.87780E+00    0.15453E+03
    0.89553E+00    0.14787E+03
    0.91362E+00    0.14148E+03
    0.93208E+00    0.13536E+03
    0.95091E+00    0.12948E+03
    0.97011E+00    0.12385E+03
    0.98971E+00    0.11845E+03
    0.10097E+01    0.11328E+03
    0.10301E+01    0.10832E+03
    0.10509E+01    0.10357E+03
    0.10721E+01    0.99016E+02
    0.10938E+01    0.94654E+02
    0.11159E+01    0.90475E+02
    0.11384E+01    0.86472E+02
    0.11614E+01    0.82639E+02
    0.11849E+01    0.78968E+02
    0.12088E+01    0.75453E+02
    0.12333E+01    0.72088E+02
    0.12582E+01    0.68868E+02
    0.12836E+01    0.65785E+02
    0.13095E+01    0.62835E+02
    0.13360E+01    0.60013E+02
    0.13630E+01    0.57313E+02
    0.13905E+01    0.54729E+02
    0.14186E+01    0.52258E+02
    0.14472E+01    0.49894E+02
    0.14765E+01    0.47633E+02
    0.15063E+01    0.45471E+02
    0.15367E+01    0.43403E+02
    0.15678E+01    0.41425E+02
    0.15994E+01    0.39534E+02
    0.16318E+01    0.37726E+02
    0.16647E+01    0.35997E+02
    0.16984E+01    0.34344E+02
    0.17327E+01    0.32764E+02
    0.17677E+01    0.31254E+02
    0.18034E+01    0.29811E+02
    0.18398E+01    0.28433E+02
    0.18770E+01    0.27117E+02
    0.19149E+01    0.25861E+02
    0.19536E+01    0.24662E+02
    0.19930E+01    0.23518E+02
    0.20333E+01    0.22426E+02
    0.20744E+01    0.21385E+02
