    0.10000E-03    0.80402E+03
    0.10202E-03    0.81973E+03
    0.10408E-03    0.83574E+03
    0.10618E-03    0.85207E+03
    0.10833E-03    0.86871E+03
    0.11052E-03    0.88568E+03
    0.11275E-03    0.90298E+03
    0.11503E-03    0.92061E+03
    0.11735E-03    0.93859E+03
    0.11972E-03    0.95692E+03
    0.12214E-03    0.97561E+03
    0.12461E-03    0.99466E+03
    0.12712E-03    0.10141E+04
    0.12969E-03    0.10339E+04
    0.13231E-03    0.10541E+04
    0.13499E-03    0.10746E+04
    0.13771E-03    0.10956E+04
    0.14049E-03    0.11170E+04
    0.14333E-03    0.11388E+04
    0.14623E-03    0.11610E+04
    0.14918E-03    0.11837E+04
    0.15220E-03    0.12068E+04
    0.15527E-03    0.12303E+04
    0.15841E-03    0.12543E+04
    0.16161E-03    0.12788E+04
    0.16487E-03    0.13037E+04
    0.16820E-03    0.13292E+04
    0.17160E-03    0.13551E+04
    0.17507E-03    0.13815E+04
    0.17860E-03    0.14084E+04
    0.18221E-03    0.14359E+04
    0.18589E-03    0.14639E+04
    0.18965E-03    0.14924E+04
    0.19348E-03    0.15215E+04
    0.19739E-03    0.15511E+04
    0.20138E-03    0.15813E+04
    0.20544E-03    0.16121E+04
    0.20959E-03    0.16435E+04
    0.21383E-03    0.16755E+04
    0.21815E-03    0.17082E+04
    0.22255E-03    0.17414E+04
    0.22705E-03    0.17753E+04
    0.23164E-03    0.18099E+04
    0.23632E-03    0.18451E+04
    0.24109E-03    0.18810E+04
    0.24596E-03    0.19175E+04
    0.25093E-03    0.19548E+04
    0.25600E-03    0.19928E+04
    0.26117E-03    0.20315E+04
    0.26645E-03    0.20710E+04
    0.27183E-03    0.21112E+04
    0.27732E-03    0.21522E+04
    0.28292E-03    0.21940E+04
    0.28864E-03    0.22366E+04
    0.29447E-03    0.22800E+04
    0.30042E-03    0.23242E+04
    0.30649E-03    0.23693E+04
    0.31268E-03    0.24152E+04
    0.31899E-03    0.24620E+04
    0.32544E-03    0.25097E+04
    0.33201E-03    0.25583E+04
    0.33872E-03    0.26078E+04
    0.34556E-03    0.26583E+04
    0.35254E-03    0.27097E+04
    0.35966E-03    0.27621E+04
    0.36693E-03    0.28155E+04
    0.37434E-03    0.28698E+04
    0.38190E-03    0.29253E+04
    0.38962E-03    0.29817E+04
    0.39749E-03    0.30392E+04
    0.40552E-03    0.30978E+04
    0.41371E-03    0.31575E+04
    0.42207E-03    0.32183E+04
    0.43060E-03    0.32803E+04
    0.43929E-03    0.33434E+04
    0.44817E-03    0.34077E+04
    0.45722E-03    0.34731E+04
    0.46646E-03    0.35398E+04
    0.47588E-03    0.36078E+04
    0.48550E-03    0.36770E+04
    0.49530E-03    0.37474E+04
    0.50531E-03    0.38192E+04
    0.51552E-03    0.38923E+04
    0.52593E-03    0.39667E+04
    0.53656E-03    0.40425E+04
    0.54739E-03    0.41197E+04
    0.55845E-03    0.41983E+04
    0.56973E-03    0.42783E+04
    0.58124E-03    0.43597E+04
    0.59299E-03    0.44427E+04
    0.60496E-03    0.45271E+04
    0.61719E-03    0.46131E+04
    0.62965E-03    0.47006E+04
    0.64237E-03    0.47897E+04
    0.65535E-03    0.48804E+04
    0.66859E-03    0.49727E+04
    0.68210E-03    0.50666E+04
    0.69588E-03    0.51622E+04
    0.70993E-03    0.52595E+04
    0.72427E-03    0.53585E+04
    0.73891E-03    0.54593E+04
    0.75383E-03    0.55618E+04
    0.76906E-03    0.56661E+04
    0.78460E-03    0.57722E+04
    0.80045E-03    0.58802E+04
    0.81662E-03    0.59900E+04
    0.83311E-03    0.61017E+04
    0.84994E-03    0.62153E+04
    0.86711E-03    0.63309E+04
    0.88463E-03    0.64484E+04
    0.90250E-03    0.65679E+04
    0.92073E-03    0.66894E+04
    0.93933E-03    0.68130E+04
    0.95831E-03    0.69386E+04
    0.97767E-03    0.70663E+04
    0.99742E-03    0.71961E+04
    0.10176E-02    0.73281E+04
    0.10381E-02    0.74622E+04
    0.10591E-02    0.75985E+04
    0.10805E-02    0.77370E+04
    0.11023E-02    0.78777E+04
    0.11246E-02    0.80206E+04
    0.11473E-02    0.81659E+04
    0.11705E-02    0.83134E+04
    0.11941E-02    0.84632E+04
    0.12182E-02    0.86154E+04
    0.12429E-02    0.87699E+04
    0.12680E-02    0.89267E+04
    0.12936E-02    0.90860E+04
    0.13197E-02    0.92477E+04
    0.13464E-02    0.94117E+04
    0.13736E-02    0.95783E+04
    0.14013E-02    0.97472E+04
    0.14296E-02    0.99187E+04
    0.14585E-02    0.10093E+05
    0.14880E-02    0.10269E+05
    0.15180E-02    0.10448E+05
    0.15487E-02    0.10629E+05
    0.15800E-02    0.10813E+05
    0.16119E-02    0.11000E+05
    0.16445E-02    0.11189E+05
    0.16777E-02    0.11380E+05
    0.17116E-02    0.11574E+05
    0.17462E-02    0.11771E+05
    0.17814E-02    0.11970E+05
    0.18174E-02    0.12172E+05
    0.18541E-02    0.12376E+05
    0.18916E-02    0.12583E+05
    0.19298E-02    0.12792E+05
    0.19688E-02    0.13004E+05
    0.20086E-02    0.13218E+05
    0.20491E-02    0.13435E+05
    0.20905E-02    0.13655E+05
    0.21328E-02    0.13876E+05
    0.21758E-02    0.14101E+05
    0.22198E-02    0.14327E+05
    0.22646E-02    0.14557E+05
    0.23104E-02    0.14788E+05
    0.23571E-02    0.15022E+05
    0.24047E-02    0.15258E+05
    0.24533E-02    0.15497E+05
    0.25028E-02    0.15737E+05
    0.25534E-02    0.15980E+05
    0.26050E-02    0.16226E+05
    0.26576E-02    0.16473E+05
    0.27113E-02    0.16723E+05
    0.27660E-02    0.16974E+05
    0.28219E-02    0.17228E+05
    0.28789E-02    0.17483E+05
    0.29371E-02    0.17740E+05
    0.29964E-02    0.18000E+05
    0.30569E-02    0.18261E+05
    0.31187E-02    0.18523E+05
    0.31817E-02    0.18788E+05
    0.32460E-02    0.19054E+05
    0.33115E-02    0.19321E+05
    0.33784E-02    0.19590E+05
    0.34467E-02    0.19860E+05
    0.35163E-02    0.20131E+05
    0.35874E-02    0.20404E+05
    0.36598E-02    0.20677E+05
    0.37338E-02    0.20952E+05
    0.38092E-02    0.21227E+05
    0.38861E-02    0.21503E+05
    0.39646E-02    0.21780E+05
    0.40447E-02    0.22057E+05
    0.41264E-02    0.22335E+05
    0.42098E-02    0.22613E+05
    0.42948E-02    0.22891E+05
    0.43816E-02    0.23168E+05
    0.44701E-02    0.23446E+05
    0.45604E-02    0.23724E+05
    0.46525E-02    0.24001E+05
    0.47465E-02    0.24277E+05
    0.48424E-02    0.24553E+05
    0.49402E-02    0.24828E+05
    0.50400E-02    0.25102E+05
    0.51419E-02    0.25375E+05
    0.52457E-02    0.25646E+05
    0.53517E-02    0.25916E+05
    0.54598E-02    0.26184E+05
    0.55701E-02    0.26449E+05
    0.56826E-02    0.26712E+05
    0.57974E-02    0.26973E+05
    0.59145E-02    0.27231E+05
    0.60340E-02    0.27486E+05
    0.61559E-02    0.27739E+05
    0.62803E-02    0.27988E+05
    0.64072E-02    0.28233E+05
    0.65366E-02    0.28474E+05
    0.66686E-02    0.28712E+05
    0.68033E-02    0.28945E+05
    0.69408E-02    0.29173E+05
    0.70810E-02    0.29396E+05
    0.72240E-02    0.29615E+05
    0.73700E-02    0.29829E+05
    0.75189E-02    0.30036E+05
    0.76708E-02    0.30239E+05
    0.78257E-02    0.30435E+05
    0.79838E-02    0.30624E+05
    0.81451E-02    0.30807E+05
    0.83096E-02    0.30983E+05
    0.84775E-02    0.31152E+05
    0.86488E-02    0.31313E+05
    0.88235E-02    0.31466E+05
    0.90017E-02    0.31611E+05
    0.91836E-02    0.31747E+05
    0.93691E-02    0.31875E+05
    0.95583E-02    0.31993E+05
    0.97514E-02    0.32102E+05
    0.99484E-02    0.32201E+05
    0.10149E-01    0.32289E+05
    0.10354E-01    0.32367E+05
    0.10564E-01    0.32435E+05
    0.10777E-01    0.32491E+05
    0.10995E-01    0.32536E+05
    0.11217E-01    0.32569E+05
    0.11443E-01    0.32589E+05
    0.11675E-01    0.32598E+05
    0.11910E-01    0.32593E+05
    0.12151E-01    0.32576E+05
    0.12397E-01    0.32545E+05
    0.12647E-01    0.32500E+05
    0.12902E-01    0.32442E+05
    0.13163E-01    0.32369E+05
    0.13429E-01    0.32282E+05
    0.13700E-01    0.32180E+05
    0.13977E-01    0.32062E+05
    0.14259E-01    0.31930E+05
    0.14547E-01    0.31782E+05
    0.14841E-01    0.31619E+05
    0.15141E-01    0.31439E+05
    0.15447E-01    0.31244E+05
    0.15759E-01    0.31033E+05
    0.16077E-01    0.30806E+05
    0.16402E-01    0.30562E+05
    0.16734E-01    0.30303E+05
    0.17072E-01    0.30027E+05
    0.17416E-01    0.29735E+05
    0.17768E-01    0.29427E+05
    0.18127E-01    0.29103E+05
    0.18493E-01    0.28764E+05
    0.18867E-01    0.28409E+05
    0.19248E-01    0.28039E+05
    0.19637E-01    0.27654E+05
    0.20034E-01    0.27255E+05
    0.20438E-01    0.26842E+05
    0.20851E-01    0.26415E+05
    0.21272E-01    0.25976E+05
    0.21702E-01    0.25524E+05
    0.22141E-01    0.25061E+05
    0.22588E-01    0.24587E+05
    0.23044E-01    0.24103E+05
    0.23510E-01    0.23611E+05
    0.23985E-01    0.23110E+05
    0.24469E-01    0.22602E+05
    0.24964E-01    0.22088E+05
    0.25468E-01    0.21569E+05
    0.25982E-01    0.21046E+05
    0.26507E-01    0.20521E+05
    0.27043E-01    0.19994E+05
    0.27589E-01    0.19467E+05
    0.28146E-01    0.18942E+05
    0.28715E-01    0.18419E+05
    0.29295E-01    0.17900E+05
    0.29887E-01    0.17387E+05
    0.30490E-01    0.16879E+05
    0.31106E-01    0.16380E+05
    0.31735E-01    0.15890E+05
    0.32376E-01    0.15410E+05
    0.33030E-01    0.14942E+05
    0.33697E-01    0.14487E+05
    0.34378E-01    0.14045E+05
    0.35072E-01    0.13619E+05
    0.35781E-01    0.13208E+05
    0.36504E-01    0.12814E+05
    0.37241E-01    0.12437E+05
    0.37993E-01    0.12078E+05
    0.38761E-01    0.11737E+05
    0.39544E-01    0.11415E+05
    0.40343E-01    0.11112E+05
    0.41158E-01    0.10829E+05
    0.41989E-01    0.10565E+05
    0.42838E-01    0.10322E+05
    0.43703E-01    0.10099E+05
    0.44586E-01    0.98955E+04
    0.45486E-01    0.97095E+04
    0.46405E-01    0.95392E+04
    0.47343E-01    0.93829E+04
    0.48299E-01    0.92392E+04
    0.49275E-01    0.91069E+04
    0.50270E-01    0.89849E+04
    0.51286E-01    0.88721E+04
    0.52322E-01    0.87671E+04
    0.53379E-01    0.86681E+04
    0.54457E-01    0.85733E+04
    0.55557E-01    0.84808E+04
    0.56680E-01    0.83882E+04
    0.57825E-01    0.82929E+04
    0.58993E-01    0.81920E+04
    0.60184E-01    0.80831E+04
    0.61400E-01    0.79632E+04
    0.62641E-01    0.78298E+04
    0.63906E-01    0.76807E+04
    0.65197E-01    0.75146E+04
    0.66514E-01    0.73307E+04
    0.67858E-01    0.71288E+04
    0.69229E-01    0.69100E+04
    0.70627E-01    0.66759E+04
    0.72054E-01    0.64286E+04
    0.73510E-01    0.61706E+04
    0.74994E-01    0.59044E+04
    0.76509E-01    0.56331E+04
    0.78055E-01    0.53601E+04
    0.79632E-01    0.50887E+04
    0.81241E-01    0.48225E+04
    0.82882E-01    0.45649E+04
    0.84556E-01    0.43194E+04
    0.86264E-01    0.40899E+04
    0.88007E-01    0.38794E+04
    0.89785E-01    0.36900E+04
    0.91598E-01    0.35235E+04
    0.93449E-01    0.33811E+04
    0.95337E-01    0.32621E+04
    0.97263E-01    0.31652E+04
    0.99227E-01    0.30889E+04
    0.10123E+00    0.30301E+04
    0.10328E+00    0.29858E+04
    0.10536E+00    0.29525E+04
    0.10749E+00    0.29261E+04
    0.10966E+00    0.29026E+04
    0.11188E+00    0.28774E+04
    0.11414E+00    0.28462E+04
    0.11644E+00    0.28051E+04
    0.11880E+00    0.27509E+04
    0.12120E+00    0.26815E+04
    0.12365E+00    0.25960E+04
    0.12614E+00    0.24952E+04
    0.12869E+00    0.23807E+04
    0.13129E+00    0.22560E+04
    0.13394E+00    0.21253E+04
    0.13665E+00    0.19943E+04
    0.13941E+00    0.18684E+04
    0.14223E+00    0.17528E+04
    0.14510E+00    0.16510E+04
    0.14803E+00    0.15652E+04
    0.15102E+00    0.14958E+04
    0.15407E+00    0.14423E+04
    0.15718E+00    0.14032E+04
    0.16036E+00    0.13762E+04
    0.16360E+00    0.13576E+04
    0.16690E+00    0.13428E+04
    0.17028E+00    0.13266E+04
    0.17371E+00    0.13044E+04
    0.17722E+00    0.12732E+04
    0.18080E+00    0.12319E+04
    0.18446E+00    0.11808E+04
    0.18818E+00    0.11217E+04
    0.19198E+00    0.10578E+04
    0.19586E+00    0.99339E+03
    0.19982E+00    0.93285E+03
    0.20386E+00    0.87965E+03
    0.20797E+00    0.83574E+03
    0.21218E+00    0.80170E+03
    0.21646E+00    0.77665E+03
    0.22083E+00    0.75823E+03
    0.22530E+00    0.74290E+03
    0.22985E+00    0.72705E+03
    0.23449E+00    0.70800E+03
    0.23923E+00    0.68419E+03
    0.24406E+00    0.65526E+03
    0.24899E+00    0.62237E+03
    0.25402E+00    0.58814E+03
    0.25915E+00    0.55555E+03
    0.26439E+00    0.52678E+03
    0.26973E+00    0.50297E+03
    0.27518E+00    0.48405E+03
    0.28074E+00    0.46881E+03
    0.28641E+00    0.45519E+03
    0.29219E+00    0.44111E+03
    0.29810E+00    0.42516E+03
    0.30412E+00    0.40707E+03
    0.31026E+00    0.38758E+03
    0.31653E+00    0.36803E+03
    0.32292E+00    0.34989E+03
    0.32945E+00    0.33412E+03
    0.33610E+00    0.32074E+03
    0.34289E+00    0.30904E+03
    0.34982E+00    0.29793E+03
    0.35689E+00    0.28647E+03
    0.36409E+00    0.27433E+03
    0.37145E+00    0.26172E+03
    0.37895E+00    0.24939E+03
    0.38661E+00    0.23796E+03
    0.39442E+00    0.22771E+03
    0.40239E+00    0.21849E+03
    0.41052E+00    0.20975E+03
    0.41881E+00    0.20108E+03
    0.42727E+00    0.19229E+03
    0.43590E+00    0.18359E+03
    0.44471E+00    0.17527E+03
    0.45369E+00    0.16755E+03
    0.46286E+00    0.16040E+03
    0.47221E+00    0.15361E+03
    0.48174E+00    0.14698E+03
    0.49148E+00    0.14047E+03
    0.50141E+00    0.13416E+03
    0.51153E+00    0.12819E+03
    0.52187E+00    0.12255E+03
    0.53241E+00    0.11719E+03
    0.54317E+00    0.11203E+03
    0.55414E+00    0.10703E+03
    0.56533E+00    0.10223E+03
    0.57675E+00    0.97656E+02
    0.58840E+00    0.93307E+02
    0.60029E+00    0.89146E+02
    0.61242E+00    0.85158E+02
    0.62479E+00    0.81338E+02
    0.63741E+00    0.77679E+02
    0.65029E+00    0.74175E+02
    0.66342E+00    0.70822E+02
    0.67683E+00    0.67613E+02
    0.69050E+00    0.64543E+02
    0.70445E+00    0.61607E+02
    0.71868E+00    0.58800E+02
    0.73320E+00    0.56116E+02
    0.74801E+00    0.53552E+02
    0.76312E+00    0.51102E+02
    0.77854E+00    0.48760E+02
    0.79426E+00    0.46523E+02
    0.81031E+00    0.44386E+02
    0.82668E+00    0.42344E+02
    0.84338E+00    0.40393E+02
    0.86041E+00    0.38529E+02
    0.87780E+00    0.36748E+02
    0.89553E+00    0.35048E+02
    0.91362E+00    0.33423E+02
    0.93208E+00    0.31872E+02
    0.95091E+00    0.30390E+02
    0.97011E+00    0.28975E+02
    0.98971E+00    0.27624E+02
    0.10097E+01    0.26334E+02
    0.10301E+01    0.25103E+02
    0.10509E+01    0.23927E+02
    0.10721E+01    0.22805E+02
    0.10938E+01    0.21734E+02
    0.11159E+01    0.20712E+02
    0.11384E+01    0.19737E+02
    0.11614E+01    0.18806E+02
    0.11849E+01    0.17918E+02
    0.12088E+01    0.17071E+02
    0.12333E+01    0.16263E+02
    0.12582E+01    0.15492E+02
    0.12836E+01    0.14757E+02
    0.13095E+01    0.14056E+02
    0.13360E+01    0.13388E+02
    0.13630E+01    0.12750E+02
    0.13905E+01    0.12143E+02
    0.14186E+01    0.11563E+02
    0.14472E+01    0.11011E+02
    0.14765E+01    0.10484E+02
    0.15063E+01    0.99819E+01
    0.15367E+01    0.95034E+01
    0.15678E+01    0.90473E+01
    0.15994E+01    0.86125E+01
    0.16318E+01    0.81981E+01
    0.16647E+01    0.78032E+01
    0.16984E+01    0.74269E+01
    0.17327E+01    0.70682E+01
    0.17677E+01    0.67265E+01
    0.18034E+01    0.64008E+01
    0.18398E+01    0.60905E+01
    0.18770E+01    0.57949E+01
    0.19149E+01    0.55134E+01
    0.19536E+01    0.52453E+01
    0.19930E+01    0.49900E+01
    0.20333E+01    0.47470E+01
    0.20744E+01    0.45157E+01
    0.21163E+01    0.42956E+01
    0.21590E+01    0.40861E+01
    0.22026E+01    0.38868E+01
