    0.10000E-03    0.34692E+03
    0.10202E-03    0.35370E+03
    0.10408E-03    0.36061E+03
    0.10618E-03    0.36766E+03
    0.10833E-03    0.37485E+03
    0.11052E-03    0.38217E+03
    0.11275E-03    0.38964E+03
    0.11503E-03    0.39726E+03
    0.11735E-03    0.40502E+03
    0.11972E-03    0.41294E+03
    0.12214E-03    0.42101E+03
    0.12461E-03    0.42924E+03
    0.12712E-03    0.43762E+03
    0.12969E-03    0.44618E+03
    0.13231E-03    0.45490E+03
    0.13499E-03    0.46379E+03
    0.13771E-03    0.47285E+03
    0.14049E-03    0.48209E+03
    0.14333E-03    0.49151E+03
    0.14623E-03    0.50111E+03
    0.14918E-03    0.51090E+03
    0.15220E-03    0.52089E+03
    0.15527E-03    0.53106E+03
    0.15841E-03    0.54144E+03
    0.16161E-03    0.55202E+03
    0.16487E-03    0.56280E+03
    0.16820E-03    0.57379E+03
    0.17160E-03    0.58500E+03
    0.17507E-03    0.59643E+03
    0.17860E-03    0.60808E+03
    0.18221E-03    0.61996E+03
    0.18589E-03    0.63206E+03
    0.18965E-03    0.64441E+03
    0.19348E-03    0.65699E+03
    0.19739E-03    0.66982E+03
    0.20138E-03    0.68290E+03
    0.20544E-03    0.69623E+03
    0.20959E-03    0.70983E+03
    0.21383E-03    0.72368E+03
    0.21815E-03    0.73781E+03
    0.22255E-03    0.75221E+03
    0.22705E-03    0.76690E+03
    0.23164E-03    0.78186E+03
    0.23632E-03    0.79712E+03
    0.24109E-03    0.81268E+03
    0.24596E-03    0.82854E+03
    0.25093E-03    0.84470E+03
    0.25600E-03    0.86118E+03
    0.26117E-03    0.87798E+03
    0.26645E-03    0.89511E+03
    0.27183E-03    0.91256E+03
    0.27732E-03    0.93036E+03
    0.28292E-03    0.94850E+03
    0.28864E-03    0.96700E+03
    0.29447E-03    0.98585E+03
    0.30042E-03    0.10051E+04
    0.30649E-03    0.10247E+04
    0.31268E-03    0.10446E+04
    0.31899E-03    0.10650E+04
    0.32544E-03    0.10857E+04
    0.33201E-03    0.11069E+04
    0.33872E-03    0.11284E+04
    0.34556E-03    0.11504E+04
    0.35254E-03    0.11728E+04
    0.35966E-03    0.11956E+04
    0.36693E-03    0.12189E+04
    0.37434E-03    0.12426E+04
    0.38190E-03    0.12668E+04
    0.38962E-03    0.12915E+04
    0.39749E-03    0.13166E+04
    0.40552E-03    0.13422E+04
    0.41371E-03    0.13683E+04
    0.42207E-03    0.13949E+04
    0.43060E-03    0.14220E+04
    0.43929E-03    0.14496E+04
    0.44817E-03    0.14778E+04
    0.45722E-03    0.15065E+04
    0.46646E-03    0.15357E+04
    0.47588E-03    0.15655E+04
    0.48550E-03    0.15959E+04
    0.49530E-03    0.16268E+04
    0.50531E-03    0.16584E+04
    0.51552E-03    0.16905E+04
    0.52593E-03    0.17233E+04
    0.53656E-03    0.17567E+04
    0.54739E-03    0.17907E+04
    0.55845E-03    0.18254E+04
    0.56973E-03    0.18607E+04
    0.58124E-03    0.18967E+04
    0.59299E-03    0.19334E+04
    0.60496E-03    0.19707E+04
    0.61719E-03    0.20088E+04
    0.62965E-03    0.20476E+04
    0.64237E-03    0.20871E+04
    0.65535E-03    0.21274E+04
    0.66859E-03    0.21684E+04
    0.68210E-03    0.22102E+04
    0.69588E-03    0.22528E+04
    0.70993E-03    0.22962E+04
    0.72427E-03    0.23404E+04
    0.73891E-03    0.23854E+04
    0.75383E-03    0.24313E+04
    0.76906E-03    0.24780E+04
    0.78460E-03    0.25256E+04
    0.80045E-03    0.25741E+04
    0.81662E-03    0.26235E+04
    0.83311E-03    0.26737E+04
    0.84994E-03    0.27250E+04
    0.86711E-03    0.27771E+04
    0.88463E-03    0.28302E+04
    0.90250E-03    0.28843E+04
    0.92073E-03    0.29394E+04
    0.93933E-03    0.29955E+04
    0.95831E-03    0.30527E+04
    0.97767E-03    0.31108E+04
    0.99742E-03    0.31700E+04
    0.10176E-02    0.32303E+04
    0.10381E-02    0.32917E+04
    0.10591E-02    0.33542E+04
    0.10805E-02    0.34179E+04
    0.11023E-02    0.34826E+04
    0.11246E-02    0.35486E+04
    0.11473E-02    0.36157E+04
    0.11705E-02    0.36840E+04
    0.11941E-02    0.37535E+04
    0.12182E-02    0.38243E+04
    0.12429E-02    0.38963E+04
    0.12680E-02    0.39696E+04
    0.12936E-02    0.40441E+04
    0.13197E-02    0.41200E+04
    0.13464E-02    0.41972E+04
    0.13736E-02    0.42758E+04
    0.14013E-02    0.43557E+04
    0.14296E-02    0.44369E+04
    0.14585E-02    0.45196E+04
    0.14880E-02    0.46037E+04
    0.15180E-02    0.46892E+04
    0.15487E-02    0.47762E+04
    0.15800E-02    0.48647E+04
    0.16119E-02    0.49546E+04
    0.16445E-02    0.50461E+04
    0.16777E-02    0.51391E+04
    0.17116E-02    0.52336E+04
    0.17462E-02    0.53297E+04
    0.17814E-02    0.54273E+04
    0.18174E-02    0.55266E+04
    0.18541E-02    0.56275E+04
    0.18916E-02    0.57300E+04
    0.19298E-02    0.58341E+04
    0.19688E-02    0.59399E+04
    0.20086E-02    0.60475E+04
    0.20491E-02    0.61566E+04
    0.20905E-02    0.62676E+04
    0.21328E-02    0.63802E+04
    0.21758E-02    0.64946E+04
    0.22198E-02    0.66107E+04
    0.22646E-02    0.67286E+04
    0.23104E-02    0.68483E+04
    0.23571E-02    0.69698E+04
    0.24047E-02    0.70931E+04
    0.24533E-02    0.72183E+04
    0.25028E-02    0.73452E+04
    0.25534E-02    0.74740E+04
    0.26050E-02    0.76047E+04
    0.26576E-02    0.77372E+04
    0.27113E-02    0.78716E+04
    0.27660E-02    0.80078E+04
    0.28219E-02    0.81460E+04
    0.28789E-02    0.82860E+04
    0.29371E-02    0.84280E+04
    0.29964E-02    0.85718E+04
    0.30569E-02    0.87176E+04
    0.31187E-02    0.88652E+04
    0.31817E-02    0.90148E+04
    0.32460E-02    0.91662E+04
    0.33115E-02    0.93196E+04
    0.33784E-02    0.94749E+04
    0.34467E-02    0.96320E+04
    0.35163E-02    0.97911E+04
    0.35874E-02    0.99521E+04
    0.36598E-02    0.10115E+05
    0.37338E-02    0.10280E+05
    0.38092E-02    0.10446E+05
    0.38861E-02    0.10615E+05
    0.39646E-02    0.10785E+05
    0.40447E-02    0.10957E+05
    0.41264E-02    0.11131E+05
    0.42098E-02    0.11306E+05
    0.42948E-02    0.11484E+05
    0.43816E-02    0.11663E+05
    0.44701E-02    0.11844E+05
    0.45604E-02    0.12026E+05
    0.46525E-02    0.12210E+05
    0.47465E-02    0.12396E+05
    0.48424E-02    0.12583E+05
    0.49402E-02    0.12772E+05
    0.50400E-02    0.12962E+05
    0.51419E-02    0.13154E+05
    0.52457E-02    0.13347E+05
    0.53517E-02    0.13542E+05
    0.54598E-02    0.13738E+05
    0.55701E-02    0.13935E+05
    0.56826E-02    0.14133E+05
    0.57974E-02    0.14333E+05
    0.59145E-02    0.14533E+05
    0.60340E-02    0.14735E+05
    0.61559E-02    0.14938E+05
    0.62803E-02    0.15141E+05
    0.64072E-02    0.15345E+05
    0.65366E-02    0.15550E+05
    0.66686E-02    0.15756E+05
    0.68033E-02    0.15962E+05
    0.69408E-02    0.16168E+05
    0.70810E-02    0.16375E+05
    0.72240E-02    0.16582E+05
    0.73700E-02    0.16789E+05
    0.75189E-02    0.16996E+05
    0.76708E-02    0.17203E+05
    0.78257E-02    0.17410E+05
    0.79838E-02    0.17616E+05
    0.81451E-02    0.17822E+05
    0.83096E-02    0.18027E+05
    0.84775E-02    0.18232E+05
    0.86488E-02    0.18435E+05
    0.88235E-02    0.18638E+05
    0.90017E-02    0.18840E+05
    0.91836E-02    0.19040E+05
    0.93691E-02    0.19239E+05
    0.95583E-02    0.19436E+05
    0.97514E-02    0.19631E+05
    0.99484E-02    0.19824E+05
    0.10149E-01    0.20015E+05
    0.10354E-01    0.20204E+05
    0.10564E-01    0.20390E+05
    0.10777E-01    0.20573E+05
    0.10995E-01    0.20754E+05
    0.11217E-01    0.20931E+05
    0.11443E-01    0.21104E+05
    0.11675E-01    0.21275E+05
    0.11910E-01    0.21441E+05
    0.12151E-01    0.21603E+05
    0.12397E-01    0.21761E+05
    0.12647E-01    0.21915E+05
    0.12902E-01    0.22064E+05
    0.13163E-01    0.22208E+05
    0.13429E-01    0.22346E+05
    0.13700E-01    0.22479E+05
    0.13977E-01    0.22606E+05
    0.14259E-01    0.22728E+05
    0.14547E-01    0.22843E+05
    0.14841E-01    0.22951E+05
    0.15141E-01    0.23053E+05
    0.15447E-01    0.23148E+05
    0.15759E-01    0.23236E+05
    0.16077E-01    0.23315E+05
    0.16402E-01    0.23388E+05
    0.16734E-01    0.23452E+05
    0.17072E-01    0.23508E+05
    0.17416E-01    0.23555E+05
    0.17768E-01    0.23593E+05
    0.18127E-01    0.23623E+05
    0.18493E-01    0.23643E+05
    0.18867E-01    0.23654E+05
    0.19248E-01    0.23655E+05
    0.19637E-01    0.23646E+05
    0.20034E-01    0.23627E+05
    0.20438E-01    0.23598E+05
    0.20851E-01    0.23559E+05
    0.21272E-01    0.23509E+05
    0.21702E-01    0.23449E+05
    0.22141E-01    0.23378E+05
    0.22588E-01    0.23296E+05
    0.23044E-01    0.23203E+05
    0.23510E-01    0.23100E+05
    0.23985E-01    0.22986E+05
    0.24469E-01    0.22861E+05
    0.24964E-01    0.22725E+05
    0.25468E-01    0.22579E+05
    0.25982E-01    0.22422E+05
    0.26507E-01    0.22256E+05
    0.27043E-01    0.22079E+05
    0.27589E-01    0.21892E+05
    0.28146E-01    0.21696E+05
    0.28715E-01    0.21491E+05
    0.29295E-01    0.21277E+05
    0.29887E-01    0.21055E+05
    0.30490E-01    0.20825E+05
    0.31106E-01    0.20587E+05
    0.31735E-01    0.20343E+05
    0.32376E-01    0.20092E+05
    0.33030E-01    0.19836E+05
    0.33697E-01    0.19575E+05
    0.34378E-01    0.19309E+05
    0.35072E-01    0.19040E+05
    0.35781E-01    0.18767E+05
    0.36504E-01    0.18493E+05
    0.37241E-01    0.18218E+05
    0.37993E-01    0.17942E+05
    0.38761E-01    0.17665E+05
    0.39544E-01    0.17390E+05
    0.40343E-01    0.17116E+05
    0.41158E-01    0.16843E+05
    0.41989E-01    0.16573E+05
    0.42838E-01    0.16307E+05
    0.43703E-01    0.16044E+05
    0.44586E-01    0.15788E+05
    0.45486E-01    0.15537E+05
    0.46405E-01    0.15293E+05
    0.47343E-01    0.15056E+05
    0.48299E-01    0.14826E+05
    0.49275E-01    0.14604E+05
    0.50270E-01    0.14389E+05
    0.51286E-01    0.14183E+05
    0.52322E-01    0.13983E+05
    0.53379E-01    0.13791E+05
    0.54457E-01    0.13604E+05
    0.55557E-01    0.13424E+05
    0.56680E-01    0.13248E+05
    0.57825E-01    0.13077E+05
    0.58993E-01    0.12909E+05
    0.60184E-01    0.12744E+05
    0.61400E-01    0.12580E+05
    0.62641E-01    0.12417E+05
    0.63906E-01    0.12254E+05
    0.65197E-01    0.12090E+05
    0.66514E-01    0.11923E+05
    0.67858E-01    0.11752E+05
    0.69229E-01    0.11576E+05
    0.70627E-01    0.11395E+05
    0.72054E-01    0.11207E+05
    0.73510E-01    0.11011E+05
    0.74994E-01    0.10806E+05
    0.76509E-01    0.10593E+05
    0.78055E-01    0.10369E+05
    0.79632E-01    0.10135E+05
    0.81241E-01    0.98920E+04
    0.82882E-01    0.96397E+04
    0.84556E-01    0.93800E+04
    0.86264E-01    0.91146E+04
    0.88007E-01    0.88454E+04
    0.89785E-01    0.85749E+04
    0.91598E-01    0.83053E+04
    0.93449E-01    0.80391E+04
    0.95337E-01    0.77787E+04
    0.97263E-01    0.75262E+04
    0.99227E-01    0.72838E+04
    0.10123E+00    0.70532E+04
    0.10328E+00    0.68361E+04
    0.10536E+00    0.66336E+04
    0.10749E+00    0.64468E+04
    0.10966E+00    0.62756E+04
    0.11188E+00    0.61200E+04
    0.11414E+00    0.59789E+04
    0.11644E+00    0.58506E+04
    0.11880E+00    0.57331E+04
    0.12120E+00    0.56235E+04
    0.12365E+00    0.55190E+04
    0.12614E+00    0.54164E+04
    0.12869E+00    0.53127E+04
    0.13129E+00    0.52052E+04
    0.13394E+00    0.50915E+04
    0.13665E+00    0.49696E+04
    0.13941E+00    0.48385E+04
    0.14223E+00    0.46979E+04
    0.14510E+00    0.45485E+04
    0.14803E+00    0.43920E+04
    0.15102E+00    0.42308E+04
    0.15407E+00    0.40678E+04
    0.15718E+00    0.39066E+04
    0.16036E+00    0.37504E+04
    0.16360E+00    0.36024E+04
    0.16690E+00    0.34654E+04
    0.17028E+00    0.33415E+04
    0.17371E+00    0.32315E+04
    0.17722E+00    0.31349E+04
    0.18080E+00    0.30500E+04
    0.18446E+00    0.29741E+04
    0.18818E+00    0.29039E+04
    0.19198E+00    0.28361E+04
    0.19586E+00    0.27677E+04
    0.19982E+00    0.26957E+04
    0.20386E+00    0.26179E+04
    0.20797E+00    0.25332E+04
    0.21218E+00    0.24421E+04
    0.21646E+00    0.23466E+04
    0.22083E+00    0.22500E+04
    0.22530E+00    0.21556E+04
    0.22985E+00    0.20664E+04
    0.23449E+00    0.19844E+04
    0.23923E+00    0.19109E+04
    0.24406E+00    0.18461E+04
    0.24899E+00    0.17888E+04
    0.25402E+00    0.17369E+04
    0.25915E+00    0.16876E+04
    0.26439E+00    0.16381E+04
    0.26973E+00    0.15864E+04
    0.27518E+00    0.15312E+04
    0.28074E+00    0.14729E+04
    0.28641E+00    0.14132E+04
    0.29219E+00    0.13544E+04
    0.29810E+00    0.12986E+04
    0.30412E+00    0.12471E+04
    0.31026E+00    0.12006E+04
    0.31653E+00    0.11589E+04
    0.32292E+00    0.11204E+04
    0.32945E+00    0.10833E+04
    0.33610E+00    0.10460E+04
    0.34289E+00    0.10077E+04
    0.34982E+00    0.96842E+03
    0.35689E+00    0.92907E+03
    0.36409E+00    0.89090E+03
    0.37145E+00    0.85506E+03
    0.37895E+00    0.82205E+03
    0.38661E+00    0.79156E+03
    0.39442E+00    0.76274E+03
    0.40239E+00    0.73465E+03
    0.41052E+00    0.70667E+03
    0.41881E+00    0.67869E+03
    0.42727E+00    0.65108E+03
    0.43590E+00    0.62452E+03
    0.44471E+00    0.59951E+03
    0.45369E+00    0.57603E+03
    0.46286E+00    0.55373E+03
    0.47221E+00    0.53219E+03
    0.48174E+00    0.51108E+03
    0.49148E+00    0.49035E+03
    0.50141E+00    0.47025E+03
    0.51153E+00    0.45106E+03
    0.52187E+00    0.43283E+03
    0.53241E+00    0.41544E+03
    0.54317E+00    0.39869E+03
    0.55414E+00    0.38242E+03
    0.56533E+00    0.36664E+03
    0.57675E+00    0.35147E+03
    0.58840E+00    0.33695E+03
    0.60029E+00    0.32308E+03
    0.61242E+00    0.30974E+03
    0.62479E+00    0.29687E+03
    0.63741E+00    0.28446E+03
    0.65029E+00    0.27253E+03
    0.66342E+00    0.26111E+03
    0.67683E+00    0.25016E+03
    0.69050E+00    0.23964E+03
    0.70445E+00    0.22952E+03
    0.71868E+00    0.21981E+03
    0.73320E+00    0.21047E+03
    0.74801E+00    0.20151E+03
    0.76312E+00    0.19291E+03
    0.77854E+00    0.18465E+03
    0.79426E+00    0.17673E+03
    0.81031E+00    0.16913E+03
    0.82668E+00    0.16183E+03
    0.84338E+00    0.15484E+03
    0.86041E+00    0.14813E+03
    0.87780E+00    0.14171E+03
    0.89553E+00    0.13554E+03
    0.91362E+00    0.12964E+03
    0.93208E+00    0.12397E+03
    0.95091E+00    0.11855E+03
    0.97011E+00    0.11335E+03
    0.98971E+00    0.10837E+03
    0.10097E+01    0.10360E+03
    0.10301E+01    0.99025E+02
    0.10509E+01    0.94646E+02
    0.10721E+01    0.90451E+02
    0.10938E+01    0.86435E+02
    0.11159E+01    0.82589E+02
    0.11384E+01    0.78907E+02
    0.11614E+01    0.75383E+02
    0.11849E+01    0.72009E+02
    0.12088E+01    0.68781E+02
    0.12333E+01    0.65691E+02
    0.12582E+01    0.62735E+02
    0.12836E+01    0.59908E+02
    0.13095E+01    0.57203E+02
    0.13360E+01    0.54616E+02
    0.13630E+01    0.52141E+02
    0.13905E+01    0.49775E+02
    0.14186E+01    0.47513E+02
    0.14472E+01    0.45349E+02
    0.14765E+01    0.43280E+02
    0.15063E+01    0.41302E+02
    0.15367E+01    0.39411E+02
    0.15678E+01    0.37604E+02
    0.15994E+01    0.35876E+02
    0.16318E+01    0.34224E+02
    0.16647E+01    0.32645E+02
    0.16984E+01    0.31136E+02
    0.17327E+01    0.29695E+02
    0.17677E+01    0.28318E+02
    0.18034E+01    0.27004E+02
    0.18398E+01    0.25749E+02
    0.18770E+01    0.24551E+02
    0.19149E+01    0.23408E+02
    0.19536E+01    0.22318E+02
    0.19930E+01    0.21278E+02
    0.20333E+01    0.20286E+02
