    0.10000E-03    0.89010E+03
    0.10202E-03    0.90749E+03
    0.10408E-03    0.92521E+03
    0.10618E-03    0.94328E+03
    0.10833E-03    0.96170E+03
    0.11052E-03    0.98048E+03
    0.11275E-03    0.99963E+03
    0.11503E-03    0.10191E+04
    0.11735E-03    0.10390E+04
    0.11972E-03    0.10593E+04
    0.12214E-03    0.10800E+04
    0.12461E-03    0.11011E+04
    0.12712E-03    0.11226E+04
    0.12969E-03    0.11445E+04
    0.13231E-03    0.11668E+04
    0.13499E-03    0.11896E+04
    0.13771E-03    0.12128E+04
    0.14049E-03    0.12365E+04
    0.14333E-03    0.12606E+04
    0.14623E-03    0.12852E+04
    0.14918E-03    0.13103E+04
    0.15220E-03    0.13359E+04
    0.15527E-03    0.13619E+04
    0.15841E-03    0.13885E+04
    0.16161E-03    0.14155E+04
    0.16487E-03    0.14431E+04
    0.16820E-03    0.14713E+04
    0.17160E-03    0.15000E+04
    0.17507E-03    0.15292E+04
    0.17860E-03    0.15590E+04
    0.18221E-03    0.15894E+04
    0.18589E-03    0.16203E+04
    0.18965E-03    0.16519E+04
    0.19348E-03    0.16841E+04
    0.19739E-03    0.17169E+04
    0.20138E-03    0.17503E+04
    0.20544E-03    0.17844E+04
    0.20959E-03    0.18191E+04
    0.21383E-03    0.18545E+04
    0.21815E-03    0.18906E+04
    0.22255E-03    0.19274E+04
    0.22705E-03    0.19649E+04
    0.23164E-03    0.20031E+04
    0.23632E-03    0.20420E+04
    0.24109E-03    0.20817E+04
    0.24596E-03    0.21222E+04
    0.25093E-03    0.21634E+04
    0.25600E-03    0.22054E+04
    0.26117E-03    0.22482E+04
    0.26645E-03    0.22919E+04
    0.27183E-03    0.23363E+04
    0.27732E-03    0.23817E+04
    0.28292E-03    0.24279E+04
    0.28864E-03    0.24749E+04
    0.29447E-03    0.25229E+04
    0.30042E-03    0.25718E+04
    0.30649E-03    0.26216E+04
    0.31268E-03    0.26724E+04
    0.31899E-03    0.27241E+04
    0.32544E-03    0.27768E+04
    0.33201E-03    0.28305E+04
    0.33872E-03    0.28852E+04
    0.34556E-03    0.29410E+04
    0.35254E-03    0.29978E+04
    0.35966E-03    0.30556E+04
    0.36693E-03    0.31146E+04
    0.37434E-03    0.31747E+04
    0.38190E-03    0.32359E+04
    0.38962E-03    0.32982E+04
    0.39749E-03    0.33617E+04
    0.40552E-03    0.34264E+04
    0.41371E-03    0.34923E+04
    0.42207E-03    0.35594E+04
    0.43060E-03    0.36278E+04
    0.43929E-03    0.36975E+04
    0.44817E-03    0.37684E+04
    0.45722E-03    0.38406E+04
    0.46646E-03    0.39142E+04
    0.47588E-03    0.39891E+04
    0.48550E-03    0.40655E+04
    0.49530E-03    0.41432E+04
    0.50531E-03    0.42223E+04
    0.51552E-03    0.43029E+04
    0.52593E-03    0.43849E+04
    0.53656E-03    0.44685E+04
    0.54739E-03    0.45535E+04
    0.55845E-03    0.46401E+04
    0.56973E-03    0.47283E+04
    0.58124E-03    0.48180E+04
    0.59299E-03    0.49094E+04
    0.60496E-03    0.50024E+04
    0.61719E-03    0.50970E+04
    0.62965E-03    0.51934E+04
    0.64237E-03    0.52914E+04
    0.65535E-03    0.53912E+04
    0.66859E-03    0.54927E+04
    0.68210E-03    0.55961E+04
    0.69588E-03    0.57012E+04
    0.70993E-03    0.58082E+04
    0.72427E-03    0.59170E+04
    0.73891E-03    0.60277E+04
    0.75383E-03    0.61404E+04
    0.76906E-03    0.62549E+04
    0.78460E-03    0.63715E+04
    0.80045E-03    0.64900E+04
    0.81662E-03    0.66106E+04
    0.83311E-03    0.67332E+04
    0.84994E-03    0.68578E+04
    0.86711E-03    0.69846E+04
    0.88463E-03    0.71134E+04
    0.90250E-03    0.72444E+04
    0.92073E-03    0.73776E+04
    0.93933E-03    0.75130E+04
    0.95831E-03    0.76506E+04
    0.97767E-03    0.77904E+04
    0.99742E-03    0.79325E+04
    0.10176E-02    0.80768E+04
    0.10381E-02    0.82235E+04
    0.10591E-02    0.83725E+04
    0.10805E-02    0.85239E+04
    0.11023E-02    0.86776E+04
    0.11246E-02    0.88337E+04
    0.11473E-02    0.89923E+04
    0.11705E-02    0.91533E+04
    0.11941E-02    0.93167E+04
    0.12182E-02    0.94826E+04
    0.12429E-02    0.96510E+04
    0.12680E-02    0.98219E+04
    0.12936E-02    0.99953E+04
    0.13197E-02    0.10171E+05
    0.13464E-02    0.10350E+05
    0.13736E-02    0.10531E+05
    0.14013E-02    0.10714E+05
    0.14296E-02    0.10901E+05
    0.14585E-02    0.11089E+05
    0.14880E-02    0.11281E+05
    0.15180E-02    0.11475E+05
    0.15487E-02    0.11672E+05
    0.15800E-02    0.11871E+05
    0.16119E-02    0.12073E+05
    0.16445E-02    0.12277E+05
    0.16777E-02    0.12484E+05
    0.17116E-02    0.12694E+05
    0.17462E-02    0.12906E+05
    0.17814E-02    0.13121E+05
    0.18174E-02    0.13339E+05
    0.18541E-02    0.13559E+05
    0.18916E-02    0.13782E+05
    0.19298E-02    0.14007E+05
    0.19688E-02    0.14235E+05
    0.20086E-02    0.14465E+05
    0.20491E-02    0.14698E+05
    0.20905E-02    0.14933E+05
    0.21328E-02    0.15171E+05
    0.21758E-02    0.15411E+05
    0.22198E-02    0.15654E+05
    0.22646E-02    0.15899E+05
    0.23104E-02    0.16146E+05
    0.23571E-02    0.16396E+05
    0.24047E-02    0.16647E+05
    0.24533E-02    0.16902E+05
    0.25028E-02    0.17158E+05
    0.25534E-02    0.17416E+05
    0.26050E-02    0.17677E+05
    0.26576E-02    0.17939E+05
    0.27113E-02    0.18203E+05
    0.27660E-02    0.18470E+05
    0.28219E-02    0.18738E+05
    0.28789E-02    0.19008E+05
    0.29371E-02    0.19279E+05
    0.29964E-02    0.19553E+05
    0.30569E-02    0.19827E+05
    0.31187E-02    0.20104E+05
    0.31817E-02    0.20381E+05
    0.32460E-02    0.20660E+05
    0.33115E-02    0.20940E+05
    0.33784E-02    0.21221E+05
    0.34467E-02    0.21503E+05
    0.35163E-02    0.21786E+05
    0.35874E-02    0.22070E+05
    0.36598E-02    0.22354E+05
    0.37338E-02    0.22639E+05
    0.38092E-02    0.22925E+05
    0.38861E-02    0.23210E+05
    0.39646E-02    0.23496E+05
    0.40447E-02    0.23782E+05
    0.41264E-02    0.24068E+05
    0.42098E-02    0.24353E+05
    0.42948E-02    0.24638E+05
    0.43816E-02    0.24922E+05
    0.44701E-02    0.25206E+05
    0.45604E-02    0.25489E+05
    0.46525E-02    0.25771E+05
    0.47465E-02    0.26052E+05
    0.48424E-02    0.26331E+05
    0.49402E-02    0.26609E+05
    0.50400E-02    0.26885E+05
    0.51419E-02    0.27159E+05
    0.52457E-02    0.27431E+05
    0.53517E-02    0.27700E+05
    0.54598E-02    0.27967E+05
    0.55701E-02    0.28230E+05
    0.56826E-02    0.28491E+05
    0.57974E-02    0.28748E+05
    0.59145E-02    0.29002E+05
    0.60340E-02    0.29252E+05
    0.61559E-02    0.29498E+05
    0.62803E-02    0.29739E+05
    0.64072E-02    0.29976E+05
    0.65366E-02    0.30209E+05
    0.66686E-02    0.30436E+05
    0.68033E-02    0.30657E+05
    0.69408E-02    0.30873E+05
    0.70810E-02    0.31084E+05
    0.72240E-02    0.31288E+05
    0.73700E-02    0.31486E+05
    0.75189E-02    0.31678E+05
    0.76708E-02    0.31863E+05
    0.78257E-02    0.32040E+05
    0.79838E-02    0.32210E+05
    0.81451E-02    0.32372E+05
    0.83096E-02    0.32526E+05
    0.84775E-02    0.32671E+05
    0.86488E-02    0.32808E+05
    0.88235E-02    0.32935E+05
    0.90017E-02    0.33053E+05
    0.91836E-02    0.33161E+05
    0.93691E-02    0.33259E+05
    0.95583E-02    0.33347E+05
    0.97514E-02    0.33423E+05
    0.99484E-02    0.33489E+05
    0.10149E-01    0.33543E+05
    0.10354E-01    0.33586E+05
    0.10564E-01    0.33616E+05
    0.10777E-01    0.33634E+05
    0.10995E-01    0.33639E+05
    0.11217E-01    0.33631E+05
    0.11443E-01    0.33610E+05
    0.11675E-01    0.33575E+05
    0.11910E-01    0.33526E+05
    0.12151E-01    0.33463E+05
    0.12397E-01    0.33385E+05
    0.12647E-01    0.33293E+05
    0.12902E-01    0.33185E+05
    0.13163E-01    0.33062E+05
    0.13429E-01    0.32923E+05
    0.13700E-01    0.32768E+05
    0.13977E-01    0.32598E+05
    0.14259E-01    0.32411E+05
    0.14547E-01    0.32208E+05
    0.14841E-01    0.31989E+05
    0.15141E-01    0.31752E+05
    0.15447E-01    0.31500E+05
    0.15759E-01    0.31230E+05
    0.16077E-01    0.30944E+05
    0.16402E-01    0.30641E+05
    0.16734E-01    0.30322E+05
    0.17072E-01    0.29986E+05
    0.17416E-01    0.29634E+05
    0.17768E-01    0.29265E+05
    0.18127E-01    0.28881E+05
    0.18493E-01    0.28481E+05
    0.18867E-01    0.28067E+05
    0.19248E-01    0.27637E+05
    0.19637E-01    0.27193E+05
    0.20034E-01    0.26735E+05
    0.20438E-01    0.26264E+05
    0.20851E-01    0.25781E+05
    0.21272E-01    0.25286E+05
    0.21702E-01    0.24780E+05
    0.22141E-01    0.24264E+05
    0.22588E-01    0.23738E+05
    0.23044E-01    0.23205E+05
    0.23510E-01    0.22664E+05
    0.23985E-01    0.22117E+05
    0.24469E-01    0.21566E+05
    0.24964E-01    0.21010E+05
    0.25468E-01    0.20453E+05
    0.25982E-01    0.19894E+05
    0.26507E-01    0.19335E+05
    0.27043E-01    0.18778E+05
    0.27589E-01    0.18223E+05
    0.28146E-01    0.17673E+05
    0.28715E-01    0.17129E+05
    0.29295E-01    0.16592E+05
    0.29887E-01    0.16063E+05
    0.30490E-01    0.15544E+05
    0.31106E-01    0.15036E+05
    0.31735E-01    0.14541E+05
    0.32376E-01    0.14059E+05
    0.33030E-01    0.13591E+05
    0.33697E-01    0.13140E+05
    0.34378E-01    0.12705E+05
    0.35072E-01    0.12288E+05
    0.35781E-01    0.11889E+05
    0.36504E-01    0.11510E+05
    0.37241E-01    0.11150E+05
    0.37993E-01    0.10810E+05
    0.38761E-01    0.10491E+05
    0.39544E-01    0.10194E+05
    0.40343E-01    0.99169E+04
    0.41158E-01    0.96613E+04
    0.41989E-01    0.94267E+04
    0.42838E-01    0.92131E+04
    0.43703E-01    0.90195E+04
    0.44586E-01    0.88440E+04
    0.45486E-01    0.86851E+04
    0.46405E-01    0.85410E+04
    0.47343E-01    0.84104E+04
    0.48299E-01    0.82922E+04
    0.49275E-01    0.81853E+04
    0.50270E-01    0.80888E+04
    0.51286E-01    0.80016E+04
    0.52322E-01    0.79214E+04
    0.53379E-01    0.78462E+04
    0.54457E-01    0.77738E+04
    0.55557E-01    0.77018E+04
    0.56680E-01    0.76270E+04
    0.57825E-01    0.75462E+04
    0.58993E-01    0.74565E+04
    0.60184E-01    0.73551E+04
    0.61400E-01    0.72391E+04
    0.62641E-01    0.71065E+04
    0.63906E-01    0.69558E+04
    0.65197E-01    0.67866E+04
    0.66514E-01    0.65987E+04
    0.67858E-01    0.63932E+04
    0.69229E-01    0.61716E+04
    0.70627E-01    0.59357E+04
    0.72054E-01    0.56882E+04
    0.73510E-01    0.54315E+04
    0.74994E-01    0.51686E+04
    0.76509E-01    0.49027E+04
    0.78055E-01    0.46372E+04
    0.79632E-01    0.43760E+04
    0.81241E-01    0.41232E+04
    0.82882E-01    0.38827E+04
    0.84556E-01    0.36584E+04
    0.86264E-01    0.34537E+04
    0.88007E-01    0.32708E+04
    0.89785E-01    0.31109E+04
    0.91598E-01    0.29751E+04
    0.93449E-01    0.28628E+04
    0.95337E-01    0.27727E+04
    0.97263E-01    0.27034E+04
    0.99227E-01    0.26523E+04
    0.10123E+00    0.26166E+04
    0.10328E+00    0.25929E+04
    0.10536E+00    0.25773E+04
    0.10749E+00    0.25653E+04
    0.10966E+00    0.25523E+04
    0.11188E+00    0.25336E+04
    0.11414E+00    0.25053E+04
    0.11644E+00    0.24640E+04
    0.11880E+00    0.24075E+04
    0.12120E+00    0.23346E+04
    0.12365E+00    0.22454E+04
    0.12614E+00    0.21410E+04
    0.12869E+00    0.20248E+04
    0.13129E+00    0.19013E+04
    0.13394E+00    0.17763E+04
    0.13665E+00    0.16558E+04
    0.13941E+00    0.15450E+04
    0.14223E+00    0.14473E+04
    0.14510E+00    0.13648E+04
    0.14803E+00    0.12984E+04
    0.15102E+00    0.12481E+04
    0.15407E+00    0.12127E+04
    0.15718E+00    0.11902E+04
    0.16036E+00    0.11769E+04
    0.16360E+00    0.11679E+04
    0.16690E+00    0.11583E+04
    0.17028E+00    0.11435E+04
    0.17371E+00    0.11204E+04
    0.17722E+00    0.10871E+04
    0.18080E+00    0.10434E+04
    0.18446E+00    0.99069E+03
    0.18818E+00    0.93230E+03
    0.19198E+00    0.87241E+03
    0.19586E+00    0.81537E+03
    0.19982E+00    0.76482E+03
    0.20386E+00    0.72318E+03
    0.20797E+00    0.69138E+03
    0.21218E+00    0.66875E+03
    0.21646E+00    0.65310E+03
    0.22083E+00    0.64116E+03
    0.22530E+00    0.62944E+03
    0.22985E+00    0.61501E+03
    0.23449E+00    0.59597E+03
    0.23923E+00    0.57157E+03
    0.24406E+00    0.54270E+03
    0.24899E+00    0.51179E+03
    0.25402E+00    0.48182E+03
    0.25915E+00    0.45514E+03
    0.26439E+00    0.43309E+03
    0.26973E+00    0.41596E+03
    0.27518E+00    0.40277E+03
    0.28074E+00    0.39155E+03
    0.28641E+00    0.38020E+03
    0.29219E+00    0.36719E+03
    0.29810E+00    0.35196E+03
    0.30412E+00    0.33502E+03
    0.31026E+00    0.31759E+03
    0.31653E+00    0.30119E+03
    0.32292E+00    0.28694E+03
    0.32945E+00    0.27503E+03
    0.33610E+00    0.26493E+03
    0.34289E+00    0.25559E+03
    0.34982E+00    0.24604E+03
    0.35689E+00    0.23578E+03
    0.36409E+00    0.22489E+03
    0.37145E+00    0.21405E+03
    0.37895E+00    0.20391E+03
    0.38661E+00    0.19488E+03
    0.39442E+00    0.18688E+03
    0.40239E+00    0.17943E+03
    0.41052E+00    0.17208E+03
    0.41881E+00    0.16459E+03
    0.42727E+00    0.15706E+03
    0.43590E+00    0.14981E+03
    0.44471E+00    0.14308E+03
    0.45369E+00    0.13690E+03
    0.46286E+00    0.13108E+03
    0.47221E+00    0.12543E+03
    0.48174E+00    0.11985E+03
    0.49148E+00    0.11441E+03
    0.50141E+00    0.10924E+03
    0.51153E+00    0.10440E+03
    0.52187E+00    0.99797E+02
    0.53241E+00    0.95380E+02
    0.54317E+00    0.91106E+02
    0.55414E+00    0.86980E+02
    0.56533E+00    0.83051E+02
    0.57675E+00    0.79325E+02
    0.58840E+00    0.75766E+02
    0.60029E+00    0.72356E+02
    0.61242E+00    0.69089E+02
    0.62479E+00    0.65961E+02
    0.63741E+00    0.62965E+02
    0.65029E+00    0.60099E+02
    0.66342E+00    0.57357E+02
    0.67683E+00    0.54734E+02
    0.69050E+00    0.52227E+02
    0.70445E+00    0.49830E+02
    0.71868E+00    0.47541E+02
    0.73320E+00    0.45353E+02
    0.74801E+00    0.43264E+02
    0.76312E+00    0.41269E+02
    0.77854E+00    0.39364E+02
    0.79426E+00    0.37544E+02
    0.81031E+00    0.35806E+02
    0.82668E+00    0.34147E+02
    0.84338E+00    0.32562E+02
    0.86041E+00    0.31049E+02
    0.87780E+00    0.29604E+02
    0.89553E+00    0.28224E+02
    0.91362E+00    0.26907E+02
    0.93208E+00    0.25649E+02
    0.95091E+00    0.24448E+02
    0.97011E+00    0.23302E+02
    0.98971E+00    0.22208E+02
    0.10097E+01    0.21164E+02
    0.10301E+01    0.20167E+02
    0.10509E+01    0.19216E+02
    0.10721E+01    0.18309E+02
    0.10938E+01    0.17444E+02
    0.11159E+01    0.16618E+02
    0.11384E+01    0.15831E+02
    0.11614E+01    0.15080E+02
    0.11849E+01    0.14363E+02
    0.12088E+01    0.13680E+02
    0.12333E+01    0.13029E+02
    0.12582E+01    0.12408E+02
    0.12836E+01    0.11815E+02
    0.13095E+01    0.11251E+02
    0.13360E+01    0.10713E+02
    0.13630E+01    0.10200E+02
    0.13905E+01    0.97106E+01
    0.14186E+01    0.92446E+01
    0.14472E+01    0.88004E+01
    0.14765E+01    0.83772E+01
    0.15063E+01    0.79738E+01
    0.15367E+01    0.75894E+01
    0.15678E+01    0.72232E+01
    0.15994E+01    0.68742E+01
    0.16318E+01    0.65417E+01
    0.16647E+01    0.62249E+01
    0.16984E+01    0.59231E+01
    0.17327E+01    0.56355E+01
    0.17677E+01    0.53616E+01
    0.18034E+01    0.51007E+01
    0.18398E+01    0.48522E+01
    0.18770E+01    0.46155E+01
    0.19149E+01    0.43902E+01
    0.19536E+01    0.41757E+01
    0.19930E+01    0.39716E+01
    0.20333E+01    0.37773E+01
    0.20744E+01    0.35924E+01
    0.21163E+01    0.34165E+01
    0.21590E+01    0.32492E+01
    0.22026E+01    0.30901E+01
