    0.10000E-03    0.24930E+03
    0.10202E-03    0.25417E+03
    0.10408E-03    0.25914E+03
    0.10618E-03    0.26421E+03
    0.10833E-03    0.26937E+03
    0.11052E-03    0.27464E+03
    0.11275E-03    0.28001E+03
    0.11503E-03    0.28548E+03
    0.11735E-03    0.29106E+03
    0.11972E-03    0.29675E+03
    0.12214E-03    0.30255E+03
    0.12461E-03    0.30847E+03
    0.12712E-03    0.31449E+03
    0.12969E-03    0.32064E+03
    0.13231E-03    0.32691E+03
    0.13499E-03    0.33330E+03
    0.13771E-03    0.33981E+03
    0.14049E-03    0.34645E+03
    0.14333E-03    0.35323E+03
    0.14623E-03    0.36013E+03
    0.14918E-03    0.36717E+03
    0.15220E-03    0.37434E+03
    0.15527E-03    0.38166E+03
    0.15841E-03    0.38912E+03
    0.16161E-03    0.39672E+03
    0.16487E-03    0.40447E+03
    0.16820E-03    0.41238E+03
    0.17160E-03    0.42044E+03
    0.17507E-03    0.42865E+03
    0.17860E-03    0.43703E+03
    0.18221E-03    0.44556E+03
    0.18589E-03    0.45427E+03
    0.18965E-03    0.46314E+03
    0.19348E-03    0.47219E+03
    0.19739E-03    0.48142E+03
    0.20138E-03    0.49082E+03
    0.20544E-03    0.50041E+03
    0.20959E-03    0.51018E+03
    0.21383E-03    0.52015E+03
    0.21815E-03    0.53031E+03
    0.22255E-03    0.54066E+03
    0.22705E-03    0.55122E+03
    0.23164E-03    0.56199E+03
    0.23632E-03    0.57296E+03
    0.24109E-03    0.58415E+03
    0.24596E-03    0.59556E+03
    0.25093E-03    0.60718E+03
    0.25600E-03    0.61904E+03
    0.26117E-03    0.63112E+03
    0.26645E-03    0.64344E+03
    0.27183E-03    0.65600E+03
    0.27732E-03    0.66880E+03
    0.28292E-03    0.68186E+03
    0.28864E-03    0.69516E+03
    0.29447E-03    0.70873E+03
    0.30042E-03    0.72255E+03
    0.30649E-03    0.73665E+03
    0.31268E-03    0.75102E+03
    0.31899E-03    0.76567E+03
    0.32544E-03    0.78060E+03
    0.33201E-03    0.79583E+03
    0.33872E-03    0.81134E+03
    0.34556E-03    0.82716E+03
    0.35254E-03    0.84329E+03
    0.35966E-03    0.85973E+03
    0.36693E-03    0.87648E+03
    0.37434E-03    0.89357E+03
    0.38190E-03    0.91098E+03
    0.38962E-03    0.92873E+03
    0.39749E-03    0.94682E+03
    0.40552E-03    0.96526E+03
    0.41371E-03    0.98406E+03
    0.42207E-03    0.10032E+04
    0.43060E-03    0.10227E+04
    0.43929E-03    0.10427E+04
    0.44817E-03    0.10629E+04
    0.45722E-03    0.10836E+04
    0.46646E-03    0.11047E+04
    0.47588E-03    0.11262E+04
    0.48550E-03    0.11481E+04
    0.49530E-03    0.11704E+04
    0.50531E-03    0.11932E+04
    0.51552E-03    0.12164E+04
    0.52593E-03    0.12400E+04
    0.53656E-03    0.12641E+04
    0.54739E-03    0.12886E+04
    0.55845E-03    0.13136E+04
    0.56973E-03    0.13391E+04
    0.58124E-03    0.13651E+04
    0.59299E-03    0.13916E+04
    0.60496E-03    0.14186E+04
    0.61719E-03    0.14461E+04
    0.62965E-03    0.14741E+04
    0.64237E-03    0.15027E+04
    0.65535E-03    0.15318E+04
    0.66859E-03    0.15614E+04
    0.68210E-03    0.15917E+04
    0.69588E-03    0.16225E+04
    0.70993E-03    0.16538E+04
    0.72427E-03    0.16858E+04
    0.73891E-03    0.17184E+04
    0.75383E-03    0.17516E+04
    0.76906E-03    0.17854E+04
    0.78460E-03    0.18199E+04
    0.80045E-03    0.18550E+04
    0.81662E-03    0.18907E+04
    0.83311E-03    0.19272E+04
    0.84994E-03    0.19643E+04
    0.86711E-03    0.20021E+04
    0.88463E-03    0.20407E+04
    0.90250E-03    0.20799E+04
    0.92073E-03    0.21199E+04
    0.93933E-03    0.21606E+04
    0.95831E-03    0.22021E+04
    0.97767E-03    0.22444E+04
    0.99742E-03    0.22874E+04
    0.10176E-02    0.23312E+04
    0.10381E-02    0.23759E+04
    0.10591E-02    0.24214E+04
    0.10805E-02    0.24677E+04
    0.11023E-02    0.25148E+04
    0.11246E-02    0.25628E+04
    0.11473E-02    0.26117E+04
    0.11705E-02    0.26615E+04
    0.11941E-02    0.27123E+04
    0.12182E-02    0.27639E+04
    0.12429E-02    0.28164E+04
    0.12680E-02    0.28700E+04
    0.12936E-02    0.29245E+04
    0.13197E-02    0.29799E+04
    0.13464E-02    0.30364E+04
    0.13736E-02    0.30939E+04
    0.14013E-02    0.31524E+04
    0.14296E-02    0.32119E+04
    0.14585E-02    0.32725E+04
    0.14880E-02    0.33342E+04
    0.15180E-02    0.33970E+04
    0.15487E-02    0.34609E+04
    0.15800E-02    0.35259E+04
    0.16119E-02    0.35920E+04
    0.16445E-02    0.36593E+04
    0.16777E-02    0.37278E+04
    0.17116E-02    0.37975E+04
    0.17462E-02    0.38683E+04
    0.17814E-02    0.39404E+04
    0.18174E-02    0.40137E+04
    0.18541E-02    0.40883E+04
    0.18916E-02    0.41641E+04
    0.19298E-02    0.42413E+04
    0.19688E-02    0.43197E+04
    0.20086E-02    0.43994E+04
    0.20491E-02    0.44805E+04
    0.20905E-02    0.45629E+04
    0.21328E-02    0.46467E+04
    0.21758E-02    0.47318E+04
    0.22198E-02    0.48184E+04
    0.22646E-02    0.49063E+04
    0.23104E-02    0.49957E+04
    0.23571E-02    0.50865E+04
    0.24047E-02    0.51788E+04
    0.24533E-02    0.52726E+04
    0.25028E-02    0.53678E+04
    0.25534E-02    0.54645E+04
    0.26050E-02    0.55627E+04
    0.26576E-02    0.56625E+04
    0.27113E-02    0.57638E+04
    0.27660E-02    0.58666E+04
    0.28219E-02    0.59710E+04
    0.28789E-02    0.60770E+04
    0.29371E-02    0.61845E+04
    0.29964E-02    0.62937E+04
    0.30569E-02    0.64044E+04
    0.31187E-02    0.65168E+04
    0.31817E-02    0.66307E+04
    0.32460E-02    0.67463E+04
    0.33115E-02    0.68636E+04
    0.33784E-02    0.69825E+04
    0.34467E-02    0.71030E+04
    0.35163E-02    0.72252E+04
    0.35874E-02    0.73491E+04
    0.36598E-02    0.74746E+04
    0.37338E-02    0.76018E+04
    0.38092E-02    0.77307E+04
    0.38861E-02    0.78612E+04
    0.39646E-02    0.79934E+04
    0.40447E-02    0.81273E+04
    0.41264E-02    0.82628E+04
    0.42098E-02    0.84000E+04
    0.42948E-02    0.85389E+04
    0.43816E-02    0.86794E+04
    0.44701E-02    0.88216E+04
    0.45604E-02    0.89654E+04
    0.46525E-02    0.91109E+04
    0.47465E-02    0.92580E+04
    0.48424E-02    0.94066E+04
    0.49402E-02    0.95569E+04
    0.50400E-02    0.97088E+04
    0.51419E-02    0.98622E+04
    0.52457E-02    0.10017E+05
    0.53517E-02    0.10174E+05
    0.54598E-02    0.10332E+05
    0.55701E-02    0.10491E+05
    0.56826E-02    0.10652E+05
    0.57974E-02    0.10814E+05
    0.59145E-02    0.10978E+05
    0.60340E-02    0.11143E+05
    0.61559E-02    0.11309E+05
    0.62803E-02    0.11477E+05
    0.64072E-02    0.11646E+05
    0.65366E-02    0.11816E+05
    0.66686E-02    0.11987E+05
    0.68033E-02    0.12159E+05
    0.69408E-02    0.12333E+05
    0.70810E-02    0.12507E+05
    0.72240E-02    0.12682E+05
    0.73700E-02    0.12858E+05
    0.75189E-02    0.13035E+05
    0.76708E-02    0.13213E+05
    0.78257E-02    0.13391E+05
    0.79838E-02    0.13570E+05
    0.81451E-02    0.13749E+05
    0.83096E-02    0.13929E+05
    0.84775E-02    0.14109E+05
    0.86488E-02    0.14290E+05
    0.88235E-02    0.14470E+05
    0.90017E-02    0.14651E+05
    0.91836E-02    0.14831E+05
    0.93691E-02    0.15011E+05
    0.95583E-02    0.15191E+05
    0.97514E-02    0.15371E+05
    0.99484E-02    0.15550E+05
    0.10149E-01    0.15729E+05
    0.10354E-01    0.15907E+05
    0.10564E-01    0.16084E+05
    0.10777E-01    0.16260E+05
    0.10995E-01    0.16435E+05
    0.11217E-01    0.16609E+05
    0.11443E-01    0.16781E+05
    0.11675E-01    0.16952E+05
    0.11910E-01    0.17121E+05
    0.12151E-01    0.17288E+05
    0.12397E-01    0.17453E+05
    0.12647E-01    0.17615E+05
    0.12902E-01    0.17776E+05
    0.13163E-01    0.17933E+05
    0.13429E-01    0.18088E+05
    0.13700E-01    0.18240E+05
    0.13977E-01    0.18389E+05
    0.14259E-01    0.18534E+05
    0.14547E-01    0.18676E+05
    0.14841E-01    0.18814E+05
    0.15141E-01    0.18948E+05
    0.15447E-01    0.19078E+05
    0.15759E-01    0.19204E+05
    0.16077E-01    0.19325E+05
    0.16402E-01    0.19441E+05
    0.16734E-01    0.19552E+05
    0.17072E-01    0.19658E+05
    0.17416E-01    0.19758E+05
    0.17768E-01    0.19852E+05
    0.18127E-01    0.19941E+05
    0.18493E-01    0.20024E+05
    0.18867E-01    0.20100E+05
    0.19248E-01    0.20169E+05
    0.19637E-01    0.20232E+05
    0.20034E-01    0.20288E+05
    0.20438E-01    0.20336E+05
    0.20851E-01    0.20377E+05
    0.21272E-01    0.20411E+05
    0.21702E-01    0.20436E+05
    0.22141E-01    0.20454E+05
    0.22588E-01    0.20464E+05
    0.23044E-01    0.20466E+05
    0.23510E-01    0.20459E+05
    0.23985E-01    0.20444E+05
    0.24469E-01    0.20420E+05
    0.24964E-01    0.20387E+05
    0.25468E-01    0.20346E+05
    0.25982E-01    0.20296E+05
    0.26507E-01    0.20237E+05
    0.27043E-01    0.20170E+05
    0.27589E-01    0.20094E+05
    0.28146E-01    0.20009E+05
    0.28715E-01    0.19916E+05
    0.29295E-01    0.19814E+05
    0.29887E-01    0.19703E+05
    0.30490E-01    0.19585E+05
    0.31106E-01    0.19459E+05
    0.31735E-01    0.19325E+05
    0.32376E-01    0.19183E+05
    0.33030E-01    0.19035E+05
    0.33697E-01    0.18879E+05
    0.34378E-01    0.18718E+05
    0.35072E-01    0.18550E+05
    0.35781E-01    0.18376E+05
    0.36504E-01    0.18198E+05
    0.37241E-01    0.18014E+05
    0.37993E-01    0.17827E+05
    0.38761E-01    0.17636E+05
    0.39544E-01    0.17442E+05
    0.40343E-01    0.17245E+05
    0.41158E-01    0.17046E+05
    0.41989E-01    0.16846E+05
    0.42838E-01    0.16645E+05
    0.43703E-01    0.16443E+05
    0.44586E-01    0.16241E+05
    0.45486E-01    0.16040E+05
    0.46405E-01    0.15840E+05
    0.47343E-01    0.15641E+05
    0.48299E-01    0.15445E+05
    0.49275E-01    0.15252E+05
    0.50270E-01    0.15062E+05
    0.51286E-01    0.14876E+05
    0.52322E-01    0.14693E+05
    0.53379E-01    0.14516E+05
    0.54457E-01    0.14342E+05
    0.55557E-01    0.14172E+05
    0.56680E-01    0.14006E+05
    0.57825E-01    0.13844E+05
    0.58993E-01    0.13684E+05
    0.60184E-01    0.13528E+05
    0.61400E-01    0.13373E+05
    0.62641E-01    0.13219E+05
    0.63906E-01    0.13066E+05
    0.65197E-01    0.12913E+05
    0.66514E-01    0.12760E+05
    0.67858E-01    0.12605E+05
    0.69229E-01    0.12448E+05
    0.70627E-01    0.12288E+05
    0.72054E-01    0.12124E+05
    0.73510E-01    0.11956E+05
    0.74994E-01    0.11782E+05
    0.76509E-01    0.11602E+05
    0.78055E-01    0.11416E+05
    0.79632E-01    0.11222E+05
    0.81241E-01    0.11020E+05
    0.82882E-01    0.10810E+05
    0.84556E-01    0.10592E+05
    0.86264E-01    0.10367E+05
    0.88007E-01    0.10134E+05
    0.89785E-01    0.98963E+04
    0.91598E-01    0.96547E+04
    0.93449E-01    0.94108E+04
    0.95337E-01    0.91659E+04
    0.97263E-01    0.89213E+04
    0.99227E-01    0.86789E+04
    0.10123E+00    0.84405E+04
    0.10328E+00    0.82079E+04
    0.10536E+00    0.79826E+04
    0.10749E+00    0.77659E+04
    0.10966E+00    0.75593E+04
    0.11188E+00    0.73637E+04
    0.11414E+00    0.71801E+04
    0.11644E+00    0.70086E+04
    0.11880E+00    0.68494E+04
    0.12120E+00    0.67019E+04
    0.12365E+00    0.65646E+04
    0.12614E+00    0.64361E+04
    0.12869E+00    0.63138E+04
    0.13129E+00    0.61953E+04
    0.13394E+00    0.60778E+04
    0.13665E+00    0.59587E+04
    0.13941E+00    0.58358E+04
    0.14223E+00    0.57071E+04
    0.14510E+00    0.55714E+04
    0.14803E+00    0.54283E+04
    0.15102E+00    0.52780E+04
    0.15407E+00    0.51214E+04
    0.15718E+00    0.49601E+04
    0.16036E+00    0.47964E+04
    0.16360E+00    0.46326E+04
    0.16690E+00    0.44715E+04
    0.17028E+00    0.43155E+04
    0.17371E+00    0.41668E+04
    0.17722E+00    0.40275E+04
    0.18080E+00    0.38990E+04
    0.18446E+00    0.37820E+04
    0.18818E+00    0.36761E+04
    0.19198E+00    0.35802E+04
    0.19586E+00    0.34919E+04
    0.19982E+00    0.34081E+04
    0.20386E+00    0.33258E+04
    0.20797E+00    0.32422E+04
    0.21218E+00    0.31554E+04
    0.21646E+00    0.30639E+04
    0.22083E+00    0.29673E+04
    0.22530E+00    0.28663E+04
    0.22985E+00    0.27627E+04
    0.23449E+00    0.26590E+04
    0.23923E+00    0.25585E+04
    0.24406E+00    0.24634E+04
    0.24899E+00    0.23753E+04
    0.25402E+00    0.22948E+04
    0.25915E+00    0.22218E+04
    0.26439E+00    0.21550E+04
    0.26973E+00    0.20926E+04
    0.27518E+00    0.20321E+04
    0.28074E+00    0.19713E+04
    0.28641E+00    0.19086E+04
    0.29219E+00    0.18435E+04
    0.29810E+00    0.17765E+04
    0.30412E+00    0.17089E+04
    0.31026E+00    0.16431E+04
    0.31653E+00    0.15807E+04
    0.32292E+00    0.15228E+04
    0.32945E+00    0.14695E+04
    0.33610E+00    0.14201E+04
    0.34289E+00    0.13735E+04
    0.34982E+00    0.13281E+04
    0.35689E+00    0.12826E+04
    0.36409E+00    0.12365E+04
    0.37145E+00    0.11900E+04
    0.37895E+00    0.11440E+04
    0.38661E+00    0.10998E+04
    0.39442E+00    0.10582E+04
    0.40239E+00    0.10192E+04
    0.41052E+00    0.98261E+03
    0.41881E+00    0.94745E+03
    0.42727E+00    0.91305E+03
    0.43590E+00    0.87898E+03
    0.44471E+00    0.84522E+03
    0.45369E+00    0.81222E+03
    0.46286E+00    0.78059E+03
    0.47221E+00    0.75062E+03
    0.48174E+00    0.72218E+03
    0.49148E+00    0.69489E+03
    0.50141E+00    0.66840E+03
    0.51153E+00    0.64251E+03
    0.52187E+00    0.61722E+03
    0.53241E+00    0.59279E+03
    0.54317E+00    0.56943E+03
    0.55414E+00    0.54712E+03
    0.56533E+00    0.52568E+03
    0.57675E+00    0.50495E+03
    0.58840E+00    0.48486E+03
    0.60029E+00    0.46541E+03
    0.61242E+00    0.44670E+03
    0.62479E+00    0.42878E+03
    0.63741E+00    0.41155E+03
    0.65029E+00    0.39495E+03
    0.66342E+00    0.37894E+03
    0.67683E+00    0.36349E+03
    0.69050E+00    0.34864E+03
    0.70445E+00    0.33438E+03
    0.71868E+00    0.32068E+03
    0.73320E+00    0.30750E+03
    0.74801E+00    0.29481E+03
    0.76312E+00    0.28261E+03
    0.77854E+00    0.27088E+03
    0.79426E+00    0.25960E+03
    0.81031E+00    0.24876E+03
    0.82668E+00    0.23834E+03
    0.84338E+00    0.22834E+03
    0.86041E+00    0.21872E+03
    0.87780E+00    0.20949E+03
    0.89553E+00    0.20062E+03
    0.91362E+00    0.19211E+03
    0.93208E+00    0.18394E+03
    0.95091E+00    0.17610E+03
    0.97011E+00    0.16858E+03
    0.98971E+00    0.16136E+03
    0.10097E+01    0.15443E+03
    0.10301E+01    0.14778E+03
    0.10509E+01    0.14141E+03
    0.10721E+01    0.13530E+03
    0.10938E+01    0.12943E+03
    0.11159E+01    0.12381E+03
    0.11384E+01    0.11842E+03
    0.11614E+01    0.11325E+03
    0.11849E+01    0.10830E+03
    0.12088E+01    0.10355E+03
    0.12333E+01    0.99007E+02
    0.12582E+01    0.94650E+02
    0.12836E+01    0.90476E+02
    0.13095E+01    0.86478E+02
    0.13360E+01    0.82649E+02
    0.13630E+01    0.78983E+02
    0.13905E+01    0.75473E+02
    0.14186E+01    0.72113E+02
    0.14472E+01    0.68896E+02
    0.14765E+01    0.65817E+02
    0.15063E+01    0.62870E+02
    0.15367E+01    0.60050E+02
    0.15678E+01    0.57351E+02
    0.15994E+01    0.54768E+02
    0.16318E+01    0.52296E+02
    0.16647E+01    0.49931E+02
    0.16984E+01    0.47668E+02
    0.17327E+01    0.45503E+02
    0.17677E+01    0.43433E+02
    0.18034E+01    0.41452E+02
    0.18398E+01    0.39559E+02
    0.18770E+01    0.37749E+02
    0.19149E+01    0.36019E+02
    0.19536E+01    0.34367E+02
    0.19930E+01    0.32789E+02
    0.20333E+01    0.31282E+02
    0.20744E+01    0.29843E+02
    0.21163E+01    0.28470E+02
    0.21590E+01    0.27160E+02
