    0.10000E-03    0.11557E+04
    0.10202E-03    0.11782E+04
    0.10408E-03    0.12012E+04
    0.10618E-03    0.12247E+04
    0.10833E-03    0.12486E+04
    0.11052E-03    0.12729E+04
    0.11275E-03    0.12978E+04
    0.11503E-03    0.13231E+04
    0.11735E-03    0.13489E+04
    0.11972E-03    0.13753E+04
    0.12214E-03    0.14021E+04
    0.12461E-03    0.14294E+04
    0.12712E-03    0.14573E+04
    0.12969E-03    0.14857E+04
    0.13231E-03    0.15147E+04
    0.13499E-03    0.15443E+04
    0.13771E-03    0.15744E+04
    0.14049E-03    0.16051E+04
    0.14333E-03    0.16364E+04
    0.14623E-03    0.16683E+04
    0.14918E-03    0.17008E+04
    0.15220E-03    0.17339E+04
    0.15527E-03    0.17677E+04
    0.15841E-03    0.18021E+04
    0.16161E-03    0.18372E+04
    0.16487E-03    0.18730E+04
    0.16820E-03    0.19095E+04
    0.17160E-03    0.19467E+04
    0.17507E-03    0.19846E+04
    0.17860E-03    0.20232E+04
    0.18221E-03    0.20626E+04
    0.18589E-03    0.21027E+04
    0.18965E-03    0.21436E+04
    0.19348E-03    0.21853E+04
    0.19739E-03    0.22278E+04
    0.20138E-03    0.22711E+04
    0.20544E-03    0.23152E+04
    0.20959E-03    0.23602E+04
    0.21383E-03    0.24060E+04
    0.21815E-03    0.24527E+04
    0.22255E-03    0.25004E+04
    0.22705E-03    0.25489E+04
    0.23164E-03    0.25983E+04
    0.23632E-03    0.26487E+04
    0.24109E-03    0.27001E+04
    0.24596E-03    0.27524E+04
    0.25093E-03    0.28058E+04
    0.25600E-03    0.28601E+04
    0.26117E-03    0.29155E+04
    0.26645E-03    0.29719E+04
    0.27183E-03    0.30294E+04
    0.27732E-03    0.30880E+04
    0.28292E-03    0.31477E+04
    0.28864E-03    0.32086E+04
    0.29447E-03    0.32705E+04
    0.30042E-03    0.33337E+04
    0.30649E-03    0.33980E+04
    0.31268E-03    0.34636E+04
    0.31899E-03    0.35303E+04
    0.32544E-03    0.35983E+04
    0.33201E-03    0.36676E+04
    0.33872E-03    0.37382E+04
    0.34556E-03    0.38101E+04
    0.35254E-03    0.38834E+04
    0.35966E-03    0.39580E+04
    0.36693E-03    0.40340E+04
    0.37434E-03    0.41114E+04
    0.38190E-03    0.41902E+04
    0.38962E-03    0.42705E+04
    0.39749E-03    0.43522E+04
    0.40552E-03    0.44355E+04
    0.41371E-03    0.45202E+04
    0.42207E-03    0.46066E+04
    0.43060E-03    0.46945E+04
    0.43929E-03    0.47840E+04
    0.44817E-03    0.48751E+04
    0.45722E-03    0.49679E+04
    0.46646E-03    0.50623E+04
    0.47588E-03    0.51585E+04
    0.48550E-03    0.52564E+04
    0.49530E-03    0.53560E+04
    0.50531E-03    0.54574E+04
    0.51552E-03    0.55607E+04
    0.52593E-03    0.56657E+04
    0.53656E-03    0.57726E+04
    0.54739E-03    0.58814E+04
    0.55845E-03    0.59922E+04
    0.56973E-03    0.61048E+04
    0.58124E-03    0.62195E+04
    0.59299E-03    0.63361E+04
    0.60496E-03    0.64547E+04
    0.61719E-03    0.65754E+04
    0.62965E-03    0.66982E+04
    0.64237E-03    0.68231E+04
    0.65535E-03    0.69501E+04
    0.66859E-03    0.70793E+04
    0.68210E-03    0.72107E+04
    0.69588E-03    0.73443E+04
    0.70993E-03    0.74801E+04
    0.72427E-03    0.76182E+04
    0.73891E-03    0.77586E+04
    0.75383E-03    0.79013E+04
    0.76906E-03    0.80463E+04
    0.78460E-03    0.81938E+04
    0.80045E-03    0.83436E+04
    0.81662E-03    0.84959E+04
    0.83311E-03    0.86506E+04
    0.84994E-03    0.88078E+04
    0.86711E-03    0.89674E+04
    0.88463E-03    0.91297E+04
    0.90250E-03    0.92944E+04
    0.92073E-03    0.94617E+04
    0.93933E-03    0.96316E+04
    0.95831E-03    0.98041E+04
    0.97767E-03    0.99793E+04
    0.99742E-03    0.10157E+05
    0.10176E-02    0.10338E+05
    0.10381E-02    0.10521E+05
    0.10591E-02    0.10707E+05
    0.10805E-02    0.10895E+05
    0.11023E-02    0.11086E+05
    0.11246E-02    0.11280E+05
    0.11473E-02    0.11477E+05
    0.11705E-02    0.11677E+05
    0.11941E-02    0.11879E+05
    0.12182E-02    0.12084E+05
    0.12429E-02    0.12292E+05
    0.12680E-02    0.12503E+05
    0.12936E-02    0.12716E+05
    0.13197E-02    0.12933E+05
    0.13464E-02    0.13152E+05
    0.13736E-02    0.13374E+05
    0.14013E-02    0.13598E+05
    0.14296E-02    0.13826E+05
    0.14585E-02    0.14056E+05
    0.14880E-02    0.14289E+05
    0.15180E-02    0.14525E+05
    0.15487E-02    0.14763E+05
    0.15800E-02    0.15005E+05
    0.16119E-02    0.15249E+05
    0.16445E-02    0.15495E+05
    0.16777E-02    0.15745E+05
    0.17116E-02    0.15997E+05
    0.17462E-02    0.16251E+05
    0.17814E-02    0.16509E+05
    0.18174E-02    0.16768E+05
    0.18541E-02    0.17031E+05
    0.18916E-02    0.17295E+05
    0.19298E-02    0.17562E+05
    0.19688E-02    0.17832E+05
    0.20086E-02    0.18104E+05
    0.20491E-02    0.18378E+05
    0.20905E-02    0.18655E+05
    0.21328E-02    0.18933E+05
    0.21758E-02    0.19214E+05
    0.22198E-02    0.19497E+05
    0.22646E-02    0.19781E+05
    0.23104E-02    0.20068E+05
    0.23571E-02    0.20357E+05
    0.24047E-02    0.20647E+05
    0.24533E-02    0.20939E+05
    0.25028E-02    0.21232E+05
    0.25534E-02    0.21527E+05
    0.26050E-02    0.21824E+05
    0.26576E-02    0.22122E+05
    0.27113E-02    0.22421E+05
    0.27660E-02    0.22721E+05
    0.28219E-02    0.23022E+05
    0.28789E-02    0.23324E+05
    0.29371E-02    0.23627E+05
    0.29964E-02    0.23930E+05
    0.30569E-02    0.24234E+05
    0.31187E-02    0.24538E+05
    0.31817E-02    0.24843E+05
    0.32460E-02    0.25148E+05
    0.33115E-02    0.25452E+05
    0.33784E-02    0.25757E+05
    0.34467E-02    0.26061E+05
    0.35163E-02    0.26365E+05
    0.35874E-02    0.26668E+05
    0.36598E-02    0.26971E+05
    0.37338E-02    0.27272E+05
    0.38092E-02    0.27572E+05
    0.38861E-02    0.27871E+05
    0.39646E-02    0.28168E+05
    0.40447E-02    0.28464E+05
    0.41264E-02    0.28758E+05
    0.42098E-02    0.29050E+05
    0.42948E-02    0.29340E+05
    0.43816E-02    0.29628E+05
    0.44701E-02    0.29913E+05
    0.45604E-02    0.30195E+05
    0.46525E-02    0.30474E+05
    0.47465E-02    0.30749E+05
    0.48424E-02    0.31020E+05
    0.49402E-02    0.31287E+05
    0.50400E-02    0.31550E+05
    0.51419E-02    0.31809E+05
    0.52457E-02    0.32063E+05
    0.53517E-02    0.32313E+05
    0.54598E-02    0.32557E+05
    0.55701E-02    0.32796E+05
    0.56826E-02    0.33029E+05
    0.57974E-02    0.33256E+05
    0.59145E-02    0.33477E+05
    0.60340E-02    0.33691E+05
    0.61559E-02    0.33898E+05
    0.62803E-02    0.34099E+05
    0.64072E-02    0.34292E+05
    0.65366E-02    0.34478E+05
    0.66686E-02    0.34656E+05
    0.68033E-02    0.34826E+05
    0.69408E-02    0.34987E+05
    0.70810E-02    0.35140E+05
    0.72240E-02    0.35283E+05
    0.73700E-02    0.35417E+05
    0.75189E-02    0.35542E+05
    0.76708E-02    0.35656E+05
    0.78257E-02    0.35760E+05
    0.79838E-02    0.35853E+05
    0.81451E-02    0.35934E+05
    0.83096E-02    0.36005E+05
    0.84775E-02    0.36064E+05
    0.86488E-02    0.36110E+05
    0.88235E-02    0.36145E+05
    0.90017E-02    0.36166E+05
    0.91836E-02    0.36175E+05
    0.93691E-02    0.36170E+05
    0.95583E-02    0.36152E+05
    0.97514E-02    0.36120E+05
    0.99484E-02    0.36074E+05
    0.10149E-01    0.36013E+05
    0.10354E-01    0.35937E+05
    0.10564E-01    0.35847E+05
    0.10777E-01    0.35740E+05
    0.10995E-01    0.35618E+05
    0.11217E-01    0.35480E+05
    0.11443E-01    0.35326E+05
    0.11675E-01    0.35155E+05
    0.11910E-01    0.34968E+05
    0.12151E-01    0.34764E+05
    0.12397E-01    0.34542E+05
    0.12647E-01    0.34304E+05
    0.12902E-01    0.34048E+05
    0.13163E-01    0.33774E+05
    0.13429E-01    0.33483E+05
    0.13700E-01    0.33175E+05
    0.13977E-01    0.32848E+05
    0.14259E-01    0.32504E+05
    0.14547E-01    0.32142E+05
    0.14841E-01    0.31763E+05
    0.15141E-01    0.31366E+05
    0.15447E-01    0.30952E+05
    0.15759E-01    0.30521E+05
    0.16077E-01    0.30073E+05
    0.16402E-01    0.29608E+05
    0.16734E-01    0.29128E+05
    0.17072E-01    0.28631E+05
    0.17416E-01    0.28120E+05
    0.17768E-01    0.27593E+05
    0.18127E-01    0.27053E+05
    0.18493E-01    0.26499E+05
    0.18867E-01    0.25933E+05
    0.19248E-01    0.25355E+05
    0.19637E-01    0.24766E+05
    0.20034E-01    0.24166E+05
    0.20438E-01    0.23558E+05
    0.20851E-01    0.22942E+05
    0.21272E-01    0.22319E+05
    0.21702E-01    0.21691E+05
    0.22141E-01    0.21058E+05
    0.22588E-01    0.20423E+05
    0.23044E-01    0.19786E+05
    0.23510E-01    0.19148E+05
    0.23985E-01    0.18512E+05
    0.24469E-01    0.17879E+05
    0.24964E-01    0.17251E+05
    0.25468E-01    0.16627E+05
    0.25982E-01    0.16012E+05
    0.26507E-01    0.15405E+05
    0.27043E-01    0.14808E+05
    0.27589E-01    0.14224E+05
    0.28146E-01    0.13652E+05
    0.28715E-01    0.13095E+05
    0.29295E-01    0.12554E+05
    0.29887E-01    0.12031E+05
    0.30490E-01    0.11526E+05
    0.31106E-01    0.11040E+05
    0.31735E-01    0.10575E+05
    0.32376E-01    0.10132E+05
    0.33030E-01    0.97106E+04
    0.33697E-01    0.93125E+04
    0.34378E-01    0.89375E+04
    0.35072E-01    0.85858E+04
    0.35781E-01    0.82574E+04
    0.36504E-01    0.79522E+04
    0.37241E-01    0.76699E+04
    0.37993E-01    0.74104E+04
    0.38761E-01    0.71739E+04
    0.39544E-01    0.69604E+04
    0.40343E-01    0.67700E+04
    0.41158E-01    0.66028E+04
    0.41989E-01    0.64578E+04
    0.42838E-01    0.63327E+04
    0.43703E-01    0.62257E+04
    0.44586E-01    0.61351E+04
    0.45486E-01    0.60592E+04
    0.46405E-01    0.59968E+04
    0.47343E-01    0.59466E+04
    0.48299E-01    0.59075E+04
    0.49275E-01    0.58779E+04
    0.50270E-01    0.58554E+04
    0.51286E-01    0.58372E+04
    0.52322E-01    0.58206E+04
    0.53379E-01    0.58026E+04
    0.54457E-01    0.57801E+04
    0.55557E-01    0.57497E+04
    0.56680E-01    0.57084E+04
    0.57825E-01    0.56532E+04
    0.58993E-01    0.55815E+04
    0.60184E-01    0.54910E+04
    0.61400E-01    0.53802E+04
    0.62641E-01    0.52486E+04
    0.63906E-01    0.50959E+04
    0.65197E-01    0.49230E+04
    0.66514E-01    0.47317E+04
    0.67858E-01    0.45240E+04
    0.69229E-01    0.43028E+04
    0.70627E-01    0.40710E+04
    0.72054E-01    0.38320E+04
    0.73510E-01    0.35899E+04
    0.74994E-01    0.33485E+04
    0.76509E-01    0.31124E+04
    0.78055E-01    0.28862E+04
    0.79632E-01    0.26738E+04
    0.81241E-01    0.24793E+04
    0.82882E-01    0.23056E+04
    0.84556E-01    0.21545E+04
    0.86264E-01    0.20266E+04
    0.88007E-01    0.19223E+04
    0.89785E-01    0.18408E+04
    0.91598E-01    0.17805E+04
    0.93449E-01    0.17399E+04
    0.95337E-01    0.17167E+04
    0.97263E-01    0.17084E+04
    0.99227E-01    0.17119E+04
    0.10123E+00    0.17231E+04
    0.10328E+00    0.17378E+04
    0.10536E+00    0.17516E+04
    0.10749E+00    0.17597E+04
    0.10966E+00    0.17580E+04
    0.11188E+00    0.17429E+04
    0.11414E+00    0.17114E+04
    0.11644E+00    0.16614E+04
    0.11880E+00    0.15930E+04
    0.12120E+00    0.15077E+04
    0.12365E+00    0.14101E+04
    0.12614E+00    0.13055E+04
    0.12869E+00    0.12001E+04
    0.13129E+00    0.10994E+04
    0.13394E+00    0.10077E+04
    0.13665E+00    0.92820E+03
    0.13941E+00    0.86298E+03
    0.14223E+00    0.81319E+03
    0.14510E+00    0.77907E+03
    0.14803E+00    0.75940E+03
    0.15102E+00    0.75173E+03
    0.15407E+00    0.75232E+03
    0.15718E+00    0.75672E+03
    0.16036E+00    0.76048E+03
    0.16360E+00    0.75956E+03
    0.16690E+00    0.75059E+03
    0.17028E+00    0.73121E+03
    0.17371E+00    0.70073E+03
    0.17722E+00    0.66079E+03
    0.18080E+00    0.61488E+03
    0.18446E+00    0.56718E+03
    0.18818E+00    0.52184E+03
    0.19198E+00    0.48244E+03
    0.19586E+00    0.45152E+03
    0.19982E+00    0.42978E+03
    0.20386E+00    0.41631E+03
    0.20797E+00    0.40903E+03
    0.21218E+00    0.40524E+03
    0.21646E+00    0.40191E+03
    0.22083E+00    0.39610E+03
    0.22530E+00    0.38546E+03
    0.22985E+00    0.36925E+03
    0.23449E+00    0.34862E+03
    0.23923E+00    0.32585E+03
    0.24406E+00    0.30347E+03
    0.24899E+00    0.28387E+03
    0.25402E+00    0.26851E+03
    0.25915E+00    0.25761E+03
    0.26439E+00    0.25019E+03
    0.26973E+00    0.24449E+03
    0.27518E+00    0.23871E+03
    0.28074E+00    0.23136E+03
    0.28641E+00    0.22172E+03
    0.29219E+00    0.21020E+03
    0.29810E+00    0.19801E+03
    0.30412E+00    0.18660E+03
    0.31026E+00    0.17698E+03
    0.31653E+00    0.16938E+03
    0.32292E+00    0.16336E+03
    0.32945E+00    0.15803E+03
    0.33610E+00    0.15243E+03
    0.34289E+00    0.14606E+03
    0.34982E+00    0.13899E+03
    0.35689E+00    0.13177E+03
    0.36409E+00    0.12508E+03
    0.37145E+00    0.11930E+03
    0.37895E+00    0.11435E+03
    0.38661E+00    0.10987E+03
    0.39442E+00    0.10542E+03
    0.40239E+00    0.10076E+03
    0.41052E+00    0.95962E+02
    0.41881E+00    0.91315E+02
    0.42727E+00    0.87054E+02
    0.43590E+00    0.83214E+02
    0.44471E+00    0.79660E+02
    0.45369E+00    0.76188E+02
    0.46286E+00    0.72735E+02
    0.47221E+00    0.69331E+02
    0.48174E+00    0.66100E+02
    0.49148E+00    0.63102E+02
    0.50141E+00    0.60277E+02
    0.51153E+00    0.57567E+02
    0.52187E+00    0.54938E+02
    0.53241E+00    0.52389E+02
    0.54317E+00    0.49966E+02
    0.55414E+00    0.47681E+02
    0.56533E+00    0.45506E+02
    0.57675E+00    0.43422E+02
    0.58840E+00    0.41427E+02
    0.60029E+00    0.39516E+02
    0.61242E+00    0.37688E+02
    0.62479E+00    0.35939E+02
    0.63741E+00    0.34268E+02
    0.65029E+00    0.32671E+02
    0.66342E+00    0.31145E+02
    0.67683E+00    0.29689E+02
    0.69050E+00    0.28298E+02
    0.70445E+00    0.26972E+02
    0.71868E+00    0.25707E+02
    0.73320E+00    0.24501E+02
    0.74801E+00    0.23350E+02
    0.76312E+00    0.22252E+02
    0.77854E+00    0.21205E+02
    0.79426E+00    0.20206E+02
    0.81031E+00    0.19253E+02
    0.82668E+00    0.18344E+02
    0.84338E+00    0.17477E+02
    0.86041E+00    0.16650E+02
    0.87780E+00    0.15861E+02
    0.89553E+00    0.15108E+02
    0.91362E+00    0.14390E+02
    0.93208E+00    0.13705E+02
    0.95091E+00    0.13052E+02
    0.97011E+00    0.12429E+02
    0.98971E+00    0.11835E+02
    0.10097E+01    0.11269E+02
    0.10301E+01    0.10730E+02
    0.10509E+01    0.10215E+02
    0.10721E+01    0.97248E+01
    0.10938E+01    0.92575E+01
    0.11159E+01    0.88122E+01
    0.11384E+01    0.83878E+01
    0.11614E+01    0.79835E+01
    0.11849E+01    0.75982E+01
    0.12088E+01    0.72312E+01
    0.12333E+01    0.68815E+01
    0.12582E+01    0.65484E+01
    0.12836E+01    0.62312E+01
    0.13095E+01    0.59290E+01
    0.13360E+01    0.56411E+01
    0.13630E+01    0.53670E+01
    0.13905E+01    0.51060E+01
    0.14186E+01    0.48574E+01
    0.14472E+01    0.46207E+01
    0.14765E+01    0.43952E+01
    0.15063E+01    0.41806E+01
    0.15367E+01    0.39762E+01
    0.15678E+01    0.37817E+01
    0.15994E+01    0.35964E+01
    0.16318E+01    0.34200E+01
    0.16647E+01    0.32521E+01
    0.16984E+01    0.30923E+01
    0.17327E+01    0.29402E+01
    0.17677E+01    0.27953E+01
    0.18034E+01    0.26575E+01
    0.18398E+01    0.25264E+01
    0.18770E+01    0.24017E+01
    0.19149E+01    0.22830E+01
    0.19536E+01    0.21701E+01
    0.19930E+01    0.20628E+01
    0.20333E+01    0.19608E+01
    0.20744E+01    0.18637E+01
    0.21163E+01    0.17715E+01
