    0.10000E-03    0.49210E+03
    0.10202E-03    0.50172E+03
    0.10408E-03    0.51152E+03
    0.10618E-03    0.52152E+03
    0.10833E-03    0.53171E+03
    0.11052E-03    0.54210E+03
    0.11275E-03    0.55269E+03
    0.11503E-03    0.56349E+03
    0.11735E-03    0.57450E+03
    0.11972E-03    0.58573E+03
    0.12214E-03    0.59717E+03
    0.12461E-03    0.60884E+03
    0.12712E-03    0.62073E+03
    0.12969E-03    0.63286E+03
    0.13231E-03    0.64522E+03
    0.13499E-03    0.65782E+03
    0.13771E-03    0.67067E+03
    0.14049E-03    0.68377E+03
    0.14333E-03    0.69713E+03
    0.14623E-03    0.71074E+03
    0.14918E-03    0.72462E+03
    0.15220E-03    0.73877E+03
    0.15527E-03    0.75320E+03
    0.15841E-03    0.76790E+03
    0.16161E-03    0.78290E+03
    0.16487E-03    0.79818E+03
    0.16820E-03    0.81376E+03
    0.17160E-03    0.82965E+03
    0.17507E-03    0.84584E+03
    0.17860E-03    0.86235E+03
    0.18221E-03    0.87918E+03
    0.18589E-03    0.89634E+03
    0.18965E-03    0.91383E+03
    0.19348E-03    0.93166E+03
    0.19739E-03    0.94984E+03
    0.20138E-03    0.96837E+03
    0.20544E-03    0.98726E+03
    0.20959E-03    0.10065E+04
    0.21383E-03    0.10261E+04
    0.21815E-03    0.10462E+04
    0.22255E-03    0.10666E+04
    0.22705E-03    0.10873E+04
    0.23164E-03    0.11085E+04
    0.23632E-03    0.11301E+04
    0.24109E-03    0.11522E+04
    0.24596E-03    0.11746E+04
    0.25093E-03    0.11975E+04
    0.25600E-03    0.12208E+04
    0.26117E-03    0.12446E+04
    0.26645E-03    0.12689E+04
    0.27183E-03    0.12936E+04
    0.27732E-03    0.13187E+04
    0.28292E-03    0.13444E+04
    0.28864E-03    0.13706E+04
    0.29447E-03    0.13973E+04
    0.30042E-03    0.14244E+04
    0.30649E-03    0.14521E+04
    0.31268E-03    0.14804E+04
    0.31899E-03    0.15092E+04
    0.32544E-03    0.15385E+04
    0.33201E-03    0.15684E+04
    0.33872E-03    0.15989E+04
    0.34556E-03    0.16299E+04
    0.35254E-03    0.16616E+04
    0.35966E-03    0.16938E+04
    0.36693E-03    0.17267E+04
    0.37434E-03    0.17602E+04
    0.38190E-03    0.17944E+04
    0.38962E-03    0.18291E+04
    0.39749E-03    0.18646E+04
    0.40552E-03    0.19007E+04
    0.41371E-03    0.19376E+04
    0.42207E-03    0.19751E+04
    0.43060E-03    0.20133E+04
    0.43929E-03    0.20523E+04
    0.44817E-03    0.20920E+04
    0.45722E-03    0.21324E+04
    0.46646E-03    0.21736E+04
    0.47588E-03    0.22156E+04
    0.48550E-03    0.22584E+04
    0.49530E-03    0.23020E+04
    0.50531E-03    0.23464E+04
    0.51552E-03    0.23917E+04
    0.52593E-03    0.24378E+04
    0.53656E-03    0.24847E+04
    0.54739E-03    0.25326E+04
    0.55845E-03    0.25813E+04
    0.56973E-03    0.26310E+04
    0.58124E-03    0.26815E+04
    0.59299E-03    0.27330E+04
    0.60496E-03    0.27855E+04
    0.61719E-03    0.28390E+04
    0.62965E-03    0.28934E+04
    0.64237E-03    0.29488E+04
    0.65535E-03    0.30053E+04
    0.66859E-03    0.30628E+04
    0.68210E-03    0.31213E+04
    0.69588E-03    0.31810E+04
    0.70993E-03    0.32417E+04
    0.72427E-03    0.33035E+04
    0.73891E-03    0.33665E+04
    0.75383E-03    0.34306E+04
    0.76906E-03    0.34958E+04
    0.78460E-03    0.35623E+04
    0.80045E-03    0.36299E+04
    0.81662E-03    0.36988E+04
    0.83311E-03    0.37689E+04
    0.84994E-03    0.38402E+04
    0.86711E-03    0.39129E+04
    0.88463E-03    0.39868E+04
    0.90250E-03    0.40620E+04
    0.92073E-03    0.41386E+04
    0.93933E-03    0.42165E+04
    0.95831E-03    0.42958E+04
    0.97767E-03    0.43765E+04
    0.99742E-03    0.44586E+04
    0.10176E-02    0.45421E+04
    0.10381E-02    0.46271E+04
    0.10591E-02    0.47136E+04
    0.10805E-02    0.48015E+04
    0.11023E-02    0.48910E+04
    0.11246E-02    0.49820E+04
    0.11473E-02    0.50745E+04
    0.11705E-02    0.51686E+04
    0.11941E-02    0.52643E+04
    0.12182E-02    0.53616E+04
    0.12429E-02    0.54605E+04
    0.12680E-02    0.55611E+04
    0.12936E-02    0.56633E+04
    0.13197E-02    0.57673E+04
    0.13464E-02    0.58729E+04
    0.13736E-02    0.59802E+04
    0.14013E-02    0.60893E+04
    0.14296E-02    0.62002E+04
    0.14585E-02    0.63128E+04
    0.14880E-02    0.64273E+04
    0.15180E-02    0.65435E+04
    0.15487E-02    0.66616E+04
    0.15800E-02    0.67815E+04
    0.16119E-02    0.69033E+04
    0.16445E-02    0.70269E+04
    0.16777E-02    0.71525E+04
    0.17116E-02    0.72799E+04
    0.17462E-02    0.74093E+04
    0.17814E-02    0.75406E+04
    0.18174E-02    0.76739E+04
    0.18541E-02    0.78091E+04
    0.18916E-02    0.79463E+04
    0.19298E-02    0.80854E+04
    0.19688E-02    0.82266E+04
    0.20086E-02    0.83697E+04
    0.20491E-02    0.85149E+04
    0.20905E-02    0.86621E+04
    0.21328E-02    0.88113E+04
    0.21758E-02    0.89625E+04
    0.22198E-02    0.91157E+04
    0.22646E-02    0.92710E+04
    0.23104E-02    0.94283E+04
    0.23571E-02    0.95877E+04
    0.24047E-02    0.97491E+04
    0.24533E-02    0.99125E+04
    0.25028E-02    0.10078E+05
    0.25534E-02    0.10245E+05
    0.26050E-02    0.10415E+05
    0.26576E-02    0.10586E+05
    0.27113E-02    0.10760E+05
    0.27660E-02    0.10935E+05
    0.28219E-02    0.11113E+05
    0.28789E-02    0.11292E+05
    0.29371E-02    0.11474E+05
    0.29964E-02    0.11657E+05
    0.30569E-02    0.11843E+05
    0.31187E-02    0.12030E+05
    0.31817E-02    0.12219E+05
    0.32460E-02    0.12410E+05
    0.33115E-02    0.12602E+05
    0.33784E-02    0.12797E+05
    0.34467E-02    0.12993E+05
    0.35163E-02    0.13191E+05
    0.35874E-02    0.13391E+05
    0.36598E-02    0.13593E+05
    0.37338E-02    0.13796E+05
    0.38092E-02    0.14000E+05
    0.38861E-02    0.14206E+05
    0.39646E-02    0.14414E+05
    0.40447E-02    0.14623E+05
    0.41264E-02    0.14833E+05
    0.42098E-02    0.15045E+05
    0.42948E-02    0.15258E+05
    0.43816E-02    0.15472E+05
    0.44701E-02    0.15688E+05
    0.45604E-02    0.15904E+05
    0.46525E-02    0.16121E+05
    0.47465E-02    0.16339E+05
    0.48424E-02    0.16559E+05
    0.49402E-02    0.16778E+05
    0.50400E-02    0.16999E+05
    0.51419E-02    0.17220E+05
    0.52457E-02    0.17442E+05
    0.53517E-02    0.17664E+05
    0.54598E-02    0.17886E+05
    0.55701E-02    0.18108E+05
    0.56826E-02    0.18331E+05
    0.57974E-02    0.18553E+05
    0.59145E-02    0.18775E+05
    0.60340E-02    0.18997E+05
    0.61559E-02    0.19218E+05
    0.62803E-02    0.19439E+05
    0.64072E-02    0.19659E+05
    0.65366E-02    0.19878E+05
    0.66686E-02    0.20097E+05
    0.68033E-02    0.20313E+05
    0.69408E-02    0.20529E+05
    0.70810E-02    0.20743E+05
    0.72240E-02    0.20956E+05
    0.73700E-02    0.21166E+05
    0.75189E-02    0.21375E+05
    0.76708E-02    0.21581E+05
    0.78257E-02    0.21785E+05
    0.79838E-02    0.21987E+05
    0.81451E-02    0.22185E+05
    0.83096E-02    0.22381E+05
    0.84775E-02    0.22574E+05
    0.86488E-02    0.22764E+05
    0.88235E-02    0.22950E+05
    0.90017E-02    0.23132E+05
    0.91836E-02    0.23310E+05
    0.93691E-02    0.23484E+05
    0.95583E-02    0.23653E+05
    0.97514E-02    0.23818E+05
    0.99484E-02    0.23978E+05
    0.10149E-01    0.24133E+05
    0.10354E-01    0.24282E+05
    0.10564E-01    0.24425E+05
    0.10777E-01    0.24563E+05
    0.10995E-01    0.24694E+05
    0.11217E-01    0.24818E+05
    0.11443E-01    0.24936E+05
    0.11675E-01    0.25047E+05
    0.11910E-01    0.25151E+05
    0.12151E-01    0.25247E+05
    0.12397E-01    0.25335E+05
    0.12647E-01    0.25415E+05
    0.12902E-01    0.25487E+05
    0.13163E-01    0.25550E+05
    0.13429E-01    0.25604E+05
    0.13700E-01    0.25649E+05
    0.13977E-01    0.25684E+05
    0.14259E-01    0.25710E+05
    0.14547E-01    0.25725E+05
    0.14841E-01    0.25730E+05
    0.15141E-01    0.25725E+05
    0.15447E-01    0.25709E+05
    0.15759E-01    0.25682E+05
    0.16077E-01    0.25644E+05
    0.16402E-01    0.25594E+05
    0.16734E-01    0.25533E+05
    0.17072E-01    0.25459E+05
    0.17416E-01    0.25374E+05
    0.17768E-01    0.25277E+05
    0.18127E-01    0.25168E+05
    0.18493E-01    0.25046E+05
    0.18867E-01    0.24912E+05
    0.19248E-01    0.24765E+05
    0.19637E-01    0.24606E+05
    0.20034E-01    0.24434E+05
    0.20438E-01    0.24250E+05
    0.20851E-01    0.24054E+05
    0.21272E-01    0.23845E+05
    0.21702E-01    0.23624E+05
    0.22141E-01    0.23391E+05
    0.22588E-01    0.23147E+05
    0.23044E-01    0.22891E+05
    0.23510E-01    0.22624E+05
    0.23985E-01    0.22347E+05
    0.24469E-01    0.22059E+05
    0.24964E-01    0.21761E+05
    0.25468E-01    0.21453E+05
    0.25982E-01    0.21137E+05
    0.26507E-01    0.20813E+05
    0.27043E-01    0.20481E+05
    0.27589E-01    0.20142E+05
    0.28146E-01    0.19797E+05
    0.28715E-01    0.19447E+05
    0.29295E-01    0.19091E+05
    0.29887E-01    0.18733E+05
    0.30490E-01    0.18371E+05
    0.31106E-01    0.18008E+05
    0.31735E-01    0.17643E+05
    0.32376E-01    0.17279E+05
    0.33030E-01    0.16915E+05
    0.33697E-01    0.16553E+05
    0.34378E-01    0.16195E+05
    0.35072E-01    0.15839E+05
    0.35781E-01    0.15489E+05
    0.36504E-01    0.15144E+05
    0.37241E-01    0.14806E+05
    0.37993E-01    0.14476E+05
    0.38761E-01    0.14155E+05
    0.39544E-01    0.13842E+05
    0.40343E-01    0.13539E+05
    0.41158E-01    0.13245E+05
    0.41989E-01    0.12962E+05
    0.42838E-01    0.12689E+05
    0.43703E-01    0.12427E+05
    0.44586E-01    0.12178E+05
    0.45486E-01    0.11942E+05
    0.46405E-01    0.11720E+05
    0.47343E-01    0.11511E+05
    0.48299E-01    0.11314E+05
    0.49275E-01    0.11128E+05
    0.50270E-01    0.10952E+05
    0.51286E-01    0.10785E+05
    0.52322E-01    0.10626E+05
    0.53379E-01    0.10475E+05
    0.54457E-01    0.10330E+05
    0.55557E-01    0.10191E+05
    0.56680E-01    0.10057E+05
    0.57825E-01    0.99255E+04
    0.58993E-01    0.97957E+04
    0.60184E-01    0.96657E+04
    0.61400E-01    0.95337E+04
    0.62641E-01    0.93979E+04
    0.63906E-01    0.92565E+04
    0.65197E-01    0.91078E+04
    0.66514E-01    0.89501E+04
    0.67858E-01    0.87819E+04
    0.69229E-01    0.86024E+04
    0.70627E-01    0.84109E+04
    0.72054E-01    0.82071E+04
    0.73510E-01    0.79914E+04
    0.74994E-01    0.77646E+04
    0.76509E-01    0.75279E+04
    0.78055E-01    0.72829E+04
    0.79632E-01    0.70317E+04
    0.81241E-01    0.67765E+04
    0.82882E-01    0.65196E+04
    0.84556E-01    0.62634E+04
    0.86264E-01    0.60105E+04
    0.88007E-01    0.57635E+04
    0.89785E-01    0.55249E+04
    0.91598E-01    0.52976E+04
    0.93449E-01    0.50839E+04
    0.95337E-01    0.48860E+04
    0.97263E-01    0.47055E+04
    0.99227E-01    0.45439E+04
    0.10123E+00    0.44013E+04
    0.10328E+00    0.42771E+04
    0.10536E+00    0.41705E+04
    0.10749E+00    0.40790E+04
    0.10966E+00    0.40001E+04
    0.11188E+00    0.39309E+04
    0.11414E+00    0.38680E+04
    0.11644E+00    0.38079E+04
    0.11880E+00    0.37472E+04
    0.12120E+00    0.36827E+04
    0.12365E+00    0.36112E+04
    0.12614E+00    0.35304E+04
    0.12869E+00    0.34386E+04
    0.13129E+00    0.33349E+04
    0.13394E+00    0.32201E+04
    0.13665E+00    0.30953E+04
    0.13941E+00    0.29632E+04
    0.14223E+00    0.28268E+04
    0.14510E+00    0.26900E+04
    0.14803E+00    0.25569E+04
    0.15102E+00    0.24315E+04
    0.15407E+00    0.23171E+04
    0.15718E+00    0.22164E+04
    0.16036E+00    0.21303E+04
    0.16360E+00    0.20585E+04
    0.16690E+00    0.19995E+04
    0.17028E+00    0.19508E+04
    0.17371E+00    0.19096E+04
    0.17722E+00    0.18722E+04
    0.18080E+00    0.18349E+04
    0.18446E+00    0.17938E+04
    0.18818E+00    0.17459E+04
    0.19198E+00    0.16898E+04
    0.19586E+00    0.16259E+04
    0.19982E+00    0.15559E+04
    0.20386E+00    0.14826E+04
    0.20797E+00    0.14092E+04
    0.21218E+00    0.13391E+04
    0.21646E+00    0.12753E+04
    0.22083E+00    0.12199E+04
    0.22530E+00    0.11735E+04
    0.22985E+00    0.11350E+04
    0.23449E+00    0.11028E+04
    0.23923E+00    0.10740E+04
    0.24406E+00    0.10458E+04
    0.24899E+00    0.10151E+04
    0.25402E+00    0.98041E+03
    0.25915E+00    0.94173E+03
    0.26439E+00    0.90034E+03
    0.26973E+00    0.85816E+03
    0.27518E+00    0.81738E+03
    0.28074E+00    0.78014E+03
    0.28641E+00    0.74771E+03
    0.29219E+00    0.72002E+03
    0.29810E+00    0.69581E+03
    0.30412E+00    0.67342E+03
    0.31026E+00    0.65113E+03
    0.31653E+00    0.62758E+03
    0.32292E+00    0.60232E+03
    0.32945E+00    0.57603E+03
    0.33610E+00    0.55007E+03
    0.34289E+00    0.52563E+03
    0.34982E+00    0.50347E+03
    0.35689E+00    0.48372E+03
    0.36409E+00    0.46580E+03
    0.37145E+00    0.44866E+03
    0.37895E+00    0.43148E+03
    0.38661E+00    0.41390E+03
    0.39442E+00    0.39614E+03
    0.40239E+00    0.37882E+03
    0.41052E+00    0.36255E+03
    0.41881E+00    0.34754E+03
    0.42727E+00    0.33364E+03
    0.43590E+00    0.32042E+03
    0.44471E+00    0.30743E+03
    0.45369E+00    0.29453E+03
    0.46286E+00    0.28187E+03
    0.47221E+00    0.26973E+03
    0.48174E+00    0.25831E+03
    0.49148E+00    0.24755E+03
    0.50141E+00    0.23730E+03
    0.51153E+00    0.22734E+03
    0.52187E+00    0.21762E+03
    0.53241E+00    0.20824E+03
    0.54317E+00    0.19928E+03
    0.55414E+00    0.19079E+03
    0.56533E+00    0.18266E+03
    0.57675E+00    0.17484E+03
    0.58840E+00    0.16729E+03
    0.60029E+00    0.16002E+03
    0.61242E+00    0.15308E+03
    0.62479E+00    0.14645E+03
    0.63741E+00    0.14010E+03
    0.65029E+00    0.13400E+03
    0.66342E+00    0.12815E+03
    0.67683E+00    0.12254E+03
    0.69050E+00    0.11717E+03
    0.70445E+00    0.11202E+03
    0.71868E+00    0.10708E+03
    0.73320E+00    0.10235E+03
    0.74801E+00    0.97817E+02
    0.76312E+00    0.93479E+02
    0.77854E+00    0.89325E+02
    0.79426E+00    0.85348E+02
    0.81031E+00    0.81542E+02
    0.82668E+00    0.77898E+02
    0.84338E+00    0.74412E+02
    0.86041E+00    0.71075E+02
    0.87780E+00    0.67883E+02
    0.89553E+00    0.64829E+02
    0.91362E+00    0.61906E+02
    0.93208E+00    0.59111E+02
    0.95091E+00    0.56437E+02
    0.97011E+00    0.53880E+02
    0.98971E+00    0.51434E+02
    0.10097E+01    0.49095E+02
    0.10301E+01    0.46859E+02
    0.10509E+01    0.44721E+02
    0.10721E+01    0.42677E+02
    0.10938E+01    0.40724E+02
    0.11159E+01    0.38856E+02
    0.11384E+01    0.37072E+02
    0.11614E+01    0.35366E+02
    0.11849E+01    0.33737E+02
    0.12088E+01    0.32180E+02
    0.12333E+01    0.30693E+02
    0.12582E+01    0.29272E+02
    0.12836E+01    0.27915E+02
    0.13095E+01    0.26619E+02
    0.13360E+01    0.25382E+02
    0.13630E+01    0.24200E+02
    0.13905E+01    0.23071E+02
    0.14186E+01    0.21994E+02
    0.14472E+01    0.20966E+02
    0.14765E+01    0.19984E+02
    0.15063E+01    0.19048E+02
    0.15367E+01    0.18154E+02
    0.15678E+01    0.17300E+02
    0.15994E+01    0.16486E+02
    0.16318E+01    0.15709E+02
    0.16647E+01    0.14968E+02
    0.16984E+01    0.14261E+02
    0.17327E+01    0.13586E+02
    0.17677E+01    0.12942E+02
    0.18034E+01    0.12328E+02
    0.18398E+01    0.11743E+02
    0.18770E+01    0.11184E+02
    0.19149E+01    0.10651E+02
    0.19536E+01    0.10142E+02
    0.19930E+01    0.96577E+01
    0.20333E+01    0.91956E+01
    0.20744E+01    0.87551E+01
    0.21163E+01    0.83354E+01
    0.21590E+01    0.79355E+01
    0.22026E+01    0.75545E+01
    0.22471E+01    0.71916E+01
    0.22925E+01    0.68461E+01
    0.23388E+01    0.65170E+01
