    0.10000E-03    0.30923E+03
    0.10202E-03    0.31528E+03
    0.10408E-03    0.32144E+03
    0.10618E-03    0.32772E+03
    0.10833E-03    0.33413E+03
    0.11052E-03    0.34066E+03
    0.11275E-03    0.34732E+03
    0.11503E-03    0.35411E+03
    0.11735E-03    0.36103E+03
    0.11972E-03    0.36808E+03
    0.12214E-03    0.37528E+03
    0.12461E-03    0.38261E+03
    0.12712E-03    0.39009E+03
    0.12969E-03    0.39771E+03
    0.13231E-03    0.40549E+03
    0.13499E-03    0.41341E+03
    0.13771E-03    0.42149E+03
    0.14049E-03    0.42973E+03
    0.14333E-03    0.43812E+03
    0.14623E-03    0.44668E+03
    0.14918E-03    0.45541E+03
    0.15220E-03    0.46431E+03
    0.15527E-03    0.47338E+03
    0.15841E-03    0.48263E+03
    0.16161E-03    0.49206E+03
    0.16487E-03    0.50167E+03
    0.16820E-03    0.51147E+03
    0.17160E-03    0.52146E+03
    0.17507E-03    0.53165E+03
    0.17860E-03    0.54203E+03
    0.18221E-03    0.55262E+03
    0.18589E-03    0.56341E+03
    0.18965E-03    0.57442E+03
    0.19348E-03    0.58564E+03
    0.19739E-03    0.59707E+03
    0.20138E-03    0.60873E+03
    0.20544E-03    0.62062E+03
    0.20959E-03    0.63273E+03
    0.21383E-03    0.64509E+03
    0.21815E-03    0.65768E+03
    0.22255E-03    0.67052E+03
    0.22705E-03    0.68361E+03
    0.23164E-03    0.69695E+03
    0.23632E-03    0.71055E+03
    0.24109E-03    0.72442E+03
    0.24596E-03    0.73856E+03
    0.25093E-03    0.75297E+03
    0.25600E-03    0.76766E+03
    0.26117E-03    0.78263E+03
    0.26645E-03    0.79790E+03
    0.27183E-03    0.81346E+03
    0.27732E-03    0.82933E+03
    0.28292E-03    0.84550E+03
    0.28864E-03    0.86199E+03
    0.29447E-03    0.87879E+03
    0.30042E-03    0.89592E+03
    0.30649E-03    0.91339E+03
    0.31268E-03    0.93119E+03
    0.31899E-03    0.94934E+03
    0.32544E-03    0.96783E+03
    0.33201E-03    0.98669E+03
    0.33872E-03    0.10059E+04
    0.34556E-03    0.10255E+04
    0.35254E-03    0.10455E+04
    0.35966E-03    0.10658E+04
    0.36693E-03    0.10866E+04
    0.37434E-03    0.11077E+04
    0.38190E-03    0.11293E+04
    0.38962E-03    0.11512E+04
    0.39749E-03    0.11736E+04
    0.40552E-03    0.11965E+04
    0.41371E-03    0.12197E+04
    0.42207E-03    0.12434E+04
    0.43060E-03    0.12676E+04
    0.43929E-03    0.12922E+04
    0.44817E-03    0.13173E+04
    0.45722E-03    0.13429E+04
    0.46646E-03    0.13690E+04
    0.47588E-03    0.13956E+04
    0.48550E-03    0.14227E+04
    0.49530E-03    0.14503E+04
    0.50531E-03    0.14784E+04
    0.51552E-03    0.15071E+04
    0.52593E-03    0.15363E+04
    0.53656E-03    0.15660E+04
    0.54739E-03    0.15964E+04
    0.55845E-03    0.16273E+04
    0.56973E-03    0.16588E+04
    0.58124E-03    0.16909E+04
    0.59299E-03    0.17236E+04
    0.60496E-03    0.17569E+04
    0.61719E-03    0.17909E+04
    0.62965E-03    0.18255E+04
    0.64237E-03    0.18607E+04
    0.65535E-03    0.18966E+04
    0.66859E-03    0.19332E+04
    0.68210E-03    0.19705E+04
    0.69588E-03    0.20085E+04
    0.70993E-03    0.20472E+04
    0.72427E-03    0.20866E+04
    0.73891E-03    0.21267E+04
    0.75383E-03    0.21676E+04
    0.76906E-03    0.22093E+04
    0.78460E-03    0.22518E+04
    0.80045E-03    0.22950E+04
    0.81662E-03    0.23390E+04
    0.83311E-03    0.23839E+04
    0.84994E-03    0.24296E+04
    0.86711E-03    0.24761E+04
    0.88463E-03    0.25235E+04
    0.90250E-03    0.25717E+04
    0.92073E-03    0.26209E+04
    0.93933E-03    0.26709E+04
    0.95831E-03    0.27219E+04
    0.97767E-03    0.27738E+04
    0.99742E-03    0.28266E+04
    0.10176E-02    0.28804E+04
    0.10381E-02    0.29352E+04
    0.10591E-02    0.29910E+04
    0.10805E-02    0.30477E+04
    0.11023E-02    0.31055E+04
    0.11246E-02    0.31644E+04
    0.11473E-02    0.32243E+04
    0.11705E-02    0.32852E+04
    0.11941E-02    0.33473E+04
    0.12182E-02    0.34104E+04
    0.12429E-02    0.34747E+04
    0.12680E-02    0.35401E+04
    0.12936E-02    0.36066E+04
    0.13197E-02    0.36744E+04
    0.13464E-02    0.37433E+04
    0.13736E-02    0.38134E+04
    0.14013E-02    0.38847E+04
    0.14296E-02    0.39573E+04
    0.14585E-02    0.40311E+04
    0.14880E-02    0.41062E+04
    0.15180E-02    0.41825E+04
    0.15487E-02    0.42602E+04
    0.15800E-02    0.43392E+04
    0.16119E-02    0.44195E+04
    0.16445E-02    0.45012E+04
    0.16777E-02    0.45842E+04
    0.17116E-02    0.46686E+04
    0.17462E-02    0.47545E+04
    0.17814E-02    0.48417E+04
    0.18174E-02    0.49304E+04
    0.18541E-02    0.50205E+04
    0.18916E-02    0.51121E+04
    0.19298E-02    0.52051E+04
    0.19688E-02    0.52997E+04
    0.20086E-02    0.53957E+04
    0.20491E-02    0.54933E+04
    0.20905E-02    0.55924E+04
    0.21328E-02    0.56931E+04
    0.21758E-02    0.57954E+04
    0.22198E-02    0.58992E+04
    0.22646E-02    0.60046E+04
    0.23104E-02    0.61116E+04
    0.23571E-02    0.62202E+04
    0.24047E-02    0.63305E+04
    0.24533E-02    0.64424E+04
    0.25028E-02    0.65559E+04
    0.25534E-02    0.66711E+04
    0.26050E-02    0.67880E+04
    0.26576E-02    0.69066E+04
    0.27113E-02    0.70268E+04
    0.27660E-02    0.71487E+04
    0.28219E-02    0.72723E+04
    0.28789E-02    0.73977E+04
    0.29371E-02    0.75247E+04
    0.29964E-02    0.76535E+04
    0.30569E-02    0.77840E+04
    0.31187E-02    0.79161E+04
    0.31817E-02    0.80501E+04
    0.32460E-02    0.81857E+04
    0.33115E-02    0.83231E+04
    0.33784E-02    0.84622E+04
    0.34467E-02    0.86030E+04
    0.35163E-02    0.87455E+04
    0.35874E-02    0.88897E+04
    0.36598E-02    0.90356E+04
    0.37338E-02    0.91832E+04
    0.38092E-02    0.93326E+04
    0.38861E-02    0.94835E+04
    0.39646E-02    0.96362E+04
    0.40447E-02    0.97905E+04
    0.41264E-02    0.99464E+04
    0.42098E-02    0.10104E+05
    0.42948E-02    0.10263E+05
    0.43816E-02    0.10424E+05
    0.44701E-02    0.10586E+05
    0.45604E-02    0.10750E+05
    0.46525E-02    0.10915E+05
    0.47465E-02    0.11082E+05
    0.48424E-02    0.11250E+05
    0.49402E-02    0.11420E+05
    0.50400E-02    0.11591E+05
    0.51419E-02    0.11763E+05
    0.52457E-02    0.11937E+05
    0.53517E-02    0.12112E+05
    0.54598E-02    0.12288E+05
    0.55701E-02    0.12466E+05
    0.56826E-02    0.12644E+05
    0.57974E-02    0.12824E+05
    0.59145E-02    0.13004E+05
    0.60340E-02    0.13186E+05
    0.61559E-02    0.13368E+05
    0.62803E-02    0.13551E+05
    0.64072E-02    0.13735E+05
    0.65366E-02    0.13920E+05
    0.66686E-02    0.14105E+05
    0.68033E-02    0.14291E+05
    0.69408E-02    0.14478E+05
    0.70810E-02    0.14664E+05
    0.72240E-02    0.14851E+05
    0.73700E-02    0.15038E+05
    0.75189E-02    0.15225E+05
    0.76708E-02    0.15412E+05
    0.78257E-02    0.15599E+05
    0.79838E-02    0.15785E+05
    0.81451E-02    0.15972E+05
    0.83096E-02    0.16157E+05
    0.84775E-02    0.16343E+05
    0.86488E-02    0.16527E+05
    0.88235E-02    0.16711E+05
    0.90017E-02    0.16894E+05
    0.91836E-02    0.17075E+05
    0.93691E-02    0.17256E+05
    0.95583E-02    0.17435E+05
    0.97514E-02    0.17612E+05
    0.99484E-02    0.17788E+05
    0.10149E-01    0.17962E+05
    0.10354E-01    0.18133E+05
    0.10564E-01    0.18303E+05
    0.10777E-01    0.18470E+05
    0.10995E-01    0.18635E+05
    0.11217E-01    0.18797E+05
    0.11443E-01    0.18956E+05
    0.11675E-01    0.19111E+05
    0.11910E-01    0.19264E+05
    0.12151E-01    0.19413E+05
    0.12397E-01    0.19558E+05
    0.12647E-01    0.19699E+05
    0.12902E-01    0.19836E+05
    0.13163E-01    0.19969E+05
    0.13429E-01    0.20097E+05
    0.13700E-01    0.20221E+05
    0.13977E-01    0.20339E+05
    0.14259E-01    0.20452E+05
    0.14547E-01    0.20559E+05
    0.14841E-01    0.20661E+05
    0.15141E-01    0.20757E+05
    0.15447E-01    0.20846E+05
    0.15759E-01    0.20929E+05
    0.16077E-01    0.21006E+05
    0.16402E-01    0.21075E+05
    0.16734E-01    0.21138E+05
    0.17072E-01    0.21193E+05
    0.17416E-01    0.21240E+05
    0.17768E-01    0.21280E+05
    0.18127E-01    0.21311E+05
    0.18493E-01    0.21335E+05
    0.18867E-01    0.21350E+05
    0.19248E-01    0.21356E+05
    0.19637E-01    0.21354E+05
    0.20034E-01    0.21342E+05
    0.20438E-01    0.21322E+05
    0.20851E-01    0.21292E+05
    0.21272E-01    0.21253E+05
    0.21702E-01    0.21205E+05
    0.22141E-01    0.21146E+05
    0.22588E-01    0.21079E+05
    0.23044E-01    0.21001E+05
    0.23510E-01    0.20914E+05
    0.23985E-01    0.20817E+05
    0.24469E-01    0.20711E+05
    0.24964E-01    0.20594E+05
    0.25468E-01    0.20469E+05
    0.25982E-01    0.20333E+05
    0.26507E-01    0.20189E+05
    0.27043E-01    0.20036E+05
    0.27589E-01    0.19873E+05
    0.28146E-01    0.19702E+05
    0.28715E-01    0.19523E+05
    0.29295E-01    0.19335E+05
    0.29887E-01    0.19140E+05
    0.30490E-01    0.18938E+05
    0.31106E-01    0.18729E+05
    0.31735E-01    0.18513E+05
    0.32376E-01    0.18292E+05
    0.33030E-01    0.18065E+05
    0.33697E-01    0.17834E+05
    0.34378E-01    0.17598E+05
    0.35072E-01    0.17359E+05
    0.35781E-01    0.17117E+05
    0.36504E-01    0.16873E+05
    0.37241E-01    0.16627E+05
    0.37993E-01    0.16381E+05
    0.38761E-01    0.16134E+05
    0.39544E-01    0.15888E+05
    0.40343E-01    0.15642E+05
    0.41158E-01    0.15398E+05
    0.41989E-01    0.15155E+05
    0.42838E-01    0.14916E+05
    0.43703E-01    0.14680E+05
    0.44586E-01    0.14449E+05
    0.45486E-01    0.14222E+05
    0.46405E-01    0.14001E+05
    0.47343E-01    0.13787E+05
    0.48299E-01    0.13578E+05
    0.49275E-01    0.13377E+05
    0.50270E-01    0.13182E+05
    0.51286E-01    0.12994E+05
    0.52322E-01    0.12813E+05
    0.53379E-01    0.12637E+05
    0.54457E-01    0.12467E+05
    0.55557E-01    0.12303E+05
    0.56680E-01    0.12143E+05
    0.57825E-01    0.11987E+05
    0.58993E-01    0.11833E+05
    0.60184E-01    0.11683E+05
    0.61400E-01    0.11534E+05
    0.62641E-01    0.11385E+05
    0.63906E-01    0.11237E+05
    0.65197E-01    0.11087E+05
    0.66514E-01    0.10936E+05
    0.67858E-01    0.10781E+05
    0.69229E-01    0.10622E+05
    0.70627E-01    0.10458E+05
    0.72054E-01    0.10287E+05
    0.73510E-01    0.10110E+05
    0.74994E-01    0.99256E+04
    0.76509E-01    0.97327E+04
    0.78055E-01    0.95311E+04
    0.79632E-01    0.93209E+04
    0.81241E-01    0.91019E+04
    0.82882E-01    0.88747E+04
    0.84556E-01    0.86405E+04
    0.86264E-01    0.84008E+04
    0.88007E-01    0.81573E+04
    0.89785E-01    0.79121E+04
    0.91598E-01    0.76673E+04
    0.93449E-01    0.74250E+04
    0.95337E-01    0.71875E+04
    0.97263E-01    0.69566E+04
    0.99227E-01    0.67344E+04
    0.10123E+00    0.65225E+04
    0.10328E+00    0.63224E+04
    0.10536E+00    0.61353E+04
    0.10749E+00    0.59622E+04
    0.10966E+00    0.58032E+04
    0.11188E+00    0.56582E+04
    0.11414E+00    0.55266E+04
    0.11644E+00    0.54067E+04
    0.11880E+00    0.52970E+04
    0.12120E+00    0.51949E+04
    0.12365E+00    0.50977E+04
    0.12614E+00    0.50028E+04
    0.12869E+00    0.49074E+04
    0.13129E+00    0.48089E+04
    0.13394E+00    0.47052E+04
    0.13665E+00    0.45946E+04
    0.13941E+00    0.44758E+04
    0.14223E+00    0.43486E+04
    0.14510E+00    0.42134E+04
    0.14803E+00    0.40714E+04
    0.15102E+00    0.39248E+04
    0.15407E+00    0.37761E+04
    0.15718E+00    0.36284E+04
    0.16036E+00    0.34846E+04
    0.16360E+00    0.33478E+04
    0.16690E+00    0.32204E+04
    0.17028E+00    0.31046E+04
    0.17371E+00    0.30012E+04
    0.17722E+00    0.29103E+04
    0.18080E+00    0.28303E+04
    0.18446E+00    0.27588E+04
    0.18818E+00    0.26931E+04
    0.19198E+00    0.26300E+04
    0.19586E+00    0.25668E+04
    0.19982E+00    0.25009E+04
    0.20386E+00    0.24302E+04
    0.20797E+00    0.23535E+04
    0.21218E+00    0.22709E+04
    0.21646E+00    0.21838E+04
    0.22083E+00    0.20951E+04
    0.22530E+00    0.20079E+04
    0.22985E+00    0.19249E+04
    0.23449E+00    0.18484E+04
    0.23923E+00    0.17794E+04
    0.24406E+00    0.17182E+04
    0.24899E+00    0.16641E+04
    0.25402E+00    0.16153E+04
    0.25915E+00    0.15693E+04
    0.26439E+00    0.15237E+04
    0.26973E+00    0.14763E+04
    0.27518E+00    0.14260E+04
    0.28074E+00    0.13727E+04
    0.28641E+00    0.13178E+04
    0.29219E+00    0.12634E+04
    0.29810E+00    0.12114E+04
    0.30412E+00    0.11632E+04
    0.31026E+00    0.11195E+04
    0.31653E+00    0.10802E+04
    0.32292E+00    0.10441E+04
    0.32945E+00    0.10097E+04
    0.33610E+00    0.97526E+03
    0.34289E+00    0.94000E+03
    0.34982E+00    0.90382E+03
    0.35689E+00    0.86743E+03
    0.36409E+00    0.83195E+03
    0.37145E+00    0.79842E+03
    0.37895E+00    0.76743E+03
    0.38661E+00    0.73883E+03
    0.39442E+00    0.71194E+03
    0.40239E+00    0.68587E+03
    0.41052E+00    0.65996E+03
    0.41881E+00    0.63405E+03
    0.42727E+00    0.60844E+03
    0.43590E+00    0.58367E+03
    0.44471E+00    0.56024E+03
    0.45369E+00    0.53827E+03
    0.46286E+00    0.51746E+03
    0.47221E+00    0.49739E+03
    0.48174E+00    0.47777E+03
    0.49148E+00    0.45851E+03
    0.50141E+00    0.43977E+03
    0.51153E+00    0.42183E+03
    0.52187E+00    0.40480E+03
    0.53241E+00    0.38855E+03
    0.54317E+00    0.37293E+03
    0.55414E+00    0.35778E+03
    0.56533E+00    0.34306E+03
    0.57675E+00    0.32890E+03
    0.58840E+00    0.31534E+03
    0.60029E+00    0.30237E+03
    0.61242E+00    0.28992E+03
    0.62479E+00    0.27791E+03
    0.63741E+00    0.26632E+03
    0.65029E+00    0.25518E+03
    0.66342E+00    0.24451E+03
    0.67683E+00    0.23427E+03
    0.69050E+00    0.22442E+03
    0.70445E+00    0.21496E+03
    0.71868E+00    0.20587E+03
    0.73320E+00    0.19714E+03
    0.74801E+00    0.18877E+03
    0.76312E+00    0.18072E+03
    0.77854E+00    0.17301E+03
    0.79426E+00    0.16560E+03
    0.81031E+00    0.15850E+03
    0.82668E+00    0.15168E+03
    0.84338E+00    0.14514E+03
    0.86041E+00    0.13887E+03
    0.87780E+00    0.13286E+03
    0.89553E+00    0.12709E+03
    0.91362E+00    0.12156E+03
    0.93208E+00    0.11626E+03
    0.95091E+00    0.11118E+03
    0.97011E+00    0.10631E+03
    0.98971E+00    0.10165E+03
    0.10097E+01    0.97180E+02
    0.10301E+01    0.92898E+02
    0.10509E+01    0.88796E+02
    0.10721E+01    0.84867E+02
    0.10938E+01    0.81104E+02
    0.11159E+01    0.77501E+02
    0.11384E+01    0.74051E+02
    0.11614E+01    0.70749E+02
    0.11849E+01    0.67587E+02
    0.12088E+01    0.64561E+02
    0.12333E+01    0.61666E+02
    0.12582E+01    0.58895E+02
    0.12836E+01    0.56244E+02
    0.13095E+01    0.53708E+02
    0.13360E+01    0.51282E+02
    0.13630E+01    0.48961E+02
    0.13905E+01    0.46743E+02
    0.14186E+01    0.44621E+02
    0.14472E+01    0.42592E+02
    0.14765E+01    0.40652E+02
    0.15063E+01    0.38797E+02
    0.15367E+01    0.37023E+02
    0.15678E+01    0.35328E+02
    0.15994E+01    0.33708E+02
    0.16318E+01    0.32158E+02
    0.16647E+01    0.30678E+02
    0.16984E+01    0.29263E+02
    0.17327E+01    0.27910E+02
    0.17677E+01    0.26618E+02
    0.18034E+01    0.25383E+02
    0.18398E+01    0.24205E+02
    0.18770E+01    0.23079E+02
    0.19149E+01    0.22005E+02
    0.19536E+01    0.20979E+02
    0.19930E+01    0.20001E+02
    0.20333E+01    0.19068E+02
    0.20744E+01    0.18178E+02
    0.21163E+01    0.17329E+02
