    0.10000E-03    0.28221E+03
    0.10202E-03    0.28773E+03
    0.10408E-03    0.29336E+03
    0.10618E-03    0.29909E+03
    0.10833E-03    0.30494E+03
    0.11052E-03    0.31090E+03
    0.11275E-03    0.31697E+03
    0.11503E-03    0.32317E+03
    0.11735E-03    0.32949E+03
    0.11972E-03    0.33593E+03
    0.12214E-03    0.34249E+03
    0.12461E-03    0.34919E+03
    0.12712E-03    0.35601E+03
    0.12969E-03    0.36297E+03
    0.13231E-03    0.37006E+03
    0.13499E-03    0.37730E+03
    0.13771E-03    0.38467E+03
    0.14049E-03    0.39219E+03
    0.14333E-03    0.39985E+03
    0.14623E-03    0.40766E+03
    0.14918E-03    0.41563E+03
    0.15220E-03    0.42375E+03
    0.15527E-03    0.43203E+03
    0.15841E-03    0.44047E+03
    0.16161E-03    0.44908E+03
    0.16487E-03    0.45785E+03
    0.16820E-03    0.46680E+03
    0.17160E-03    0.47592E+03
    0.17507E-03    0.48522E+03
    0.17860E-03    0.49470E+03
    0.18221E-03    0.50436E+03
    0.18589E-03    0.51421E+03
    0.18965E-03    0.52425E+03
    0.19348E-03    0.53449E+03
    0.19739E-03    0.54493E+03
    0.20138E-03    0.55558E+03
    0.20544E-03    0.56643E+03
    0.20959E-03    0.57749E+03
    0.21383E-03    0.58876E+03
    0.21815E-03    0.60026E+03
    0.22255E-03    0.61198E+03
    0.22705E-03    0.62393E+03
    0.23164E-03    0.63611E+03
    0.23632E-03    0.64853E+03
    0.24109E-03    0.66118E+03
    0.24596E-03    0.67409E+03
    0.25093E-03    0.68725E+03
    0.25600E-03    0.70066E+03
    0.26117E-03    0.71433E+03
    0.26645E-03    0.72827E+03
    0.27183E-03    0.74248E+03
    0.27732E-03    0.75696E+03
    0.28292E-03    0.77173E+03
    0.28864E-03    0.78678E+03
    0.29447E-03    0.80212E+03
    0.30042E-03    0.81777E+03
    0.30649E-03    0.83371E+03
    0.31268E-03    0.84997E+03
    0.31899E-03    0.86654E+03
    0.32544E-03    0.88343E+03
    0.33201E-03    0.90064E+03
    0.33872E-03    0.91819E+03
    0.34556E-03    0.93608E+03
    0.35254E-03    0.95432E+03
    0.35966E-03    0.97291E+03
    0.36693E-03    0.99186E+03
    0.37434E-03    0.10112E+04
    0.38190E-03    0.10309E+04
    0.38962E-03    0.10509E+04
    0.39749E-03    0.10714E+04
    0.40552E-03    0.10922E+04
    0.41371E-03    0.11135E+04
    0.42207E-03    0.11351E+04
    0.43060E-03    0.11572E+04
    0.43929E-03    0.11797E+04
    0.44817E-03    0.12027E+04
    0.45722E-03    0.12260E+04
    0.46646E-03    0.12498E+04
    0.47588E-03    0.12741E+04
    0.48550E-03    0.12989E+04
    0.49530E-03    0.13241E+04
    0.50531E-03    0.13498E+04
    0.51552E-03    0.13760E+04
    0.52593E-03    0.14027E+04
    0.53656E-03    0.14299E+04
    0.54739E-03    0.14576E+04
    0.55845E-03    0.14859E+04
    0.56973E-03    0.15147E+04
    0.58124E-03    0.15440E+04
    0.59299E-03    0.15739E+04
    0.60496E-03    0.16044E+04
    0.61719E-03    0.16354E+04
    0.62965E-03    0.16671E+04
    0.64237E-03    0.16993E+04
    0.65535E-03    0.17321E+04
    0.66859E-03    0.17656E+04
    0.68210E-03    0.17997E+04
    0.69588E-03    0.18344E+04
    0.70993E-03    0.18698E+04
    0.72427E-03    0.19059E+04
    0.73891E-03    0.19426E+04
    0.75383E-03    0.19800E+04
    0.76906E-03    0.20182E+04
    0.78460E-03    0.20570E+04
    0.80045E-03    0.20966E+04
    0.81662E-03    0.21369E+04
    0.83311E-03    0.21779E+04
    0.84994E-03    0.22198E+04
    0.86711E-03    0.22624E+04
    0.88463E-03    0.23058E+04
    0.90250E-03    0.23499E+04
    0.92073E-03    0.23950E+04
    0.93933E-03    0.24408E+04
    0.95831E-03    0.24875E+04
    0.97767E-03    0.25350E+04
    0.99742E-03    0.25834E+04
    0.10176E-02    0.26327E+04
    0.10381E-02    0.26829E+04
    0.10591E-02    0.27341E+04
    0.10805E-02    0.27861E+04
    0.11023E-02    0.28391E+04
    0.11246E-02    0.28930E+04
    0.11473E-02    0.29480E+04
    0.11705E-02    0.30039E+04
    0.11941E-02    0.30608E+04
    0.12182E-02    0.31188E+04
    0.12429E-02    0.31777E+04
    0.12680E-02    0.32378E+04
    0.12936E-02    0.32989E+04
    0.13197E-02    0.33611E+04
    0.13464E-02    0.34243E+04
    0.13736E-02    0.34887E+04
    0.14013E-02    0.35543E+04
    0.14296E-02    0.36210E+04
    0.14585E-02    0.36888E+04
    0.14880E-02    0.37578E+04
    0.15180E-02    0.38280E+04
    0.15487E-02    0.38995E+04
    0.15800E-02    0.39721E+04
    0.16119E-02    0.40460E+04
    0.16445E-02    0.41212E+04
    0.16777E-02    0.41976E+04
    0.17116E-02    0.42754E+04
    0.17462E-02    0.43544E+04
    0.17814E-02    0.44348E+04
    0.18174E-02    0.45165E+04
    0.18541E-02    0.45996E+04
    0.18916E-02    0.46840E+04
    0.19298E-02    0.47699E+04
    0.19688E-02    0.48571E+04
    0.20086E-02    0.49458E+04
    0.20491E-02    0.50358E+04
    0.20905E-02    0.51274E+04
    0.21328E-02    0.52204E+04
    0.21758E-02    0.53149E+04
    0.22198E-02    0.54108E+04
    0.22646E-02    0.55083E+04
    0.23104E-02    0.56073E+04
    0.23571E-02    0.57079E+04
    0.24047E-02    0.58099E+04
    0.24533E-02    0.59136E+04
    0.25028E-02    0.60188E+04
    0.25534E-02    0.61256E+04
    0.26050E-02    0.62339E+04
    0.26576E-02    0.63439E+04
    0.27113E-02    0.64555E+04
    0.27660E-02    0.65687E+04
    0.28219E-02    0.66836E+04
    0.28789E-02    0.68001E+04
    0.29371E-02    0.69182E+04
    0.29964E-02    0.70380E+04
    0.30569E-02    0.71594E+04
    0.31187E-02    0.72825E+04
    0.31817E-02    0.74073E+04
    0.32460E-02    0.75338E+04
    0.33115E-02    0.76619E+04
    0.33784E-02    0.77917E+04
    0.34467E-02    0.79232E+04
    0.35163E-02    0.80563E+04
    0.35874E-02    0.81912E+04
    0.36598E-02    0.83277E+04
    0.37338E-02    0.84659E+04
    0.38092E-02    0.86057E+04
    0.38861E-02    0.87473E+04
    0.39646E-02    0.88904E+04
    0.40447E-02    0.90353E+04
    0.41264E-02    0.91817E+04
    0.42098E-02    0.93298E+04
    0.42948E-02    0.94795E+04
    0.43816E-02    0.96308E+04
    0.44701E-02    0.97837E+04
    0.45604E-02    0.99381E+04
    0.46525E-02    0.10094E+05
    0.47465E-02    0.10252E+05
    0.48424E-02    0.10411E+05
    0.49402E-02    0.10571E+05
    0.50400E-02    0.10733E+05
    0.51419E-02    0.10896E+05
    0.52457E-02    0.11061E+05
    0.53517E-02    0.11227E+05
    0.54598E-02    0.11395E+05
    0.55701E-02    0.11564E+05
    0.56826E-02    0.11733E+05
    0.57974E-02    0.11905E+05
    0.59145E-02    0.12077E+05
    0.60340E-02    0.12250E+05
    0.61559E-02    0.12425E+05
    0.62803E-02    0.12600E+05
    0.64072E-02    0.12777E+05
    0.65366E-02    0.12954E+05
    0.66686E-02    0.13132E+05
    0.68033E-02    0.13311E+05
    0.69408E-02    0.13491E+05
    0.70810E-02    0.13671E+05
    0.72240E-02    0.13852E+05
    0.73700E-02    0.14033E+05
    0.75189E-02    0.14214E+05
    0.76708E-02    0.14396E+05
    0.78257E-02    0.14578E+05
    0.79838E-02    0.14760E+05
    0.81451E-02    0.14942E+05
    0.83096E-02    0.15124E+05
    0.84775E-02    0.15305E+05
    0.86488E-02    0.15486E+05
    0.88235E-02    0.15667E+05
    0.90017E-02    0.15847E+05
    0.91836E-02    0.16027E+05
    0.93691E-02    0.16206E+05
    0.95583E-02    0.16384E+05
    0.97514E-02    0.16560E+05
    0.99484E-02    0.16736E+05
    0.10149E-01    0.16910E+05
    0.10354E-01    0.17083E+05
    0.10564E-01    0.17254E+05
    0.10777E-01    0.17423E+05
    0.10995E-01    0.17590E+05
    0.11217E-01    0.17756E+05
    0.11443E-01    0.17918E+05
    0.11675E-01    0.18079E+05
    0.11910E-01    0.18236E+05
    0.12151E-01    0.18391E+05
    0.12397E-01    0.18542E+05
    0.12647E-01    0.18691E+05
    0.12902E-01    0.18836E+05
    0.13163E-01    0.18977E+05
    0.13429E-01    0.19114E+05
    0.13700E-01    0.19248E+05
    0.13977E-01    0.19377E+05
    0.14259E-01    0.19501E+05
    0.14547E-01    0.19621E+05
    0.14841E-01    0.19736E+05
    0.15141E-01    0.19846E+05
    0.15447E-01    0.19950E+05
    0.15759E-01    0.20049E+05
    0.16077E-01    0.20142E+05
    0.16402E-01    0.20229E+05
    0.16734E-01    0.20309E+05
    0.17072E-01    0.20383E+05
    0.17416E-01    0.20450E+05
    0.17768E-01    0.20511E+05
    0.18127E-01    0.20564E+05
    0.18493E-01    0.20610E+05
    0.18867E-01    0.20648E+05
    0.19248E-01    0.20678E+05
    0.19637E-01    0.20701E+05
    0.20034E-01    0.20715E+05
    0.20438E-01    0.20721E+05
    0.20851E-01    0.20718E+05
    0.21272E-01    0.20707E+05
    0.21702E-01    0.20687E+05
    0.22141E-01    0.20658E+05
    0.22588E-01    0.20620E+05
    0.23044E-01    0.20573E+05
    0.23510E-01    0.20517E+05
    0.23985E-01    0.20451E+05
    0.24469E-01    0.20377E+05
    0.24964E-01    0.20293E+05
    0.25468E-01    0.20200E+05
    0.25982E-01    0.20097E+05
    0.26507E-01    0.19986E+05
    0.27043E-01    0.19866E+05
    0.27589E-01    0.19737E+05
    0.28146E-01    0.19599E+05
    0.28715E-01    0.19453E+05
    0.29295E-01    0.19298E+05
    0.29887E-01    0.19136E+05
    0.30490E-01    0.18966E+05
    0.31106E-01    0.18789E+05
    0.31735E-01    0.18604E+05
    0.32376E-01    0.18414E+05
    0.33030E-01    0.18217E+05
    0.33697E-01    0.18015E+05
    0.34378E-01    0.17807E+05
    0.35072E-01    0.17595E+05
    0.35781E-01    0.17379E+05
    0.36504E-01    0.17160E+05
    0.37241E-01    0.16938E+05
    0.37993E-01    0.16714E+05
    0.38761E-01    0.16488E+05
    0.39544E-01    0.16262E+05
    0.40343E-01    0.16035E+05
    0.41158E-01    0.15808E+05
    0.41989E-01    0.15581E+05
    0.42838E-01    0.15356E+05
    0.43703E-01    0.15133E+05
    0.44586E-01    0.14912E+05
    0.45486E-01    0.14695E+05
    0.46405E-01    0.14482E+05
    0.47343E-01    0.14273E+05
    0.48299E-01    0.14069E+05
    0.49275E-01    0.13870E+05
    0.50270E-01    0.13677E+05
    0.51286E-01    0.13490E+05
    0.52322E-01    0.13309E+05
    0.53379E-01    0.13133E+05
    0.54457E-01    0.12962E+05
    0.55557E-01    0.12796E+05
    0.56680E-01    0.12635E+05
    0.57825E-01    0.12477E+05
    0.58993E-01    0.12322E+05
    0.60184E-01    0.12170E+05
    0.61400E-01    0.12020E+05
    0.62641E-01    0.11870E+05
    0.63906E-01    0.11721E+05
    0.65197E-01    0.11572E+05
    0.66514E-01    0.11421E+05
    0.67858E-01    0.11267E+05
    0.69229E-01    0.11111E+05
    0.70627E-01    0.10950E+05
    0.72054E-01    0.10785E+05
    0.73510E-01    0.10613E+05
    0.74994E-01    0.10434E+05
    0.76509E-01    0.10247E+05
    0.78055E-01    0.10053E+05
    0.79632E-01    0.98504E+04
    0.81241E-01    0.96402E+04
    0.82882E-01    0.94222E+04
    0.84556E-01    0.91969E+04
    0.86264E-01    0.89653E+04
    0.88007E-01    0.87286E+04
    0.89785E-01    0.84882E+04
    0.91598E-01    0.82461E+04
    0.93449E-01    0.80042E+04
    0.95337E-01    0.77645E+04
    0.97263E-01    0.75290E+04
    0.99227E-01    0.72996E+04
    0.10123E+00    0.70782E+04
    0.10328E+00    0.68665E+04
    0.10536E+00    0.66658E+04
    0.10749E+00    0.64773E+04
    0.10966E+00    0.63021E+04
    0.11188E+00    0.61403E+04
    0.11414E+00    0.59919E+04
    0.11644E+00    0.58562E+04
    0.11880E+00    0.57318E+04
    0.12120E+00    0.56167E+04
    0.12365E+00    0.55088E+04
    0.12614E+00    0.54052E+04
    0.12869E+00    0.53033E+04
    0.13129E+00    0.52005E+04
    0.13394E+00    0.50944E+04
    0.13665E+00    0.49831E+04
    0.13941E+00    0.48651E+04
    0.14223E+00    0.47396E+04
    0.14510E+00    0.46063E+04
    0.14803E+00    0.44659E+04
    0.15102E+00    0.43196E+04
    0.15407E+00    0.41695E+04
    0.15718E+00    0.40177E+04
    0.16036E+00    0.38672E+04
    0.16360E+00    0.37207E+04
    0.16690E+00    0.35810E+04
    0.17028E+00    0.34505E+04
    0.17371E+00    0.33312E+04
    0.17722E+00    0.32240E+04
    0.18080E+00    0.31290E+04
    0.18446E+00    0.30446E+04
    0.18818E+00    0.29684E+04
    0.19198E+00    0.28974E+04
    0.19586E+00    0.28285E+04
    0.19982E+00    0.27590E+04
    0.20386E+00    0.26867E+04
    0.20797E+00    0.26099E+04
    0.21218E+00    0.25277E+04
    0.21646E+00    0.24403E+04
    0.22083E+00    0.23490E+04
    0.22530E+00    0.22565E+04
    0.22985E+00    0.21657E+04
    0.23449E+00    0.20794E+04
    0.23923E+00    0.19995E+04
    0.24406E+00    0.19272E+04
    0.24899E+00    0.18628E+04
    0.25402E+00    0.18051E+04
    0.25915E+00    0.17524E+04
    0.26439E+00    0.17021E+04
    0.26973E+00    0.16519E+04
    0.27518E+00    0.16001E+04
    0.28074E+00    0.15456E+04
    0.28641E+00    0.14886E+04
    0.29219E+00    0.14303E+04
    0.29810E+00    0.13726E+04
    0.30412E+00    0.13176E+04
    0.31026E+00    0.12666E+04
    0.31653E+00    0.12202E+04
    0.32292E+00    0.11780E+04
    0.32945E+00    0.11389E+04
    0.33610E+00    0.11012E+04
    0.34289E+00    0.10636E+04
    0.34982E+00    0.10253E+04
    0.35689E+00    0.98622E+03
    0.36409E+00    0.94710E+03
    0.37145E+00    0.90906E+03
    0.37895E+00    0.87321E+03
    0.38661E+00    0.83998E+03
    0.39442E+00    0.80907E+03
    0.40239E+00    0.77976E+03
    0.41052E+00    0.75130E+03
    0.41881E+00    0.72308E+03
    0.42727E+00    0.69492E+03
    0.43590E+00    0.66715E+03
    0.44471E+00    0.64042E+03
    0.45369E+00    0.61513E+03
    0.46286E+00    0.59128E+03
    0.47221E+00    0.56859E+03
    0.48174E+00    0.54670E+03
    0.49148E+00    0.52528E+03
    0.50141E+00    0.50426E+03
    0.51153E+00    0.48390E+03
    0.52187E+00    0.46440E+03
    0.53241E+00    0.44583E+03
    0.54317E+00    0.42809E+03
    0.55414E+00    0.41102E+03
    0.56533E+00    0.39443E+03
    0.57675E+00    0.37835E+03
    0.58840E+00    0.36288E+03
    0.60029E+00    0.34805E+03
    0.61242E+00    0.33386E+03
    0.62479E+00    0.32022E+03
    0.63741E+00    0.30704E+03
    0.65029E+00    0.29434E+03
    0.66342E+00    0.28214E+03
    0.67683E+00    0.27043E+03
    0.69050E+00    0.25920E+03
    0.70445E+00    0.24840E+03
    0.71868E+00    0.23801E+03
    0.73320E+00    0.22803E+03
    0.74801E+00    0.21844E+03
    0.76312E+00    0.20922E+03
    0.77854E+00    0.20037E+03
    0.79426E+00    0.19187E+03
    0.81031E+00    0.18371E+03
    0.82668E+00    0.17588E+03
    0.84338E+00    0.16836E+03
    0.86041E+00    0.16115E+03
    0.87780E+00    0.15423E+03
    0.89553E+00    0.14759E+03
    0.91362E+00    0.14122E+03
    0.93208E+00    0.13512E+03
    0.95091E+00    0.12927E+03
    0.97011E+00    0.12365E+03
    0.98971E+00    0.11827E+03
    0.10097E+01    0.11311E+03
    0.10301E+01    0.10817E+03
    0.10509E+01    0.10343E+03
    0.10721E+01    0.98894E+02
    0.10938E+01    0.94543E+02
    0.11159E+01    0.90376E+02
    0.11384E+01    0.86383E+02
    0.11614E+01    0.82560E+02
    0.11849E+01    0.78898E+02
    0.12088E+01    0.75391E+02
    0.12333E+01    0.72034E+02
    0.12582E+01    0.68820E+02
    0.12836E+01    0.65744E+02
    0.13095E+01    0.62801E+02
    0.13360E+01    0.59984E+02
    0.13630E+01    0.57288E+02
    0.13905E+01    0.54709E+02
    0.14186E+01    0.52242E+02
    0.14472E+01    0.49883E+02
    0.14765E+01    0.47625E+02
    0.15063E+01    0.45466E+02
    0.15367E+01    0.43401E+02
    0.15678E+01    0.41426E+02
    0.15994E+01    0.39537E+02
    0.16318E+01    0.37730E+02
    0.16647E+01    0.36003E+02
    0.16984E+01    0.34352E+02
    0.17327E+01    0.32773E+02
    0.17677E+01    0.31264E+02
    0.18034E+01    0.29823E+02
    0.18398E+01    0.28446E+02
    0.18770E+01    0.27131E+02
    0.19149E+01    0.25875E+02
    0.19536E+01    0.24677E+02
    0.19930E+01    0.23533E+02
    0.20333E+01    0.22442E+02
    0.20744E+01    0.21401E+02
