    0.10000E-03    0.24244E+03
    0.10202E-03    0.24718E+03
    0.10408E-03    0.25201E+03
    0.10618E-03    0.25694E+03
    0.10833E-03    0.26196E+03
    0.11052E-03    0.26708E+03
    0.11275E-03    0.27230E+03
    0.11503E-03    0.27762E+03
    0.11735E-03    0.28305E+03
    0.11972E-03    0.28858E+03
    0.12214E-03    0.29422E+03
    0.12461E-03    0.29998E+03
    0.12712E-03    0.30584E+03
    0.12969E-03    0.31182E+03
    0.13231E-03    0.31791E+03
    0.13499E-03    0.32413E+03
    0.13771E-03    0.33046E+03
    0.14049E-03    0.33692E+03
    0.14333E-03    0.34350E+03
    0.14623E-03    0.35022E+03
    0.14918E-03    0.35706E+03
    0.15220E-03    0.36404E+03
    0.15527E-03    0.37115E+03
    0.15841E-03    0.37841E+03
    0.16161E-03    0.38580E+03
    0.16487E-03    0.39334E+03
    0.16820E-03    0.40103E+03
    0.17160E-03    0.40886E+03
    0.17507E-03    0.41685E+03
    0.17860E-03    0.42500E+03
    0.18221E-03    0.43330E+03
    0.18589E-03    0.44177E+03
    0.18965E-03    0.45040E+03
    0.19348E-03    0.45920E+03
    0.19739E-03    0.46817E+03
    0.20138E-03    0.47731E+03
    0.20544E-03    0.48664E+03
    0.20959E-03    0.49614E+03
    0.21383E-03    0.50583E+03
    0.21815E-03    0.51571E+03
    0.22255E-03    0.52578E+03
    0.22705E-03    0.53605E+03
    0.23164E-03    0.54652E+03
    0.23632E-03    0.55719E+03
    0.24109E-03    0.56807E+03
    0.24596E-03    0.57916E+03
    0.25093E-03    0.59047E+03
    0.25600E-03    0.60200E+03
    0.26117E-03    0.61375E+03
    0.26645E-03    0.62573E+03
    0.27183E-03    0.63795E+03
    0.27732E-03    0.65040E+03
    0.28292E-03    0.66309E+03
    0.28864E-03    0.67603E+03
    0.29447E-03    0.68922E+03
    0.30042E-03    0.70267E+03
    0.30649E-03    0.71638E+03
    0.31268E-03    0.73035E+03
    0.31899E-03    0.74460E+03
    0.32544E-03    0.75912E+03
    0.33201E-03    0.77392E+03
    0.33872E-03    0.78901E+03
    0.34556E-03    0.80440E+03
    0.35254E-03    0.82008E+03
    0.35966E-03    0.83607E+03
    0.36693E-03    0.85236E+03
    0.37434E-03    0.86897E+03
    0.38190E-03    0.88590E+03
    0.38962E-03    0.90316E+03
    0.39749E-03    0.92076E+03
    0.40552E-03    0.93869E+03
    0.41371E-03    0.95697E+03
    0.42207E-03    0.97561E+03
    0.43060E-03    0.99460E+03
    0.43929E-03    0.10140E+04
    0.44817E-03    0.10337E+04
    0.45722E-03    0.10538E+04
    0.46646E-03    0.10743E+04
    0.47588E-03    0.10952E+04
    0.48550E-03    0.11165E+04
    0.49530E-03    0.11382E+04
    0.50531E-03    0.11603E+04
    0.51552E-03    0.11829E+04
    0.52593E-03    0.12059E+04
    0.53656E-03    0.12293E+04
    0.54739E-03    0.12532E+04
    0.55845E-03    0.12775E+04
    0.56973E-03    0.13023E+04
    0.58124E-03    0.13276E+04
    0.59299E-03    0.13533E+04
    0.60496E-03    0.13795E+04
    0.61719E-03    0.14063E+04
    0.62965E-03    0.14336E+04
    0.64237E-03    0.14613E+04
    0.65535E-03    0.14896E+04
    0.66859E-03    0.15185E+04
    0.68210E-03    0.15479E+04
    0.69588E-03    0.15778E+04
    0.70993E-03    0.16083E+04
    0.72427E-03    0.16394E+04
    0.73891E-03    0.16711E+04
    0.75383E-03    0.17034E+04
    0.76906E-03    0.17363E+04
    0.78460E-03    0.17698E+04
    0.80045E-03    0.18039E+04
    0.81662E-03    0.18387E+04
    0.83311E-03    0.18741E+04
    0.84994E-03    0.19102E+04
    0.86711E-03    0.19470E+04
    0.88463E-03    0.19845E+04
    0.90250E-03    0.20227E+04
    0.92073E-03    0.20615E+04
    0.93933E-03    0.21012E+04
    0.95831E-03    0.21415E+04
    0.97767E-03    0.21826E+04
    0.99742E-03    0.22244E+04
    0.10176E-02    0.22671E+04
    0.10381E-02    0.23105E+04
    0.10591E-02    0.23547E+04
    0.10805E-02    0.23997E+04
    0.11023E-02    0.24456E+04
    0.11246E-02    0.24923E+04
    0.11473E-02    0.25399E+04
    0.11705E-02    0.25883E+04
    0.11941E-02    0.26376E+04
    0.12182E-02    0.26878E+04
    0.12429E-02    0.27389E+04
    0.12680E-02    0.27910E+04
    0.12936E-02    0.28440E+04
    0.13197E-02    0.28979E+04
    0.13464E-02    0.29528E+04
    0.13736E-02    0.30087E+04
    0.14013E-02    0.30656E+04
    0.14296E-02    0.31235E+04
    0.14585E-02    0.31825E+04
    0.14880E-02    0.32425E+04
    0.15180E-02    0.33035E+04
    0.15487E-02    0.33656E+04
    0.15800E-02    0.34289E+04
    0.16119E-02    0.34932E+04
    0.16445E-02    0.35586E+04
    0.16777E-02    0.36252E+04
    0.17116E-02    0.36930E+04
    0.17462E-02    0.37619E+04
    0.17814E-02    0.38320E+04
    0.18174E-02    0.39033E+04
    0.18541E-02    0.39758E+04
    0.18916E-02    0.40495E+04
    0.19298E-02    0.41245E+04
    0.19688E-02    0.42008E+04
    0.20086E-02    0.42783E+04
    0.20491E-02    0.43572E+04
    0.20905E-02    0.44373E+04
    0.21328E-02    0.45188E+04
    0.21758E-02    0.46016E+04
    0.22198E-02    0.46858E+04
    0.22646E-02    0.47713E+04
    0.23104E-02    0.48582E+04
    0.23571E-02    0.49465E+04
    0.24047E-02    0.50363E+04
    0.24533E-02    0.51274E+04
    0.25028E-02    0.52200E+04
    0.25534E-02    0.53141E+04
    0.26050E-02    0.54096E+04
    0.26576E-02    0.55066E+04
    0.27113E-02    0.56051E+04
    0.27660E-02    0.57051E+04
    0.28219E-02    0.58067E+04
    0.28789E-02    0.59097E+04
    0.29371E-02    0.60143E+04
    0.29964E-02    0.61204E+04
    0.30569E-02    0.62281E+04
    0.31187E-02    0.63374E+04
    0.31817E-02    0.64482E+04
    0.32460E-02    0.65607E+04
    0.33115E-02    0.66747E+04
    0.33784E-02    0.67903E+04
    0.34467E-02    0.69075E+04
    0.35163E-02    0.70264E+04
    0.35874E-02    0.71468E+04
    0.36598E-02    0.72689E+04
    0.37338E-02    0.73926E+04
    0.38092E-02    0.75179E+04
    0.38861E-02    0.76448E+04
    0.39646E-02    0.77734E+04
    0.40447E-02    0.79036E+04
    0.41264E-02    0.80354E+04
    0.42098E-02    0.81688E+04
    0.42948E-02    0.83039E+04
    0.43816E-02    0.84405E+04
    0.44701E-02    0.85788E+04
    0.45604E-02    0.87187E+04
    0.46525E-02    0.88601E+04
    0.47465E-02    0.90032E+04
    0.48424E-02    0.91477E+04
    0.49402E-02    0.92939E+04
    0.50400E-02    0.94416E+04
    0.51419E-02    0.95908E+04
    0.52457E-02    0.97414E+04
    0.53517E-02    0.98936E+04
    0.54598E-02    0.10047E+05
    0.55701E-02    0.10202E+05
    0.56826E-02    0.10359E+05
    0.57974E-02    0.10517E+05
    0.59145E-02    0.10676E+05
    0.60340E-02    0.10836E+05
    0.61559E-02    0.10998E+05
    0.62803E-02    0.11161E+05
    0.64072E-02    0.11325E+05
    0.65366E-02    0.11491E+05
    0.66686E-02    0.11657E+05
    0.68033E-02    0.11825E+05
    0.69408E-02    0.11993E+05
    0.70810E-02    0.12163E+05
    0.72240E-02    0.12333E+05
    0.73700E-02    0.12505E+05
    0.75189E-02    0.12677E+05
    0.76708E-02    0.12849E+05
    0.78257E-02    0.13023E+05
    0.79838E-02    0.13197E+05
    0.81451E-02    0.13371E+05
    0.83096E-02    0.13546E+05
    0.84775E-02    0.13721E+05
    0.86488E-02    0.13896E+05
    0.88235E-02    0.14072E+05
    0.90017E-02    0.14247E+05
    0.91836E-02    0.14423E+05
    0.93691E-02    0.14598E+05
    0.95583E-02    0.14773E+05
    0.97514E-02    0.14948E+05
    0.99484E-02    0.15122E+05
    0.10149E-01    0.15296E+05
    0.10354E-01    0.15469E+05
    0.10564E-01    0.15641E+05
    0.10777E-01    0.15813E+05
    0.10995E-01    0.15983E+05
    0.11217E-01    0.16152E+05
    0.11443E-01    0.16319E+05
    0.11675E-01    0.16485E+05
    0.11910E-01    0.16649E+05
    0.12151E-01    0.16812E+05
    0.12397E-01    0.16972E+05
    0.12647E-01    0.17131E+05
    0.12902E-01    0.17286E+05
    0.13163E-01    0.17440E+05
    0.13429E-01    0.17590E+05
    0.13700E-01    0.17738E+05
    0.13977E-01    0.17883E+05
    0.14259E-01    0.18024E+05
    0.14547E-01    0.18162E+05
    0.14841E-01    0.18296E+05
    0.15141E-01    0.18427E+05
    0.15447E-01    0.18553E+05
    0.15759E-01    0.18675E+05
    0.16077E-01    0.18793E+05
    0.16402E-01    0.18906E+05
    0.16734E-01    0.19014E+05
    0.17072E-01    0.19117E+05
    0.17416E-01    0.19214E+05
    0.17768E-01    0.19306E+05
    0.18127E-01    0.19392E+05
    0.18493E-01    0.19472E+05
    0.18867E-01    0.19546E+05
    0.19248E-01    0.19614E+05
    0.19637E-01    0.19675E+05
    0.20034E-01    0.19729E+05
    0.20438E-01    0.19776E+05
    0.20851E-01    0.19816E+05
    0.21272E-01    0.19849E+05
    0.21702E-01    0.19874E+05
    0.22141E-01    0.19891E+05
    0.22588E-01    0.19901E+05
    0.23044E-01    0.19902E+05
    0.23510E-01    0.19896E+05
    0.23985E-01    0.19881E+05
    0.24469E-01    0.19858E+05
    0.24964E-01    0.19826E+05
    0.25468E-01    0.19786E+05
    0.25982E-01    0.19738E+05
    0.26507E-01    0.19680E+05
    0.27043E-01    0.19615E+05
    0.27589E-01    0.19541E+05
    0.28146E-01    0.19458E+05
    0.28715E-01    0.19367E+05
    0.29295E-01    0.19268E+05
    0.29887E-01    0.19161E+05
    0.30490E-01    0.19046E+05
    0.31106E-01    0.18923E+05
    0.31735E-01    0.18793E+05
    0.32376E-01    0.18655E+05
    0.33030E-01    0.18511E+05
    0.33697E-01    0.18360E+05
    0.34378E-01    0.18202E+05
    0.35072E-01    0.18039E+05
    0.35781E-01    0.17870E+05
    0.36504E-01    0.17697E+05
    0.37241E-01    0.17518E+05
    0.37993E-01    0.17336E+05
    0.38761E-01    0.17150E+05
    0.39544E-01    0.16961E+05
    0.40343E-01    0.16770E+05
    0.41158E-01    0.16577E+05
    0.41989E-01    0.16382E+05
    0.42838E-01    0.16186E+05
    0.43703E-01    0.15990E+05
    0.44586E-01    0.15794E+05
    0.45486E-01    0.15598E+05
    0.46405E-01    0.15404E+05
    0.47343E-01    0.15211E+05
    0.48299E-01    0.15020E+05
    0.49275E-01    0.14832E+05
    0.50270E-01    0.14648E+05
    0.51286E-01    0.14466E+05
    0.52322E-01    0.14289E+05
    0.53379E-01    0.14116E+05
    0.54457E-01    0.13947E+05
    0.55557E-01    0.13782E+05
    0.56680E-01    0.13621E+05
    0.57825E-01    0.13463E+05
    0.58993E-01    0.13308E+05
    0.60184E-01    0.13155E+05
    0.61400E-01    0.13005E+05
    0.62641E-01    0.12855E+05
    0.63906E-01    0.12706E+05
    0.65197E-01    0.12558E+05
    0.66514E-01    0.12409E+05
    0.67858E-01    0.12258E+05
    0.69229E-01    0.12105E+05
    0.70627E-01    0.11950E+05
    0.72054E-01    0.11790E+05
    0.73510E-01    0.11627E+05
    0.74994E-01    0.11458E+05
    0.76509E-01    0.11283E+05
    0.78055E-01    0.11102E+05
    0.79632E-01    0.10913E+05
    0.81241E-01    0.10717E+05
    0.82882E-01    0.10513E+05
    0.84556E-01    0.10301E+05
    0.86264E-01    0.10081E+05
    0.88007E-01    0.98552E+04
    0.89785E-01    0.96239E+04
    0.91598E-01    0.93890E+04
    0.93449E-01    0.91518E+04
    0.95337E-01    0.89136E+04
    0.97263E-01    0.86758E+04
    0.99227E-01    0.84400E+04
    0.10123E+00    0.82082E+04
    0.10328E+00    0.79820E+04
    0.10536E+00    0.77629E+04
    0.10749E+00    0.75522E+04
    0.10966E+00    0.73512E+04
    0.11188E+00    0.71611E+04
    0.11414E+00    0.69825E+04
    0.11644E+00    0.68157E+04
    0.11880E+00    0.66609E+04
    0.12120E+00    0.65174E+04
    0.12365E+00    0.63839E+04
    0.12614E+00    0.62589E+04
    0.12869E+00    0.61400E+04
    0.13129E+00    0.60248E+04
    0.13394E+00    0.59105E+04
    0.13665E+00    0.57947E+04
    0.13941E+00    0.56751E+04
    0.14223E+00    0.55500E+04
    0.14510E+00    0.54181E+04
    0.14803E+00    0.52789E+04
    0.15102E+00    0.51327E+04
    0.15407E+00    0.49804E+04
    0.15718E+00    0.48236E+04
    0.16036E+00    0.46644E+04
    0.16360E+00    0.45051E+04
    0.16690E+00    0.43484E+04
    0.17028E+00    0.41967E+04
    0.17371E+00    0.40522E+04
    0.17722E+00    0.39167E+04
    0.18080E+00    0.37917E+04
    0.18446E+00    0.36779E+04
    0.18818E+00    0.35750E+04
    0.19198E+00    0.34817E+04
    0.19586E+00    0.33957E+04
    0.19982E+00    0.33143E+04
    0.20386E+00    0.32342E+04
    0.20797E+00    0.31530E+04
    0.21218E+00    0.30685E+04
    0.21646E+00    0.29795E+04
    0.22083E+00    0.28856E+04
    0.22530E+00    0.27874E+04
    0.22985E+00    0.26866E+04
    0.23449E+00    0.25859E+04
    0.23923E+00    0.24880E+04
    0.24406E+00    0.23956E+04
    0.24899E+00    0.23099E+04
    0.25402E+00    0.22317E+04
    0.25915E+00    0.21606E+04
    0.26439E+00    0.20957E+04
    0.26973E+00    0.20350E+04
    0.27518E+00    0.19761E+04
    0.28074E+00    0.19170E+04
    0.28641E+00    0.18561E+04
    0.29219E+00    0.17928E+04
    0.29810E+00    0.17276E+04
    0.30412E+00    0.16619E+04
    0.31026E+00    0.15978E+04
    0.31653E+00    0.15372E+04
    0.32292E+00    0.14809E+04
    0.32945E+00    0.14290E+04
    0.33610E+00    0.13810E+04
    0.34289E+00    0.13357E+04
    0.34982E+00    0.12915E+04
    0.35689E+00    0.12473E+04
    0.36409E+00    0.12024E+04
    0.37145E+00    0.11572E+04
    0.37895E+00    0.11126E+04
    0.38661E+00    0.10695E+04
    0.39442E+00    0.10290E+04
    0.40239E+00    0.99119E+03
    0.41052E+00    0.95556E+03
    0.41881E+00    0.92137E+03
    0.42727E+00    0.88792E+03
    0.43590E+00    0.85479E+03
    0.44471E+00    0.82195E+03
    0.45369E+00    0.78987E+03
    0.46286E+00    0.75911E+03
    0.47221E+00    0.72996E+03
    0.48174E+00    0.70230E+03
    0.49148E+00    0.67576E+03
    0.50141E+00    0.65001E+03
    0.51153E+00    0.62482E+03
    0.52187E+00    0.60023E+03
    0.53241E+00    0.57648E+03
    0.54317E+00    0.55375E+03
    0.55414E+00    0.53206E+03
    0.56533E+00    0.51121E+03
    0.57675E+00    0.49106E+03
    0.58840E+00    0.47152E+03
    0.60029E+00    0.45260E+03
    0.61242E+00    0.43441E+03
    0.62479E+00    0.41698E+03
    0.63741E+00    0.40022E+03
    0.65029E+00    0.38408E+03
    0.66342E+00    0.36851E+03
    0.67683E+00    0.35349E+03
    0.69050E+00    0.33904E+03
    0.70445E+00    0.32518E+03
    0.71868E+00    0.31185E+03
    0.73320E+00    0.29903E+03
    0.74801E+00    0.28670E+03
    0.76312E+00    0.27483E+03
    0.77854E+00    0.26343E+03
    0.79426E+00    0.25246E+03
    0.81031E+00    0.24192E+03
    0.82668E+00    0.23178E+03
    0.84338E+00    0.22205E+03
    0.86041E+00    0.21270E+03
    0.87780E+00    0.20372E+03
    0.89553E+00    0.19510E+03
    0.91362E+00    0.18682E+03
    0.93208E+00    0.17888E+03
    0.95091E+00    0.17125E+03
    0.97011E+00    0.16394E+03
    0.98971E+00    0.15692E+03
    0.10097E+01    0.15018E+03
    0.10301E+01    0.14372E+03
    0.10509E+01    0.13752E+03
    0.10721E+01    0.13157E+03
    0.10938E+01    0.12587E+03
    0.11159E+01    0.12040E+03
    0.11384E+01    0.11516E+03
    0.11614E+01    0.11014E+03
    0.11849E+01    0.10532E+03
    0.12088E+01    0.10070E+03
    0.12333E+01    0.96282E+02
    0.12582E+01    0.92045E+02
    0.12836E+01    0.87986E+02
    0.13095E+01    0.84098E+02
    0.13360E+01    0.80374E+02
    0.13630E+01    0.76809E+02
    0.13905E+01    0.73396E+02
    0.14186E+01    0.70128E+02
    0.14472E+01    0.67000E+02
    0.14765E+01    0.64006E+02
    0.15063E+01    0.61140E+02
    0.15367E+01    0.58397E+02
    0.15678E+01    0.55772E+02
    0.15994E+01    0.53260E+02
    0.16318E+01    0.50857E+02
    0.16647E+01    0.48557E+02
    0.16984E+01    0.46356E+02
    0.17327E+01    0.44251E+02
    0.17677E+01    0.42237E+02
    0.18034E+01    0.40311E+02
    0.18398E+01    0.38470E+02
    0.18770E+01    0.36710E+02
    0.19149E+01    0.35028E+02
    0.19536E+01    0.33421E+02
    0.19930E+01    0.31886E+02
    0.20333E+01    0.30421E+02
    0.20744E+01    0.29022E+02
    0.21163E+01    0.27687E+02
    0.21590E+01    0.26413E+02
