    0.10000E-03    0.10889E+04
    0.10202E-03    0.11101E+04
    0.10408E-03    0.11318E+04
    0.10618E-03    0.11539E+04
    0.10833E-03    0.11764E+04
    0.11052E-03    0.11994E+04
    0.11275E-03    0.12228E+04
    0.11503E-03    0.12467E+04
    0.11735E-03    0.12710E+04
    0.11972E-03    0.12958E+04
    0.12214E-03    0.13211E+04
    0.12461E-03    0.13469E+04
    0.12712E-03    0.13731E+04
    0.12969E-03    0.13999E+04
    0.13231E-03    0.14272E+04
    0.13499E-03    0.14551E+04
    0.13771E-03    0.14835E+04
    0.14049E-03    0.15124E+04
    0.14333E-03    0.15419E+04
    0.14623E-03    0.15719E+04
    0.14918E-03    0.16026E+04
    0.15220E-03    0.16338E+04
    0.15527E-03    0.16656E+04
    0.15841E-03    0.16981E+04
    0.16161E-03    0.17312E+04
    0.16487E-03    0.17649E+04
    0.16820E-03    0.17993E+04
    0.17160E-03    0.18343E+04
    0.17507E-03    0.18700E+04
    0.17860E-03    0.19064E+04
    0.18221E-03    0.19435E+04
    0.18589E-03    0.19814E+04
    0.18965E-03    0.20199E+04
    0.19348E-03    0.20592E+04
    0.19739E-03    0.20993E+04
    0.20138E-03    0.21401E+04
    0.20544E-03    0.21817E+04
    0.20959E-03    0.22241E+04
    0.21383E-03    0.22673E+04
    0.21815E-03    0.23113E+04
    0.22255E-03    0.23562E+04
    0.22705E-03    0.24020E+04
    0.23164E-03    0.24486E+04
    0.23632E-03    0.24961E+04
    0.24109E-03    0.25445E+04
    0.24596E-03    0.25939E+04
    0.25093E-03    0.26442E+04
    0.25600E-03    0.26954E+04
    0.26117E-03    0.27476E+04
    0.26645E-03    0.28008E+04
    0.27183E-03    0.28550E+04
    0.27732E-03    0.29103E+04
    0.28292E-03    0.29666E+04
    0.28864E-03    0.30240E+04
    0.29447E-03    0.30824E+04
    0.30042E-03    0.31419E+04
    0.30649E-03    0.32026E+04
    0.31268E-03    0.32644E+04
    0.31899E-03    0.33274E+04
    0.32544E-03    0.33916E+04
    0.33201E-03    0.34569E+04
    0.33872E-03    0.35235E+04
    0.34556E-03    0.35913E+04
    0.35254E-03    0.36604E+04
    0.35966E-03    0.37308E+04
    0.36693E-03    0.38025E+04
    0.37434E-03    0.38755E+04
    0.38190E-03    0.39499E+04
    0.38962E-03    0.40256E+04
    0.39749E-03    0.41028E+04
    0.40552E-03    0.41814E+04
    0.41371E-03    0.42614E+04
    0.42207E-03    0.43428E+04
    0.43060E-03    0.44258E+04
    0.43929E-03    0.45103E+04
    0.44817E-03    0.45963E+04
    0.45722E-03    0.46839E+04
    0.46646E-03    0.47731E+04
    0.47588E-03    0.48639E+04
    0.48550E-03    0.49563E+04
    0.49530E-03    0.50504E+04
    0.50531E-03    0.51462E+04
    0.51552E-03    0.52436E+04
    0.52593E-03    0.53429E+04
    0.53656E-03    0.54439E+04
    0.54739E-03    0.55467E+04
    0.55845E-03    0.56513E+04
    0.56973E-03    0.57577E+04
    0.58124E-03    0.58660E+04
    0.59299E-03    0.59762E+04
    0.60496E-03    0.60884E+04
    0.61719E-03    0.62025E+04
    0.62965E-03    0.63185E+04
    0.64237E-03    0.64366E+04
    0.65535E-03    0.65567E+04
    0.66859E-03    0.66788E+04
    0.68210E-03    0.68031E+04
    0.69588E-03    0.69294E+04
    0.70993E-03    0.70579E+04
    0.72427E-03    0.71885E+04
    0.73891E-03    0.73213E+04
    0.75383E-03    0.74564E+04
    0.76906E-03    0.75936E+04
    0.78460E-03    0.77332E+04
    0.80045E-03    0.78750E+04
    0.81662E-03    0.80192E+04
    0.83311E-03    0.81657E+04
    0.84994E-03    0.83145E+04
    0.86711E-03    0.84658E+04
    0.88463E-03    0.86194E+04
    0.90250E-03    0.87755E+04
    0.92073E-03    0.89341E+04
    0.93933E-03    0.90951E+04
    0.95831E-03    0.92587E+04
    0.97767E-03    0.94247E+04
    0.99742E-03    0.95933E+04
    0.10176E-02    0.97645E+04
    0.10381E-02    0.99382E+04
    0.10591E-02    0.10115E+05
    0.10805E-02    0.10293E+05
    0.11023E-02    0.10475E+05
    0.11246E-02    0.10659E+05
    0.11473E-02    0.10846E+05
    0.11705E-02    0.11036E+05
    0.11941E-02    0.11228E+05
    0.12182E-02    0.11423E+05
    0.12429E-02    0.11620E+05
    0.12680E-02    0.11821E+05
    0.12936E-02    0.12024E+05
    0.13197E-02    0.12229E+05
    0.13464E-02    0.12438E+05
    0.13736E-02    0.12649E+05
    0.14013E-02    0.12863E+05
    0.14296E-02    0.13080E+05
    0.14585E-02    0.13299E+05
    0.14880E-02    0.13521E+05
    0.15180E-02    0.13746E+05
    0.15487E-02    0.13973E+05
    0.15800E-02    0.14203E+05
    0.16119E-02    0.14436E+05
    0.16445E-02    0.14671E+05
    0.16777E-02    0.14909E+05
    0.17116E-02    0.15150E+05
    0.17462E-02    0.15393E+05
    0.17814E-02    0.15639E+05
    0.18174E-02    0.15887E+05
    0.18541E-02    0.16138E+05
    0.18916E-02    0.16391E+05
    0.19298E-02    0.16647E+05
    0.19688E-02    0.16905E+05
    0.20086E-02    0.17166E+05
    0.20491E-02    0.17428E+05
    0.20905E-02    0.17693E+05
    0.21328E-02    0.17961E+05
    0.21758E-02    0.18230E+05
    0.22198E-02    0.18501E+05
    0.22646E-02    0.18775E+05
    0.23104E-02    0.19050E+05
    0.23571E-02    0.19328E+05
    0.24047E-02    0.19607E+05
    0.24533E-02    0.19888E+05
    0.25028E-02    0.20170E+05
    0.25534E-02    0.20454E+05
    0.26050E-02    0.20740E+05
    0.26576E-02    0.21027E+05
    0.27113E-02    0.21316E+05
    0.27660E-02    0.21606E+05
    0.28219E-02    0.21897E+05
    0.28789E-02    0.22189E+05
    0.29371E-02    0.22481E+05
    0.29964E-02    0.22775E+05
    0.30569E-02    0.23069E+05
    0.31187E-02    0.23364E+05
    0.31817E-02    0.23660E+05
    0.32460E-02    0.23956E+05
    0.33115E-02    0.24252E+05
    0.33784E-02    0.24548E+05
    0.34467E-02    0.24844E+05
    0.35163E-02    0.25140E+05
    0.35874E-02    0.25435E+05
    0.36598E-02    0.25730E+05
    0.37338E-02    0.26024E+05
    0.38092E-02    0.26318E+05
    0.38861E-02    0.26610E+05
    0.39646E-02    0.26901E+05
    0.40447E-02    0.27191E+05
    0.41264E-02    0.27479E+05
    0.42098E-02    0.27766E+05
    0.42948E-02    0.28051E+05
    0.43816E-02    0.28333E+05
    0.44701E-02    0.28613E+05
    0.45604E-02    0.28891E+05
    0.46525E-02    0.29166E+05
    0.47465E-02    0.29439E+05
    0.48424E-02    0.29708E+05
    0.49402E-02    0.29974E+05
    0.50400E-02    0.30237E+05
    0.51419E-02    0.30495E+05
    0.52457E-02    0.30749E+05
    0.53517E-02    0.30999E+05
    0.54598E-02    0.31244E+05
    0.55701E-02    0.31483E+05
    0.56826E-02    0.31718E+05
    0.57974E-02    0.31947E+05
    0.59145E-02    0.32170E+05
    0.60340E-02    0.32388E+05
    0.61559E-02    0.32599E+05
    0.62803E-02    0.32804E+05
    0.64072E-02    0.33002E+05
    0.65366E-02    0.33194E+05
    0.66686E-02    0.33378E+05
    0.68033E-02    0.33555E+05
    0.69408E-02    0.33723E+05
    0.70810E-02    0.33884E+05
    0.72240E-02    0.34036E+05
    0.73700E-02    0.34180E+05
    0.75189E-02    0.34314E+05
    0.76708E-02    0.34439E+05
    0.78257E-02    0.34554E+05
    0.79838E-02    0.34659E+05
    0.81451E-02    0.34754E+05
    0.83096E-02    0.34838E+05
    0.84775E-02    0.34911E+05
    0.86488E-02    0.34973E+05
    0.88235E-02    0.35023E+05
    0.90017E-02    0.35061E+05
    0.91836E-02    0.35086E+05
    0.93691E-02    0.35100E+05
    0.95583E-02    0.35100E+05
    0.97514E-02    0.35087E+05
    0.99484E-02    0.35061E+05
    0.10149E-01    0.35021E+05
    0.10354E-01    0.34966E+05
    0.10564E-01    0.34898E+05
    0.10777E-01    0.34814E+05
    0.10995E-01    0.34716E+05
    0.11217E-01    0.34602E+05
    0.11443E-01    0.34473E+05
    0.11675E-01    0.34328E+05
    0.11910E-01    0.34167E+05
    0.12151E-01    0.33989E+05
    0.12397E-01    0.33795E+05
    0.12647E-01    0.33585E+05
    0.12902E-01    0.33358E+05
    0.13163E-01    0.33114E+05
    0.13429E-01    0.32853E+05
    0.13700E-01    0.32574E+05
    0.13977E-01    0.32279E+05
    0.14259E-01    0.31966E+05
    0.14547E-01    0.31636E+05
    0.14841E-01    0.31289E+05
    0.15141E-01    0.30925E+05
    0.15447E-01    0.30544E+05
    0.15759E-01    0.30146E+05
    0.16077E-01    0.29731E+05
    0.16402E-01    0.29300E+05
    0.16734E-01    0.28853E+05
    0.17072E-01    0.28390E+05
    0.17416E-01    0.27912E+05
    0.17768E-01    0.27419E+05
    0.18127E-01    0.26912E+05
    0.18493E-01    0.26391E+05
    0.18867E-01    0.25858E+05
    0.19248E-01    0.25312E+05
    0.19637E-01    0.24754E+05
    0.20034E-01    0.24186E+05
    0.20438E-01    0.23609E+05
    0.20851E-01    0.23023E+05
    0.21272E-01    0.22429E+05
    0.21702E-01    0.21828E+05
    0.22141E-01    0.21223E+05
    0.22588E-01    0.20614E+05
    0.23044E-01    0.20001E+05
    0.23510E-01    0.19388E+05
    0.23985E-01    0.18774E+05
    0.24469E-01    0.18162E+05
    0.24964E-01    0.17553E+05
    0.25468E-01    0.16948E+05
    0.25982E-01    0.16348E+05
    0.26507E-01    0.15756E+05
    0.27043E-01    0.15173E+05
    0.27589E-01    0.14600E+05
    0.28146E-01    0.14039E+05
    0.28715E-01    0.13490E+05
    0.29295E-01    0.12956E+05
    0.29887E-01    0.12438E+05
    0.30490E-01    0.11936E+05
    0.31106E-01    0.11452E+05
    0.31735E-01    0.10987E+05
    0.32376E-01    0.10541E+05
    0.33030E-01    0.10117E+05
    0.33697E-01    0.97153E+04
    0.34378E-01    0.93356E+04
    0.35072E-01    0.89783E+04
    0.35781E-01    0.86436E+04
    0.36504E-01    0.83312E+04
    0.37241E-01    0.80411E+04
    0.37993E-01    0.77729E+04
    0.38761E-01    0.75269E+04
    0.39544E-01    0.73030E+04
    0.40343E-01    0.71015E+04
    0.41158E-01    0.69224E+04
    0.41989E-01    0.67652E+04
    0.42838E-01    0.66280E+04
    0.43703E-01    0.65089E+04
    0.44586E-01    0.64064E+04
    0.45486E-01    0.63188E+04
    0.46405E-01    0.62448E+04
    0.47343E-01    0.61832E+04
    0.48299E-01    0.61330E+04
    0.49275E-01    0.60928E+04
    0.50270E-01    0.60605E+04
    0.51286E-01    0.60332E+04
    0.52322E-01    0.60084E+04
    0.53379E-01    0.59832E+04
    0.54457E-01    0.59546E+04
    0.55557E-01    0.59193E+04
    0.56680E-01    0.58743E+04
    0.57825E-01    0.58168E+04
    0.58993E-01    0.57442E+04
    0.60184E-01    0.56543E+04
    0.61400E-01    0.55453E+04
    0.62641E-01    0.54164E+04
    0.63906E-01    0.52674E+04
    0.65197E-01    0.50986E+04
    0.66514E-01    0.49115E+04
    0.67858E-01    0.47077E+04
    0.69229E-01    0.44899E+04
    0.70627E-01    0.42609E+04
    0.72054E-01    0.40239E+04
    0.73510E-01    0.37827E+04
    0.74994E-01    0.35413E+04
    0.76509E-01    0.33036E+04
    0.78055E-01    0.30742E+04
    0.79632E-01    0.28570E+04
    0.81241E-01    0.26559E+04
    0.82882E-01    0.24742E+04
    0.84556E-01    0.23140E+04
    0.86264E-01    0.21765E+04
    0.88007E-01    0.20623E+04
    0.89785E-01    0.19712E+04
    0.91598E-01    0.19016E+04
    0.93449E-01    0.18523E+04
    0.95337E-01    0.18208E+04
    0.97263E-01    0.18047E+04
    0.99227E-01    0.18012E+04
    0.10123E+00    0.18066E+04
    0.10328E+00    0.18168E+04
    0.10536E+00    0.18274E+04
    0.10749E+00    0.18339E+04
    0.10966E+00    0.18318E+04
    0.11188E+00    0.18175E+04
    0.11414E+00    0.17879E+04
    0.11644E+00    0.17410E+04
    0.11880E+00    0.16762E+04
    0.12120E+00    0.15945E+04
    0.12365E+00    0.14990E+04
    0.12614E+00    0.13949E+04
    0.12869E+00    0.12880E+04
    0.13129E+00    0.11844E+04
    0.13394E+00    0.10886E+04
    0.13665E+00    0.10041E+04
    0.13941E+00    0.93313E+03
    0.14223E+00    0.87716E+03
    0.14510E+00    0.83680E+03
    0.14803E+00    0.81127E+03
    0.15102E+00    0.79862E+03
    0.15407E+00    0.79533E+03
    0.15718E+00    0.79725E+03
    0.16036E+00    0.79983E+03
    0.16360E+00    0.79887E+03
    0.16690E+00    0.79079E+03
    0.17028E+00    0.77301E+03
    0.17371E+00    0.74445E+03
    0.17722E+00    0.70600E+03
    0.18080E+00    0.66046E+03
    0.18446E+00    0.61192E+03
    0.18818E+00    0.56466E+03
    0.19198E+00    0.52236E+03
    0.19586E+00    0.48778E+03
    0.19982E+00    0.46231E+03
    0.20386E+00    0.44564E+03
    0.20797E+00    0.43584E+03
    0.21218E+00    0.43029E+03
    0.21646E+00    0.42612E+03
    0.22083E+00    0.42031E+03
    0.22530E+00    0.41031E+03
    0.22985E+00    0.39489E+03
    0.23449E+00    0.37460E+03
    0.23923E+00    0.35146E+03
    0.24406E+00    0.32807E+03
    0.24899E+00    0.30681E+03
    0.25402E+00    0.28945E+03
    0.25915E+00    0.27666E+03
    0.26439E+00    0.26774E+03
    0.26973E+00    0.26112E+03
    0.27518E+00    0.25492E+03
    0.28074E+00    0.24752E+03
    0.28641E+00    0.23800E+03
    0.29219E+00    0.22641E+03
    0.29810E+00    0.21376E+03
    0.30412E+00    0.20152E+03
    0.31026E+00    0.19084E+03
    0.31653E+00    0.18224E+03
    0.32292E+00    0.17539E+03
    0.32945E+00    0.16954E+03
    0.33610E+00    0.16369E+03
    0.34289E+00    0.15715E+03
    0.34982E+00    0.14987E+03
    0.35689E+00    0.14227E+03
    0.36409E+00    0.13501E+03
    0.37145E+00    0.12863E+03
    0.37895E+00    0.12314E+03
    0.38661E+00    0.11827E+03
    0.39442E+00    0.11355E+03
    0.40239E+00    0.10867E+03
    0.41052E+00    0.10361E+03
    0.41881E+00    0.98623E+02
    0.42727E+00    0.93984E+02
    0.43590E+00    0.89787E+02
    0.44471E+00    0.85938E+02
    0.45369E+00    0.82239E+02
    0.46286E+00    0.78560E+02
    0.47221E+00    0.74917E+02
    0.48174E+00    0.71434E+02
    0.49148E+00    0.68182E+02
    0.50141E+00    0.65126E+02
    0.51153E+00    0.62217E+02
    0.52187E+00    0.59398E+02
    0.53241E+00    0.56658E+02
    0.54317E+00    0.54045E+02
    0.55414E+00    0.51574E+02
    0.56533E+00    0.49222E+02
    0.57675E+00    0.46971E+02
    0.58840E+00    0.44817E+02
    0.60029E+00    0.42755E+02
    0.61242E+00    0.40784E+02
    0.62479E+00    0.38899E+02
    0.63741E+00    0.37098E+02
    0.65029E+00    0.35377E+02
    0.66342E+00    0.33732E+02
    0.67683E+00    0.32162E+02
    0.69050E+00    0.30663E+02
    0.70445E+00    0.29232E+02
    0.71868E+00    0.27866E+02
    0.73320E+00    0.26563E+02
    0.74801E+00    0.25320E+02
    0.76312E+00    0.24133E+02
    0.77854E+00    0.23000E+02
    0.79426E+00    0.21920E+02
    0.81031E+00    0.20889E+02
    0.82668E+00    0.19905E+02
    0.84338E+00    0.18967E+02
    0.86041E+00    0.18071E+02
    0.87780E+00    0.17217E+02
    0.89553E+00    0.16402E+02
    0.91362E+00    0.15624E+02
    0.93208E+00    0.14882E+02
    0.95091E+00    0.14175E+02
    0.97011E+00    0.13500E+02
    0.98971E+00    0.12857E+02
    0.10097E+01    0.12244E+02
    0.10301E+01    0.11659E+02
    0.10509E+01    0.11101E+02
    0.10721E+01    0.10570E+02
    0.10938E+01    0.10063E+02
    0.11159E+01    0.95804E+01
    0.11384E+01    0.91201E+01
    0.11614E+01    0.86816E+01
    0.11849E+01    0.82636E+01
    0.12088E+01    0.78654E+01
    0.12333E+01    0.74859E+01
    0.12582E+01    0.71244E+01
    0.12836E+01    0.67800E+01
    0.13095E+01    0.64519E+01
    0.13360E+01    0.61394E+01
    0.13630E+01    0.58417E+01
    0.13905E+01    0.55582E+01
    0.14186E+01    0.52882E+01
    0.14472E+01    0.50310E+01
    0.14765E+01    0.47861E+01
    0.15063E+01    0.45529E+01
    0.15367E+01    0.43308E+01
    0.15678E+01    0.41193E+01
    0.15994E+01    0.39179E+01
    0.16318E+01    0.37262E+01
    0.16647E+01    0.35436E+01
    0.16984E+01    0.33698E+01
    0.17327E+01    0.32043E+01
    0.17677E+01    0.30468E+01
    0.18034E+01    0.28969E+01
    0.18398E+01    0.27543E+01
    0.18770E+01    0.26185E+01
    0.19149E+01    0.24894E+01
    0.19536E+01    0.23666E+01
    0.19930E+01    0.22497E+01
    0.20333E+01    0.21386E+01
    0.20744E+01    0.20330E+01
    0.21163E+01    0.19326E+01
