    0.10000E-03    0.38285E+03
    0.10202E-03    0.39034E+03
    0.10408E-03    0.39797E+03
    0.10618E-03    0.40574E+03
    0.10833E-03    0.41367E+03
    0.11052E-03    0.42176E+03
    0.11275E-03    0.43000E+03
    0.11503E-03    0.43841E+03
    0.11735E-03    0.44697E+03
    0.11972E-03    0.45571E+03
    0.12214E-03    0.46461E+03
    0.12461E-03    0.47369E+03
    0.12712E-03    0.48295E+03
    0.12969E-03    0.49238E+03
    0.13231E-03    0.50201E+03
    0.13499E-03    0.51181E+03
    0.13771E-03    0.52181E+03
    0.14049E-03    0.53201E+03
    0.14333E-03    0.54240E+03
    0.14623E-03    0.55300E+03
    0.14918E-03    0.56380E+03
    0.15220E-03    0.57481E+03
    0.15527E-03    0.58604E+03
    0.15841E-03    0.59749E+03
    0.16161E-03    0.60916E+03
    0.16487E-03    0.62106E+03
    0.16820E-03    0.63318E+03
    0.17160E-03    0.64555E+03
    0.17507E-03    0.65816E+03
    0.17860E-03    0.67101E+03
    0.18221E-03    0.68411E+03
    0.18589E-03    0.69746E+03
    0.18965E-03    0.71108E+03
    0.19348E-03    0.72496E+03
    0.19739E-03    0.73911E+03
    0.20138E-03    0.75354E+03
    0.20544E-03    0.76825E+03
    0.20959E-03    0.78324E+03
    0.21383E-03    0.79853E+03
    0.21815E-03    0.81411E+03
    0.22255E-03    0.82999E+03
    0.22705E-03    0.84619E+03
    0.23164E-03    0.86269E+03
    0.23632E-03    0.87952E+03
    0.24109E-03    0.89667E+03
    0.24596E-03    0.91416E+03
    0.25093E-03    0.93199E+03
    0.25600E-03    0.95016E+03
    0.26117E-03    0.96868E+03
    0.26645E-03    0.98757E+03
    0.27183E-03    0.10068E+04
    0.27732E-03    0.10264E+04
    0.28292E-03    0.10464E+04
    0.28864E-03    0.10668E+04
    0.29447E-03    0.10876E+04
    0.30042E-03    0.11088E+04
    0.30649E-03    0.11304E+04
    0.31268E-03    0.11524E+04
    0.31899E-03    0.11748E+04
    0.32544E-03    0.11977E+04
    0.33201E-03    0.12210E+04
    0.33872E-03    0.12448E+04
    0.34556E-03    0.12690E+04
    0.35254E-03    0.12937E+04
    0.35966E-03    0.13188E+04
    0.36693E-03    0.13445E+04
    0.37434E-03    0.13706E+04
    0.38190E-03    0.13972E+04
    0.38962E-03    0.14244E+04
    0.39749E-03    0.14520E+04
    0.40552E-03    0.14802E+04
    0.41371E-03    0.15090E+04
    0.42207E-03    0.15382E+04
    0.43060E-03    0.15681E+04
    0.43929E-03    0.15985E+04
    0.44817E-03    0.16295E+04
    0.45722E-03    0.16611E+04
    0.46646E-03    0.16933E+04
    0.47588E-03    0.17261E+04
    0.48550E-03    0.17595E+04
    0.49530E-03    0.17936E+04
    0.50531E-03    0.18283E+04
    0.51552E-03    0.18636E+04
    0.52593E-03    0.18997E+04
    0.53656E-03    0.19364E+04
    0.54739E-03    0.19738E+04
    0.55845E-03    0.20119E+04
    0.56973E-03    0.20508E+04
    0.58124E-03    0.20903E+04
    0.59299E-03    0.21306E+04
    0.60496E-03    0.21717E+04
    0.61719E-03    0.22136E+04
    0.62965E-03    0.22562E+04
    0.64237E-03    0.22996E+04
    0.65535E-03    0.23438E+04
    0.66859E-03    0.23889E+04
    0.68210E-03    0.24348E+04
    0.69588E-03    0.24815E+04
    0.70993E-03    0.25291E+04
    0.72427E-03    0.25776E+04
    0.73891E-03    0.26270E+04
    0.75383E-03    0.26773E+04
    0.76906E-03    0.27286E+04
    0.78460E-03    0.27808E+04
    0.80045E-03    0.28339E+04
    0.81662E-03    0.28880E+04
    0.83311E-03    0.29431E+04
    0.84994E-03    0.29992E+04
    0.86711E-03    0.30563E+04
    0.88463E-03    0.31145E+04
    0.90250E-03    0.31737E+04
    0.92073E-03    0.32340E+04
    0.93933E-03    0.32954E+04
    0.95831E-03    0.33579E+04
    0.97767E-03    0.34215E+04
    0.99742E-03    0.34862E+04
    0.10176E-02    0.35521E+04
    0.10381E-02    0.36192E+04
    0.10591E-02    0.36874E+04
    0.10805E-02    0.37569E+04
    0.11023E-02    0.38276E+04
    0.11246E-02    0.38995E+04
    0.11473E-02    0.39727E+04
    0.11705E-02    0.40472E+04
    0.11941E-02    0.41230E+04
    0.12182E-02    0.42001E+04
    0.12429E-02    0.42785E+04
    0.12680E-02    0.43583E+04
    0.12936E-02    0.44394E+04
    0.13197E-02    0.45220E+04
    0.13464E-02    0.46059E+04
    0.13736E-02    0.46912E+04
    0.14013E-02    0.47780E+04
    0.14296E-02    0.48663E+04
    0.14585E-02    0.49560E+04
    0.14880E-02    0.50472E+04
    0.15180E-02    0.51400E+04
    0.15487E-02    0.52342E+04
    0.15800E-02    0.53300E+04
    0.16119E-02    0.54274E+04
    0.16445E-02    0.55263E+04
    0.16777E-02    0.56268E+04
    0.17116E-02    0.57290E+04
    0.17462E-02    0.58327E+04
    0.17814E-02    0.59381E+04
    0.18174E-02    0.60452E+04
    0.18541E-02    0.61539E+04
    0.18916E-02    0.62643E+04
    0.19298E-02    0.63765E+04
    0.19688E-02    0.64903E+04
    0.20086E-02    0.66058E+04
    0.20491E-02    0.67231E+04
    0.20905E-02    0.68422E+04
    0.21328E-02    0.69630E+04
    0.21758E-02    0.70855E+04
    0.22198E-02    0.72099E+04
    0.22646E-02    0.73361E+04
    0.23104E-02    0.74640E+04
    0.23571E-02    0.75938E+04
    0.24047E-02    0.77253E+04
    0.24533E-02    0.78587E+04
    0.25028E-02    0.79940E+04
    0.25534E-02    0.81310E+04
    0.26050E-02    0.82699E+04
    0.26576E-02    0.84107E+04
    0.27113E-02    0.85533E+04
    0.27660E-02    0.86977E+04
    0.28219E-02    0.88440E+04
    0.28789E-02    0.89921E+04
    0.29371E-02    0.91420E+04
    0.29964E-02    0.92938E+04
    0.30569E-02    0.94474E+04
    0.31187E-02    0.96029E+04
    0.31817E-02    0.97601E+04
    0.32460E-02    0.99192E+04
    0.33115E-02    0.10080E+05
    0.33784E-02    0.10243E+05
    0.34467E-02    0.10407E+05
    0.35163E-02    0.10573E+05
    0.35874E-02    0.10741E+05
    0.36598E-02    0.10911E+05
    0.37338E-02    0.11082E+05
    0.38092E-02    0.11255E+05
    0.38861E-02    0.11430E+05
    0.39646E-02    0.11606E+05
    0.40447E-02    0.11784E+05
    0.41264E-02    0.11964E+05
    0.42098E-02    0.12145E+05
    0.42948E-02    0.12327E+05
    0.43816E-02    0.12511E+05
    0.44701E-02    0.12696E+05
    0.45604E-02    0.12883E+05
    0.46525E-02    0.13071E+05
    0.47465E-02    0.13261E+05
    0.48424E-02    0.13451E+05
    0.49402E-02    0.13643E+05
    0.50400E-02    0.13836E+05
    0.51419E-02    0.14030E+05
    0.52457E-02    0.14225E+05
    0.53517E-02    0.14421E+05
    0.54598E-02    0.14618E+05
    0.55701E-02    0.14815E+05
    0.56826E-02    0.15013E+05
    0.57974E-02    0.15212E+05
    0.59145E-02    0.15412E+05
    0.60340E-02    0.15612E+05
    0.61559E-02    0.15812E+05
    0.62803E-02    0.16013E+05
    0.64072E-02    0.16214E+05
    0.65366E-02    0.16415E+05
    0.66686E-02    0.16616E+05
    0.68033E-02    0.16817E+05
    0.69408E-02    0.17017E+05
    0.70810E-02    0.17217E+05
    0.72240E-02    0.17417E+05
    0.73700E-02    0.17616E+05
    0.75189E-02    0.17814E+05
    0.76708E-02    0.18011E+05
    0.78257E-02    0.18207E+05
    0.79838E-02    0.18402E+05
    0.81451E-02    0.18596E+05
    0.83096E-02    0.18788E+05
    0.84775E-02    0.18979E+05
    0.86488E-02    0.19168E+05
    0.88235E-02    0.19355E+05
    0.90017E-02    0.19540E+05
    0.91836E-02    0.19722E+05
    0.93691E-02    0.19902E+05
    0.95583E-02    0.20080E+05
    0.97514E-02    0.20255E+05
    0.99484E-02    0.20426E+05
    0.10149E-01    0.20594E+05
    0.10354E-01    0.20759E+05
    0.10564E-01    0.20920E+05
    0.10777E-01    0.21077E+05
    0.10995E-01    0.21230E+05
    0.11217E-01    0.21379E+05
    0.11443E-01    0.21523E+05
    0.11675E-01    0.21663E+05
    0.11910E-01    0.21797E+05
    0.12151E-01    0.21926E+05
    0.12397E-01    0.22050E+05
    0.12647E-01    0.22168E+05
    0.12902E-01    0.22280E+05
    0.13163E-01    0.22386E+05
    0.13429E-01    0.22485E+05
    0.13700E-01    0.22577E+05
    0.13977E-01    0.22663E+05
    0.14259E-01    0.22741E+05
    0.14547E-01    0.22812E+05
    0.14841E-01    0.22875E+05
    0.15141E-01    0.22929E+05
    0.15447E-01    0.22976E+05
    0.15759E-01    0.23014E+05
    0.16077E-01    0.23044E+05
    0.16402E-01    0.23065E+05
    0.16734E-01    0.23076E+05
    0.17072E-01    0.23078E+05
    0.17416E-01    0.23070E+05
    0.17768E-01    0.23053E+05
    0.18127E-01    0.23026E+05
    0.18493E-01    0.22988E+05
    0.18867E-01    0.22940E+05
    0.19248E-01    0.22882E+05
    0.19637E-01    0.22813E+05
    0.20034E-01    0.22734E+05
    0.20438E-01    0.22643E+05
    0.20851E-01    0.22542E+05
    0.21272E-01    0.22430E+05
    0.21702E-01    0.22307E+05
    0.22141E-01    0.22173E+05
    0.22588E-01    0.22029E+05
    0.23044E-01    0.21873E+05
    0.23510E-01    0.21707E+05
    0.23985E-01    0.21531E+05
    0.24469E-01    0.21344E+05
    0.24964E-01    0.21147E+05
    0.25468E-01    0.20940E+05
    0.25982E-01    0.20724E+05
    0.26507E-01    0.20498E+05
    0.27043E-01    0.20264E+05
    0.27589E-01    0.20021E+05
    0.28146E-01    0.19770E+05
    0.28715E-01    0.19512E+05
    0.29295E-01    0.19247E+05
    0.29887E-01    0.18976E+05
    0.30490E-01    0.18699E+05
    0.31106E-01    0.18416E+05
    0.31735E-01    0.18130E+05
    0.32376E-01    0.17840E+05
    0.33030E-01    0.17546E+05
    0.33697E-01    0.17251E+05
    0.34378E-01    0.16955E+05
    0.35072E-01    0.16657E+05
    0.35781E-01    0.16360E+05
    0.36504E-01    0.16064E+05
    0.37241E-01    0.15770E+05
    0.37993E-01    0.15479E+05
    0.38761E-01    0.15191E+05
    0.39544E-01    0.14908E+05
    0.40343E-01    0.14630E+05
    0.41158E-01    0.14357E+05
    0.41989E-01    0.14090E+05
    0.42838E-01    0.13830E+05
    0.43703E-01    0.13576E+05
    0.44586E-01    0.13330E+05
    0.45486E-01    0.13091E+05
    0.46405E-01    0.12861E+05
    0.47343E-01    0.12641E+05
    0.48299E-01    0.12432E+05
    0.49275E-01    0.12232E+05
    0.50270E-01    0.12042E+05
    0.51286E-01    0.11861E+05
    0.52322E-01    0.11687E+05
    0.53379E-01    0.11519E+05
    0.54457E-01    0.11358E+05
    0.55557E-01    0.11202E+05
    0.56680E-01    0.11051E+05
    0.57825E-01    0.10903E+05
    0.58993E-01    0.10758E+05
    0.60184E-01    0.10615E+05
    0.61400E-01    0.10473E+05
    0.62641E-01    0.10330E+05
    0.63906E-01    0.10185E+05
    0.65197E-01    0.10038E+05
    0.66514E-01    0.98871E+04
    0.67858E-01    0.97310E+04
    0.69229E-01    0.95677E+04
    0.70627E-01    0.93958E+04
    0.72054E-01    0.92142E+04
    0.73510E-01    0.90222E+04
    0.74994E-01    0.88193E+04
    0.76509E-01    0.86057E+04
    0.78055E-01    0.83822E+04
    0.79632E-01    0.81497E+04
    0.81241E-01    0.79097E+04
    0.82882E-01    0.76643E+04
    0.84556E-01    0.74154E+04
    0.86264E-01    0.71654E+04
    0.88007E-01    0.69166E+04
    0.89785E-01    0.66712E+04
    0.91598E-01    0.64314E+04
    0.93449E-01    0.61993E+04
    0.95337E-01    0.59770E+04
    0.97263E-01    0.57661E+04
    0.99227E-01    0.55684E+04
    0.10123E+00    0.53853E+04
    0.10328E+00    0.52178E+04
    0.10536E+00    0.50664E+04
    0.10749E+00    0.49310E+04
    0.10966E+00    0.48110E+04
    0.11188E+00    0.47046E+04
    0.11414E+00    0.46099E+04
    0.11644E+00    0.45242E+04
    0.11880E+00    0.44443E+04
    0.12120E+00    0.43671E+04
    0.12365E+00    0.42891E+04
    0.12614E+00    0.42074E+04
    0.12869E+00    0.41193E+04
    0.13129E+00    0.40228E+04
    0.13394E+00    0.39168E+04
    0.13665E+00    0.38008E+04
    0.13941E+00    0.36757E+04
    0.14223E+00    0.35429E+04
    0.14510E+00    0.34047E+04
    0.14803E+00    0.32636E+04
    0.15102E+00    0.31229E+04
    0.15407E+00    0.29858E+04
    0.15718E+00    0.28556E+04
    0.16036E+00    0.27354E+04
    0.16360E+00    0.26277E+04
    0.16690E+00    0.25336E+04
    0.17028E+00    0.24530E+04
    0.17371E+00    0.23843E+04
    0.17722E+00    0.23250E+04
    0.18080E+00    0.22718E+04
    0.18446E+00    0.22217E+04
    0.18818E+00    0.21714E+04
    0.19198E+00    0.21180E+04
    0.19586E+00    0.20590E+04
    0.19982E+00    0.19929E+04
    0.20386E+00    0.19201E+04
    0.20797E+00    0.18421E+04
    0.21218E+00    0.17618E+04
    0.21646E+00    0.16823E+04
    0.22083E+00    0.16065E+04
    0.22530E+00    0.15371E+04
    0.22985E+00    0.14756E+04
    0.23449E+00    0.14225E+04
    0.23923E+00    0.13770E+04
    0.24406E+00    0.13369E+04
    0.24899E+00    0.12999E+04
    0.25402E+00    0.12633E+04
    0.25915E+00    0.12248E+04
    0.26439E+00    0.11827E+04
    0.26973E+00    0.11371E+04
    0.27518E+00    0.10894E+04
    0.28074E+00    0.10416E+04
    0.28641E+00    0.99589E+03
    0.29219E+00    0.95374E+03
    0.29810E+00    0.91618E+03
    0.30412E+00    0.88318E+03
    0.31026E+00    0.85357E+03
    0.31653E+00    0.82558E+03
    0.32292E+00    0.79758E+03
    0.32945E+00    0.76855E+03
    0.33610E+00    0.73827E+03
    0.34289E+00    0.70735E+03
    0.34982E+00    0.67701E+03
    0.35689E+00    0.64847E+03
    0.36409E+00    0.62238E+03
    0.37145E+00    0.59862E+03
    0.37895E+00    0.57656E+03
    0.38661E+00    0.55533E+03
    0.39442E+00    0.53416E+03
    0.40239E+00    0.51274E+03
    0.41052E+00    0.49137E+03
    0.41881E+00    0.47070E+03
    0.42727E+00    0.45120E+03
    0.43590E+00    0.43303E+03
    0.44471E+00    0.41601E+03
    0.45369E+00    0.39968E+03
    0.46286E+00    0.38366E+03
    0.47221E+00    0.36787E+03
    0.48174E+00    0.35246E+03
    0.49148E+00    0.33770E+03
    0.50141E+00    0.32375E+03
    0.51153E+00    0.31052E+03
    0.52187E+00    0.29783E+03
    0.53241E+00    0.28553E+03
    0.54317E+00    0.27355E+03
    0.55414E+00    0.26202E+03
    0.56533E+00    0.25099E+03
    0.57675E+00    0.24047E+03
    0.58840E+00    0.23043E+03
    0.60029E+00    0.22071E+03
    0.61242E+00    0.21133E+03
    0.62479E+00    0.20233E+03
    0.63741E+00    0.19371E+03
    0.65029E+00    0.18546E+03
    0.66342E+00    0.17755E+03
    0.67683E+00    0.16995E+03
    0.69050E+00    0.16265E+03
    0.70445E+00    0.15565E+03
    0.71868E+00    0.14893E+03
    0.73320E+00    0.14248E+03
    0.74801E+00    0.13630E+03
    0.76312E+00    0.13037E+03
    0.77854E+00    0.12469E+03
    0.79426E+00    0.11924E+03
    0.81031E+00    0.11402E+03
    0.82668E+00    0.10901E+03
    0.84338E+00    0.10422E+03
    0.86041E+00    0.99632E+02
    0.87780E+00    0.95236E+02
    0.89553E+00    0.91025E+02
    0.91362E+00    0.86993E+02
    0.93208E+00    0.83132E+02
    0.95091E+00    0.79436E+02
    0.97011E+00    0.75897E+02
    0.98971E+00    0.72509E+02
    0.10097E+01    0.69267E+02
    0.10301E+01    0.66163E+02
    0.10509E+01    0.63193E+02
    0.10721E+01    0.60351E+02
    0.10938E+01    0.57631E+02
    0.11159E+01    0.55030E+02
    0.11384E+01    0.52541E+02
    0.11614E+01    0.50161E+02
    0.11849E+01    0.47884E+02
    0.12088E+01    0.45707E+02
    0.12333E+01    0.43626E+02
    0.12582E+01    0.41636E+02
    0.12836E+01    0.39733E+02
    0.13095E+01    0.37915E+02
    0.13360E+01    0.36176E+02
    0.13630E+01    0.34515E+02
    0.13905E+01    0.32928E+02
    0.14186E+01    0.31411E+02
    0.14472E+01    0.29962E+02
    0.14765E+01    0.28578E+02
    0.15063E+01    0.27256E+02
    0.15367E+01    0.25993E+02
    0.15678E+01    0.24787E+02
    0.15994E+01    0.23635E+02
    0.16318E+01    0.22535E+02
    0.16647E+01    0.21485E+02
    0.16984E+01    0.20483E+02
    0.17327E+01    0.19526E+02
    0.17677E+01    0.18612E+02
    0.18034E+01    0.17740E+02
    0.18398E+01    0.16907E+02
    0.18770E+01    0.16112E+02
    0.19149E+01    0.15354E+02
    0.19536E+01    0.14630E+02
    0.19930E+01    0.13939E+02
    0.20333E+01    0.13279E+02
    0.20744E+01    0.12650E+02
    0.21163E+01    0.12050E+02
    0.21590E+01    0.11478E+02
    0.22026E+01    0.10932E+02
    0.22471E+01    0.10412E+02
    0.22925E+01    0.99162E+01
    0.23388E+01    0.94437E+01
    0.23861E+01    0.89935E+01
    0.24343E+01    0.85647E+01
    0.24835E+01    0.81562E+01
