    0.10000E-03    0.47805E+03
    0.10202E-03    0.48731E+03
    0.10408E-03    0.49676E+03
    0.10618E-03    0.50638E+03
    0.10833E-03    0.51619E+03
    0.11052E-03    0.52619E+03
    0.11275E-03    0.53639E+03
    0.11503E-03    0.54678E+03
    0.11735E-03    0.55737E+03
    0.11972E-03    0.56817E+03
    0.12214E-03    0.57917E+03
    0.12461E-03    0.59039E+03
    0.12712E-03    0.60183E+03
    0.12969E-03    0.61348E+03
    0.13231E-03    0.62537E+03
    0.13499E-03    0.63748E+03
    0.13771E-03    0.64982E+03
    0.14049E-03    0.66241E+03
    0.14333E-03    0.67524E+03
    0.14623E-03    0.68831E+03
    0.14918E-03    0.70164E+03
    0.15220E-03    0.71523E+03
    0.15527E-03    0.72908E+03
    0.15841E-03    0.74319E+03
    0.16161E-03    0.75758E+03
    0.16487E-03    0.77225E+03
    0.16820E-03    0.78720E+03
    0.17160E-03    0.80243E+03
    0.17507E-03    0.81797E+03
    0.17860E-03    0.83380E+03
    0.18221E-03    0.84994E+03
    0.18589E-03    0.86638E+03
    0.18965E-03    0.88315E+03
    0.19348E-03    0.90024E+03
    0.19739E-03    0.91766E+03
    0.20138E-03    0.93541E+03
    0.20544E-03    0.95351E+03
    0.20959E-03    0.97195E+03
    0.21383E-03    0.99075E+03
    0.21815E-03    0.10099E+04
    0.22255E-03    0.10294E+04
    0.22705E-03    0.10493E+04
    0.23164E-03    0.10696E+04
    0.23632E-03    0.10903E+04
    0.24109E-03    0.11114E+04
    0.24596E-03    0.11329E+04
    0.25093E-03    0.11548E+04
    0.25600E-03    0.11771E+04
    0.26117E-03    0.11998E+04
    0.26645E-03    0.12230E+04
    0.27183E-03    0.12466E+04
    0.27732E-03    0.12707E+04
    0.28292E-03    0.12952E+04
    0.28864E-03    0.13202E+04
    0.29447E-03    0.13457E+04
    0.30042E-03    0.13717E+04
    0.30649E-03    0.13982E+04
    0.31268E-03    0.14252E+04
    0.31899E-03    0.14527E+04
    0.32544E-03    0.14807E+04
    0.33201E-03    0.15092E+04
    0.33872E-03    0.15383E+04
    0.34556E-03    0.15680E+04
    0.35254E-03    0.15982E+04
    0.35966E-03    0.16290E+04
    0.36693E-03    0.16604E+04
    0.37434E-03    0.16923E+04
    0.38190E-03    0.17249E+04
    0.38962E-03    0.17581E+04
    0.39749E-03    0.17920E+04
    0.40552E-03    0.18264E+04
    0.41371E-03    0.18616E+04
    0.42207E-03    0.18973E+04
    0.43060E-03    0.19338E+04
    0.43929E-03    0.19710E+04
    0.44817E-03    0.20088E+04
    0.45722E-03    0.20474E+04
    0.46646E-03    0.20867E+04
    0.47588E-03    0.21267E+04
    0.48550E-03    0.21675E+04
    0.49530E-03    0.22091E+04
    0.50531E-03    0.22514E+04
    0.51552E-03    0.22945E+04
    0.52593E-03    0.23385E+04
    0.53656E-03    0.23832E+04
    0.54739E-03    0.24288E+04
    0.55845E-03    0.24753E+04
    0.56973E-03    0.25226E+04
    0.58124E-03    0.25708E+04
    0.59299E-03    0.26199E+04
    0.60496E-03    0.26699E+04
    0.61719E-03    0.27208E+04
    0.62965E-03    0.27726E+04
    0.64237E-03    0.28255E+04
    0.65535E-03    0.28793E+04
    0.66859E-03    0.29340E+04
    0.68210E-03    0.29898E+04
    0.69588E-03    0.30467E+04
    0.70993E-03    0.31045E+04
    0.72427E-03    0.31634E+04
    0.73891E-03    0.32234E+04
    0.75383E-03    0.32845E+04
    0.76906E-03    0.33467E+04
    0.78460E-03    0.34100E+04
    0.80045E-03    0.34744E+04
    0.81662E-03    0.35401E+04
    0.83311E-03    0.36069E+04
    0.84994E-03    0.36749E+04
    0.86711E-03    0.37441E+04
    0.88463E-03    0.38146E+04
    0.90250E-03    0.38863E+04
    0.92073E-03    0.39593E+04
    0.93933E-03    0.40336E+04
    0.95831E-03    0.41092E+04
    0.97767E-03    0.41861E+04
    0.99742E-03    0.42644E+04
    0.10176E-02    0.43441E+04
    0.10381E-02    0.44252E+04
    0.10591E-02    0.45076E+04
    0.10805E-02    0.45916E+04
    0.11023E-02    0.46769E+04
    0.11246E-02    0.47638E+04
    0.11473E-02    0.48521E+04
    0.11705E-02    0.49419E+04
    0.11941E-02    0.50333E+04
    0.12182E-02    0.51263E+04
    0.12429E-02    0.52208E+04
    0.12680E-02    0.53169E+04
    0.12936E-02    0.54146E+04
    0.13197E-02    0.55139E+04
    0.13464E-02    0.56149E+04
    0.13736E-02    0.57176E+04
    0.14013E-02    0.58220E+04
    0.14296E-02    0.59281E+04
    0.14585E-02    0.60359E+04
    0.14880E-02    0.61454E+04
    0.15180E-02    0.62568E+04
    0.15487E-02    0.63699E+04
    0.15800E-02    0.64848E+04
    0.16119E-02    0.66015E+04
    0.16445E-02    0.67201E+04
    0.16777E-02    0.68406E+04
    0.17116E-02    0.69629E+04
    0.17462E-02    0.70871E+04
    0.17814E-02    0.72132E+04
    0.18174E-02    0.73413E+04
    0.18541E-02    0.74713E+04
    0.18916E-02    0.76032E+04
    0.19298E-02    0.77371E+04
    0.19688E-02    0.78730E+04
    0.20086E-02    0.80108E+04
    0.20491E-02    0.81507E+04
    0.20905E-02    0.82926E+04
    0.21328E-02    0.84365E+04
    0.21758E-02    0.85825E+04
    0.22198E-02    0.87304E+04
    0.22646E-02    0.88805E+04
    0.23104E-02    0.90326E+04
    0.23571E-02    0.91868E+04
    0.24047E-02    0.93430E+04
    0.24533E-02    0.95013E+04
    0.25028E-02    0.96617E+04
    0.25534E-02    0.98241E+04
    0.26050E-02    0.99887E+04
    0.26576E-02    0.10155E+05
    0.27113E-02    0.10324E+05
    0.27660E-02    0.10495E+05
    0.28219E-02    0.10668E+05
    0.28789E-02    0.10842E+05
    0.29371E-02    0.11019E+05
    0.29964E-02    0.11198E+05
    0.30569E-02    0.11379E+05
    0.31187E-02    0.11562E+05
    0.31817E-02    0.11747E+05
    0.32460E-02    0.11935E+05
    0.33115E-02    0.12124E+05
    0.33784E-02    0.12314E+05
    0.34467E-02    0.12507E+05
    0.35163E-02    0.12702E+05
    0.35874E-02    0.12899E+05
    0.36598E-02    0.13097E+05
    0.37338E-02    0.13298E+05
    0.38092E-02    0.13500E+05
    0.38861E-02    0.13704E+05
    0.39646E-02    0.13909E+05
    0.40447E-02    0.14117E+05
    0.41264E-02    0.14326E+05
    0.42098E-02    0.14536E+05
    0.42948E-02    0.14748E+05
    0.43816E-02    0.14962E+05
    0.44701E-02    0.15177E+05
    0.45604E-02    0.15393E+05
    0.46525E-02    0.15611E+05
    0.47465E-02    0.15830E+05
    0.48424E-02    0.16050E+05
    0.49402E-02    0.16271E+05
    0.50400E-02    0.16493E+05
    0.51419E-02    0.16716E+05
    0.52457E-02    0.16940E+05
    0.53517E-02    0.17165E+05
    0.54598E-02    0.17391E+05
    0.55701E-02    0.17617E+05
    0.56826E-02    0.17844E+05
    0.57974E-02    0.18072E+05
    0.59145E-02    0.18299E+05
    0.60340E-02    0.18527E+05
    0.61559E-02    0.18755E+05
    0.62803E-02    0.18982E+05
    0.64072E-02    0.19210E+05
    0.65366E-02    0.19437E+05
    0.66686E-02    0.19664E+05
    0.68033E-02    0.19890E+05
    0.69408E-02    0.20115E+05
    0.70810E-02    0.20340E+05
    0.72240E-02    0.20564E+05
    0.73700E-02    0.20787E+05
    0.75189E-02    0.21008E+05
    0.76708E-02    0.21228E+05
    0.78257E-02    0.21446E+05
    0.79838E-02    0.21662E+05
    0.81451E-02    0.21876E+05
    0.83096E-02    0.22089E+05
    0.84775E-02    0.22298E+05
    0.86488E-02    0.22506E+05
    0.88235E-02    0.22710E+05
    0.90017E-02    0.22911E+05
    0.91836E-02    0.23110E+05
    0.93691E-02    0.23305E+05
    0.95583E-02    0.23496E+05
    0.97514E-02    0.23683E+05
    0.99484E-02    0.23866E+05
    0.10149E-01    0.24045E+05
    0.10354E-01    0.24220E+05
    0.10564E-01    0.24389E+05
    0.10777E-01    0.24554E+05
    0.10995E-01    0.24713E+05
    0.11217E-01    0.24867E+05
    0.11443E-01    0.25015E+05
    0.11675E-01    0.25156E+05
    0.11910E-01    0.25291E+05
    0.12151E-01    0.25420E+05
    0.12397E-01    0.25541E+05
    0.12647E-01    0.25655E+05
    0.12902E-01    0.25762E+05
    0.13163E-01    0.25862E+05
    0.13429E-01    0.25953E+05
    0.13700E-01    0.26036E+05
    0.13977E-01    0.26111E+05
    0.14259E-01    0.26175E+05
    0.14547E-01    0.26229E+05
    0.14841E-01    0.26272E+05
    0.15141E-01    0.26307E+05
    0.15447E-01    0.26333E+05
    0.15759E-01    0.26352E+05
    0.16077E-01    0.26365E+05
    0.16402E-01    0.26371E+05
    0.16734E-01    0.26368E+05
    0.17072E-01    0.26353E+05
    0.17416E-01    0.26326E+05
    0.17768E-01    0.26283E+05
    0.18127E-01    0.26225E+05
    0.18493E-01    0.26153E+05
    0.18867E-01    0.26068E+05
    0.19248E-01    0.25970E+05
    0.19637E-01    0.25862E+05
    0.20034E-01    0.25743E+05
    0.20438E-01    0.25612E+05
    0.20851E-01    0.25467E+05
    0.21272E-01    0.25307E+05
    0.21702E-01    0.25131E+05
    0.22141E-01    0.24939E+05
    0.22588E-01    0.24734E+05
    0.23044E-01    0.24516E+05
    0.23510E-01    0.24288E+05
    0.23985E-01    0.24050E+05
    0.24469E-01    0.23803E+05
    0.24964E-01    0.23548E+05
    0.25468E-01    0.23284E+05
    0.25982E-01    0.23012E+05
    0.26507E-01    0.22731E+05
    0.27043E-01    0.22442E+05
    0.27589E-01    0.22144E+05
    0.28146E-01    0.21838E+05
    0.28715E-01    0.21524E+05
    0.29295E-01    0.21201E+05
    0.29887E-01    0.20871E+05
    0.30490E-01    0.20534E+05
    0.31106E-01    0.20191E+05
    0.31735E-01    0.19844E+05
    0.32376E-01    0.19493E+05
    0.33030E-01    0.19139E+05
    0.33697E-01    0.18785E+05
    0.34378E-01    0.18430E+05
    0.35072E-01    0.18077E+05
    0.35781E-01    0.17727E+05
    0.36504E-01    0.17380E+05
    0.37241E-01    0.17038E+05
    0.37993E-01    0.16700E+05
    0.38761E-01    0.16369E+05
    0.39544E-01    0.16043E+05
    0.40343E-01    0.15725E+05
    0.41158E-01    0.15414E+05
    0.41989E-01    0.15111E+05
    0.42838E-01    0.14816E+05
    0.43703E-01    0.14530E+05
    0.44586E-01    0.14253E+05
    0.45486E-01    0.13987E+05
    0.46405E-01    0.13733E+05
    0.47343E-01    0.13491E+05
    0.48299E-01    0.13262E+05
    0.49275E-01    0.13044E+05
    0.50270E-01    0.12837E+05
    0.51286E-01    0.12639E+05
    0.52322E-01    0.12450E+05
    0.53379E-01    0.12268E+05
    0.54457E-01    0.12093E+05
    0.55557E-01    0.11924E+05
    0.56680E-01    0.11760E+05
    0.57825E-01    0.11599E+05
    0.58993E-01    0.11442E+05
    0.60184E-01    0.11286E+05
    0.61400E-01    0.11131E+05
    0.62641E-01    0.10975E+05
    0.63906E-01    0.10816E+05
    0.65197E-01    0.10654E+05
    0.66514E-01    0.10485E+05
    0.67858E-01    0.10307E+05
    0.69229E-01    0.10119E+05
    0.70627E-01    0.99195E+04
    0.72054E-01    0.97106E+04
    0.73510E-01    0.94943E+04
    0.74994E-01    0.92699E+04
    0.76509E-01    0.90340E+04
    0.78055E-01    0.87837E+04
    0.79632E-01    0.85205E+04
    0.81241E-01    0.82493E+04
    0.82882E-01    0.79744E+04
    0.84556E-01    0.76984E+04
    0.86264E-01    0.74229E+04
    0.88007E-01    0.71502E+04
    0.89785E-01    0.68828E+04
    0.91598E-01    0.66232E+04
    0.93449E-01    0.63738E+04
    0.95337E-01    0.61370E+04
    0.97263E-01    0.59146E+04
    0.99227E-01    0.57084E+04
    0.10123E+00    0.55200E+04
    0.10328E+00    0.53503E+04
    0.10536E+00    0.51990E+04
    0.10749E+00    0.50658E+04
    0.10966E+00    0.49488E+04
    0.11188E+00    0.48458E+04
    0.11414E+00    0.47540E+04
    0.11644E+00    0.46700E+04
    0.11880E+00    0.45900E+04
    0.12120E+00    0.45105E+04
    0.12365E+00    0.44279E+04
    0.12614E+00    0.43392E+04
    0.12869E+00    0.42418E+04
    0.13129E+00    0.41341E+04
    0.13394E+00    0.40153E+04
    0.13665E+00    0.38857E+04
    0.13941E+00    0.37465E+04
    0.14223E+00    0.35998E+04
    0.14510E+00    0.34485E+04
    0.14803E+00    0.32959E+04
    0.15102E+00    0.31458E+04
    0.15407E+00    0.30021E+04
    0.15718E+00    0.28688E+04
    0.16036E+00    0.27487E+04
    0.16360E+00    0.26437E+04
    0.16690E+00    0.25539E+04
    0.17028E+00    0.24780E+04
    0.17371E+00    0.24134E+04
    0.17722E+00    0.23570E+04
    0.18080E+00    0.23054E+04
    0.18446E+00    0.22552E+04
    0.18818E+00    0.22028E+04
    0.19198E+00    0.21449E+04
    0.19586E+00    0.20793E+04
    0.19982E+00    0.20055E+04
    0.20386E+00    0.19249E+04
    0.20797E+00    0.18405E+04
    0.21218E+00    0.17557E+04
    0.21646E+00    0.16737E+04
    0.22083E+00    0.15976E+04
    0.22530E+00    0.15297E+04
    0.22985E+00    0.14710E+04
    0.23449E+00    0.14211E+04
    0.23923E+00    0.13783E+04
    0.24406E+00    0.13401E+04
    0.24899E+00    0.13034E+04
    0.25402E+00    0.12651E+04
    0.25915E+00    0.12233E+04
    0.26439E+00    0.11775E+04
    0.26973E+00    0.11286E+04
    0.27518E+00    0.10786E+04
    0.28074E+00    0.10298E+04
    0.28641E+00    0.98420E+03
    0.29219E+00    0.94346E+03
    0.29810E+00    0.90791E+03
    0.30412E+00    0.87656E+03
    0.31026E+00    0.84766E+03
    0.31653E+00    0.81941E+03
    0.32292E+00    0.79038E+03
    0.32945E+00    0.75981E+03
    0.33610E+00    0.72805E+03
    0.34289E+00    0.69636E+03
    0.34982E+00    0.66617E+03
    0.35689E+00    0.63836E+03
    0.36409E+00    0.61316E+03
    0.37145E+00    0.59017E+03
    0.37895E+00    0.56845E+03
    0.38661E+00    0.54697E+03
    0.39442E+00    0.52522E+03
    0.40239E+00    0.50334E+03
    0.41052E+00    0.48185E+03
    0.41881E+00    0.46141E+03
    0.42727E+00    0.44240E+03
    0.43590E+00    0.42471E+03
    0.44471E+00    0.40793E+03
    0.45369E+00    0.39162E+03
    0.46286E+00    0.37549E+03
    0.47221E+00    0.35964E+03
    0.48174E+00    0.34438E+03
    0.49148E+00    0.32990E+03
    0.50141E+00    0.31624E+03
    0.51153E+00    0.30323E+03
    0.52187E+00    0.29065E+03
    0.53241E+00    0.27841E+03
    0.54317E+00    0.26655E+03
    0.55414E+00    0.25520E+03
    0.56533E+00    0.24439E+03
    0.57675E+00    0.23407E+03
    0.58840E+00    0.22415E+03
    0.60029E+00    0.21458E+03
    0.61242E+00    0.20535E+03
    0.62479E+00    0.19651E+03
    0.63741E+00    0.18806E+03
    0.65029E+00    0.17997E+03
    0.66342E+00    0.17221E+03
    0.67683E+00    0.16477E+03
    0.69050E+00    0.15763E+03
    0.70445E+00    0.15078E+03
    0.71868E+00    0.14421E+03
    0.73320E+00    0.13791E+03
    0.74801E+00    0.13187E+03
    0.76312E+00    0.12608E+03
    0.77854E+00    0.12053E+03
    0.79426E+00    0.11521E+03
    0.81031E+00    0.11012E+03
    0.82668E+00    0.10524E+03
    0.84338E+00    0.10056E+03
    0.86041E+00    0.96090E+02
    0.87780E+00    0.91806E+02
    0.89553E+00    0.87705E+02
    0.91362E+00    0.83780E+02
    0.93208E+00    0.80024E+02
    0.95091E+00    0.76430E+02
    0.97011E+00    0.72992E+02
    0.98971E+00    0.69703E+02
    0.10097E+01    0.66556E+02
    0.10301E+01    0.63546E+02
    0.10509E+01    0.60668E+02
    0.10721E+01    0.57915E+02
    0.10938E+01    0.55283E+02
    0.11159E+01    0.52767E+02
    0.11384E+01    0.50361E+02
    0.11614E+01    0.48061E+02
    0.11849E+01    0.45862E+02
    0.12088E+01    0.43761E+02
    0.12333E+01    0.41753E+02
    0.12582E+01    0.39834E+02
    0.12836E+01    0.38000E+02
    0.13095E+01    0.36249E+02
    0.13360E+01    0.34575E+02
    0.13630E+01    0.32976E+02
    0.13905E+01    0.31448E+02
    0.14186E+01    0.29990E+02
    0.14472E+01    0.28596E+02
    0.14765E+01    0.27265E+02
    0.15063E+01    0.25995E+02
    0.15367E+01    0.24781E+02
    0.15678E+01    0.23622E+02
    0.15994E+01    0.22516E+02
    0.16318E+01    0.21460E+02
    0.16647E+01    0.20452E+02
    0.16984E+01    0.19489E+02
    0.17327E+01    0.18571E+02
    0.17677E+01    0.17694E+02
    0.18034E+01    0.16858E+02
    0.18398E+01    0.16059E+02
    0.18770E+01    0.15297E+02
    0.19149E+01    0.14571E+02
    0.19536E+01    0.13878E+02
    0.19930E+01    0.13217E+02
    0.20333E+01    0.12587E+02
    0.20744E+01    0.11987E+02
    0.21163E+01    0.11414E+02
    0.21590E+01    0.10869E+02
    0.22026E+01    0.10349E+02
    0.22471E+01    0.98534E+01
    0.22925E+01    0.93816E+01
    0.23388E+01    0.89322E+01
    0.23861E+01    0.85042E+01
    0.24343E+01    0.80966E+01
    0.24835E+01    0.77085E+01
