    0.10000E-03    0.88877E+03
    0.10202E-03    0.90612E+03
    0.10408E-03    0.92381E+03
    0.10618E-03    0.94184E+03
    0.10833E-03    0.96022E+03
    0.11052E-03    0.97896E+03
    0.11275E-03    0.99806E+03
    0.11503E-03    0.10175E+04
    0.11735E-03    0.10374E+04
    0.11972E-03    0.10576E+04
    0.12214E-03    0.10783E+04
    0.12461E-03    0.10993E+04
    0.12712E-03    0.11207E+04
    0.12969E-03    0.11426E+04
    0.13231E-03    0.11649E+04
    0.13499E-03    0.11876E+04
    0.13771E-03    0.12107E+04
    0.14049E-03    0.12343E+04
    0.14333E-03    0.12584E+04
    0.14623E-03    0.12829E+04
    0.14918E-03    0.13079E+04
    0.15220E-03    0.13333E+04
    0.15527E-03    0.13593E+04
    0.15841E-03    0.13858E+04
    0.16161E-03    0.14128E+04
    0.16487E-03    0.14403E+04
    0.16820E-03    0.14683E+04
    0.17160E-03    0.14969E+04
    0.17507E-03    0.15260E+04
    0.17860E-03    0.15557E+04
    0.18221E-03    0.15859E+04
    0.18589E-03    0.16168E+04
    0.18965E-03    0.16482E+04
    0.19348E-03    0.16802E+04
    0.19739E-03    0.17129E+04
    0.20138E-03    0.17462E+04
    0.20544E-03    0.17801E+04
    0.20959E-03    0.18146E+04
    0.21383E-03    0.18499E+04
    0.21815E-03    0.18858E+04
    0.22255E-03    0.19223E+04
    0.22705E-03    0.19596E+04
    0.23164E-03    0.19976E+04
    0.23632E-03    0.20363E+04
    0.24109E-03    0.20758E+04
    0.24596E-03    0.21160E+04
    0.25093E-03    0.21569E+04
    0.25600E-03    0.21987E+04
    0.26117E-03    0.22412E+04
    0.26645E-03    0.22845E+04
    0.27183E-03    0.23287E+04
    0.27732E-03    0.23737E+04
    0.28292E-03    0.24195E+04
    0.28864E-03    0.24662E+04
    0.29447E-03    0.25138E+04
    0.30042E-03    0.25623E+04
    0.30649E-03    0.26117E+04
    0.31268E-03    0.26620E+04
    0.31899E-03    0.27132E+04
    0.32544E-03    0.27654E+04
    0.33201E-03    0.28186E+04
    0.33872E-03    0.28727E+04
    0.34556E-03    0.29279E+04
    0.35254E-03    0.29841E+04
    0.35966E-03    0.30414E+04
    0.36693E-03    0.30996E+04
    0.37434E-03    0.31590E+04
    0.38190E-03    0.32195E+04
    0.38962E-03    0.32810E+04
    0.39749E-03    0.33437E+04
    0.40552E-03    0.34076E+04
    0.41371E-03    0.34726E+04
    0.42207E-03    0.35388E+04
    0.43060E-03    0.36062E+04
    0.43929E-03    0.36748E+04
    0.44817E-03    0.37447E+04
    0.45722E-03    0.38158E+04
    0.46646E-03    0.38882E+04
    0.47588E-03    0.39620E+04
    0.48550E-03    0.40370E+04
    0.49530E-03    0.41134E+04
    0.50531E-03    0.41911E+04
    0.51552E-03    0.42702E+04
    0.52593E-03    0.43508E+04
    0.53656E-03    0.44327E+04
    0.54739E-03    0.45161E+04
    0.55845E-03    0.46010E+04
    0.56973E-03    0.46873E+04
    0.58124E-03    0.47752E+04
    0.59299E-03    0.48646E+04
    0.60496E-03    0.49556E+04
    0.61719E-03    0.50481E+04
    0.62965E-03    0.51423E+04
    0.64237E-03    0.52380E+04
    0.65535E-03    0.53355E+04
    0.66859E-03    0.54346E+04
    0.68210E-03    0.55354E+04
    0.69588E-03    0.56379E+04
    0.70993E-03    0.57421E+04
    0.72427E-03    0.58481E+04
    0.73891E-03    0.59559E+04
    0.75383E-03    0.60656E+04
    0.76906E-03    0.61770E+04
    0.78460E-03    0.62904E+04
    0.80045E-03    0.64056E+04
    0.81662E-03    0.65227E+04
    0.83311E-03    0.66418E+04
    0.84994E-03    0.67629E+04
    0.86711E-03    0.68859E+04
    0.88463E-03    0.70109E+04
    0.90250E-03    0.71380E+04
    0.92073E-03    0.72671E+04
    0.93933E-03    0.73984E+04
    0.95831E-03    0.75317E+04
    0.97767E-03    0.76672E+04
    0.99742E-03    0.78048E+04
    0.10176E-02    0.79446E+04
    0.10381E-02    0.80866E+04
    0.10591E-02    0.82308E+04
    0.10805E-02    0.83773E+04
    0.11023E-02    0.85260E+04
    0.11246E-02    0.86770E+04
    0.11473E-02    0.88304E+04
    0.11705E-02    0.89860E+04
    0.11941E-02    0.91440E+04
    0.12182E-02    0.93044E+04
    0.12429E-02    0.94671E+04
    0.12680E-02    0.96323E+04
    0.12936E-02    0.97998E+04
    0.13197E-02    0.99698E+04
    0.13464E-02    0.10142E+05
    0.13736E-02    0.10317E+05
    0.14013E-02    0.10494E+05
    0.14296E-02    0.10674E+05
    0.14585E-02    0.10856E+05
    0.14880E-02    0.11041E+05
    0.15180E-02    0.11228E+05
    0.15487E-02    0.11418E+05
    0.15800E-02    0.11610E+05
    0.16119E-02    0.11805E+05
    0.16445E-02    0.12002E+05
    0.16777E-02    0.12202E+05
    0.17116E-02    0.12404E+05
    0.17462E-02    0.12609E+05
    0.17814E-02    0.12816E+05
    0.18174E-02    0.13025E+05
    0.18541E-02    0.13237E+05
    0.18916E-02    0.13452E+05
    0.19298E-02    0.13669E+05
    0.19688E-02    0.13888E+05
    0.20086E-02    0.14110E+05
    0.20491E-02    0.14334E+05
    0.20905E-02    0.14560E+05
    0.21328E-02    0.14789E+05
    0.21758E-02    0.15020E+05
    0.22198E-02    0.15253E+05
    0.22646E-02    0.15489E+05
    0.23104E-02    0.15726E+05
    0.23571E-02    0.15966E+05
    0.24047E-02    0.16208E+05
    0.24533E-02    0.16452E+05
    0.25028E-02    0.16698E+05
    0.25534E-02    0.16946E+05
    0.26050E-02    0.17195E+05
    0.26576E-02    0.17447E+05
    0.27113E-02    0.17701E+05
    0.27660E-02    0.17956E+05
    0.28219E-02    0.18213E+05
    0.28789E-02    0.18471E+05
    0.29371E-02    0.18731E+05
    0.29964E-02    0.18993E+05
    0.30569E-02    0.19255E+05
    0.31187E-02    0.19519E+05
    0.31817E-02    0.19785E+05
    0.32460E-02    0.20051E+05
    0.33115E-02    0.20318E+05
    0.33784E-02    0.20587E+05
    0.34467E-02    0.20856E+05
    0.35163E-02    0.21126E+05
    0.35874E-02    0.21396E+05
    0.36598E-02    0.21667E+05
    0.37338E-02    0.21938E+05
    0.38092E-02    0.22210E+05
    0.38861E-02    0.22481E+05
    0.39646E-02    0.22753E+05
    0.40447E-02    0.23024E+05
    0.41264E-02    0.23295E+05
    0.42098E-02    0.23566E+05
    0.42948E-02    0.23836E+05
    0.43816E-02    0.24105E+05
    0.44701E-02    0.24374E+05
    0.45604E-02    0.24641E+05
    0.46525E-02    0.24908E+05
    0.47465E-02    0.25173E+05
    0.48424E-02    0.25436E+05
    0.49402E-02    0.25698E+05
    0.50400E-02    0.25959E+05
    0.51419E-02    0.26216E+05
    0.52457E-02    0.26472E+05
    0.53517E-02    0.26725E+05
    0.54598E-02    0.26974E+05
    0.55701E-02    0.27221E+05
    0.56826E-02    0.27465E+05
    0.57974E-02    0.27705E+05
    0.59145E-02    0.27941E+05
    0.60340E-02    0.28174E+05
    0.61559E-02    0.28402E+05
    0.62803E-02    0.28626E+05
    0.64072E-02    0.28846E+05
    0.65366E-02    0.29060E+05
    0.66686E-02    0.29270E+05
    0.68033E-02    0.29475E+05
    0.69408E-02    0.29674E+05
    0.70810E-02    0.29867E+05
    0.72240E-02    0.30054E+05
    0.73700E-02    0.30235E+05
    0.75189E-02    0.30409E+05
    0.76708E-02    0.30576E+05
    0.78257E-02    0.30736E+05
    0.79838E-02    0.30888E+05
    0.81451E-02    0.31033E+05
    0.83096E-02    0.31169E+05
    0.84775E-02    0.31297E+05
    0.86488E-02    0.31417E+05
    0.88235E-02    0.31527E+05
    0.90017E-02    0.31628E+05
    0.91836E-02    0.31719E+05
    0.93691E-02    0.31800E+05
    0.95583E-02    0.31872E+05
    0.97514E-02    0.31932E+05
    0.99484E-02    0.31982E+05
    0.10149E-01    0.32020E+05
    0.10354E-01    0.32047E+05
    0.10564E-01    0.32062E+05
    0.10777E-01    0.32066E+05
    0.10995E-01    0.32056E+05
    0.11217E-01    0.32034E+05
    0.11443E-01    0.31999E+05
    0.11675E-01    0.31951E+05
    0.11910E-01    0.31889E+05
    0.12151E-01    0.31813E+05
    0.12397E-01    0.31723E+05
    0.12647E-01    0.31619E+05
    0.12902E-01    0.31500E+05
    0.13163E-01    0.31366E+05
    0.13429E-01    0.31218E+05
    0.13700E-01    0.31054E+05
    0.13977E-01    0.30874E+05
    0.14259E-01    0.30679E+05
    0.14547E-01    0.30469E+05
    0.14841E-01    0.30242E+05
    0.15141E-01    0.30000E+05
    0.15447E-01    0.29742E+05
    0.15759E-01    0.29468E+05
    0.16077E-01    0.29178E+05
    0.16402E-01    0.28873E+05
    0.16734E-01    0.28551E+05
    0.17072E-01    0.28214E+05
    0.17416E-01    0.27862E+05
    0.17768E-01    0.27495E+05
    0.18127E-01    0.27112E+05
    0.18493E-01    0.26715E+05
    0.18867E-01    0.26304E+05
    0.19248E-01    0.25879E+05
    0.19637E-01    0.25441E+05
    0.20034E-01    0.24991E+05
    0.20438E-01    0.24528E+05
    0.20851E-01    0.24054E+05
    0.21272E-01    0.23569E+05
    0.21702E-01    0.23075E+05
    0.22141E-01    0.22571E+05
    0.22588E-01    0.22060E+05
    0.23044E-01    0.21541E+05
    0.23510E-01    0.21016E+05
    0.23985E-01    0.20487E+05
    0.24469E-01    0.19953E+05
    0.24964E-01    0.19417E+05
    0.25468E-01    0.18880E+05
    0.25982E-01    0.18342E+05
    0.26507E-01    0.17806E+05
    0.27043E-01    0.17272E+05
    0.27589E-01    0.16742E+05
    0.28146E-01    0.16217E+05
    0.28715E-01    0.15698E+05
    0.29295E-01    0.15187E+05
    0.29887E-01    0.14685E+05
    0.30490E-01    0.14194E+05
    0.31106E-01    0.13714E+05
    0.31735E-01    0.13247E+05
    0.32376E-01    0.12793E+05
    0.33030E-01    0.12355E+05
    0.33697E-01    0.11932E+05
    0.34378E-01    0.11526E+05
    0.35072E-01    0.11138E+05
    0.35781E-01    0.10768E+05
    0.36504E-01    0.10416E+05
    0.37241E-01    0.10084E+05
    0.37993E-01    0.97720E+04
    0.38761E-01    0.94802E+04
    0.39544E-01    0.92087E+04
    0.40343E-01    0.89575E+04
    0.41158E-01    0.87263E+04
    0.41989E-01    0.85152E+04
    0.42838E-01    0.83239E+04
    0.43703E-01    0.81512E+04
    0.44586E-01    0.79952E+04
    0.45486E-01    0.78546E+04
    0.46405E-01    0.77279E+04
    0.47343E-01    0.76138E+04
    0.48299E-01    0.75115E+04
    0.49275E-01    0.74199E+04
    0.50270E-01    0.73382E+04
    0.51286E-01    0.72649E+04
    0.52322E-01    0.71979E+04
    0.53379E-01    0.71350E+04
    0.54457E-01    0.70742E+04
    0.55557E-01    0.70126E+04
    0.56680E-01    0.69472E+04
    0.57825E-01    0.68750E+04
    0.58993E-01    0.67932E+04
    0.60184E-01    0.66992E+04
    0.61400E-01    0.65905E+04
    0.62641E-01    0.64653E+04
    0.63906E-01    0.63227E+04
    0.65197E-01    0.61624E+04
    0.66514E-01    0.59845E+04
    0.67858E-01    0.57901E+04
    0.69229E-01    0.55808E+04
    0.70627E-01    0.53583E+04
    0.72054E-01    0.51252E+04
    0.73510E-01    0.48839E+04
    0.74994E-01    0.46372E+04
    0.76509E-01    0.43885E+04
    0.78055E-01    0.41411E+04
    0.79632E-01    0.38990E+04
    0.81241E-01    0.36661E+04
    0.82882E-01    0.34463E+04
    0.84556E-01    0.32430E+04
    0.86264E-01    0.30590E+04
    0.88007E-01    0.28961E+04
    0.89785E-01    0.27553E+04
    0.91598E-01    0.26370E+04
    0.93449E-01    0.25406E+04
    0.95337E-01    0.24648E+04
    0.97263E-01    0.24080E+04
    0.99227E-01    0.23677E+04
    0.10123E+00    0.23415E+04
    0.10328E+00    0.23257E+04
    0.10536E+00    0.23161E+04
    0.10749E+00    0.23085E+04
    0.10966E+00    0.22986E+04
    0.11188E+00    0.22822E+04
    0.11414E+00    0.22559E+04
    0.11644E+00    0.22167E+04
    0.11880E+00    0.21626E+04
    0.12120E+00    0.20925E+04
    0.12365E+00    0.20068E+04
    0.12614E+00    0.19071E+04
    0.12869E+00    0.17973E+04
    0.13129E+00    0.16820E+04
    0.13394E+00    0.15672E+04
    0.13665E+00    0.14580E+04
    0.13941E+00    0.13589E+04
    0.14223E+00    0.12727E+04
    0.14510E+00    0.12011E+04
    0.14803E+00    0.11448E+04
    0.15102E+00    0.11034E+04
    0.15407E+00    0.10758E+04
    0.15718E+00    0.10593E+04
    0.16036E+00    0.10502E+04
    0.16360E+00    0.10440E+04
    0.16690E+00    0.10359E+04
    0.17028E+00    0.10219E+04
    0.17371E+00    0.99948E+03
    0.17722E+00    0.96716E+03
    0.18080E+00    0.92516E+03
    0.18446E+00    0.87526E+03
    0.18818E+00    0.82115E+03
    0.19198E+00    0.76670E+03
    0.19586E+00    0.71569E+03
    0.19982E+00    0.67156E+03
    0.20386E+00    0.63613E+03
    0.20797E+00    0.60990E+03
    0.21218E+00    0.59187E+03
    0.21646E+00    0.57958E+03
    0.22083E+00    0.56981E+03
    0.22530E+00    0.55942E+03
    0.22985E+00    0.54597E+03
    0.23449E+00    0.52781E+03
    0.23923E+00    0.50455E+03
    0.24406E+00    0.47757E+03
    0.24899E+00    0.44946E+03
    0.25402E+00    0.42283E+03
    0.25915E+00    0.39966E+03
    0.26439E+00    0.38105E+03
    0.26973E+00    0.36689E+03
    0.27518E+00    0.35593E+03
    0.28074E+00    0.34629E+03
    0.28641E+00    0.33603E+03
    0.29219E+00    0.32396E+03
    0.29810E+00    0.30984E+03
    0.30412E+00    0.29431E+03
    0.31026E+00    0.27868E+03
    0.31653E+00    0.26437E+03
    0.32292E+00    0.25214E+03
    0.32945E+00    0.24206E+03
    0.33610E+00    0.23338E+03
    0.34289E+00    0.22515E+03
    0.34982E+00    0.21655E+03
    0.35689E+00    0.20718E+03
    0.36409E+00    0.19738E+03
    0.37145E+00    0.18776E+03
    0.37895E+00    0.17893E+03
    0.38661E+00    0.17115E+03
    0.39442E+00    0.16421E+03
    0.40239E+00    0.15766E+03
    0.41052E+00    0.15110E+03
    0.41881E+00    0.14439E+03
    0.42727E+00    0.13771E+03
    0.43590E+00    0.13134E+03
    0.44471E+00    0.12548E+03
    0.45369E+00    0.12009E+03
    0.46286E+00    0.11498E+03
    0.47221E+00    0.10997E+03
    0.48174E+00    0.10500E+03
    0.49148E+00    0.10021E+03
    0.50141E+00    0.95711E+02
    0.51153E+00    0.91469E+02
    0.52187E+00    0.87424E+02
    0.53241E+00    0.83531E+02
    0.54317E+00    0.79767E+02
    0.55414E+00    0.76143E+02
    0.56533E+00    0.72696E+02
    0.57675E+00    0.69429E+02
    0.58840E+00    0.66308E+02
    0.60029E+00    0.63317E+02
    0.61242E+00    0.60451E+02
    0.62479E+00    0.57706E+02
    0.63741E+00    0.55077E+02
    0.65029E+00    0.52561E+02
    0.66342E+00    0.50155E+02
    0.67683E+00    0.47853E+02
    0.69050E+00    0.45653E+02
    0.70445E+00    0.43551E+02
    0.71868E+00    0.41543E+02
    0.73320E+00    0.39625E+02
    0.74801E+00    0.37794E+02
    0.76312E+00    0.36046E+02
    0.77854E+00    0.34377E+02
    0.79426E+00    0.32784E+02
    0.81031E+00    0.31262E+02
    0.82668E+00    0.29810E+02
    0.84338E+00    0.28423E+02
    0.86041E+00    0.27099E+02
    0.87780E+00    0.25835E+02
    0.89553E+00    0.24628E+02
    0.91362E+00    0.23475E+02
    0.93208E+00    0.22375E+02
    0.95091E+00    0.21325E+02
    0.97011E+00    0.20323E+02
    0.98971E+00    0.19367E+02
    0.10097E+01    0.18454E+02
    0.10301E+01    0.17583E+02
    0.10509E+01    0.16752E+02
    0.10721E+01    0.15960E+02
    0.10938E+01    0.15203E+02
    0.11159E+01    0.14482E+02
    0.11384E+01    0.13794E+02
    0.11614E+01    0.13138E+02
    0.11849E+01    0.12513E+02
    0.12088E+01    0.11916E+02
    0.12333E+01    0.11348E+02
    0.12582E+01    0.10806E+02
    0.12836E+01    0.10289E+02
    0.13095E+01    0.97963E+01
    0.13360E+01    0.93267E+01
    0.13630E+01    0.88792E+01
    0.13905E+01    0.84526E+01
    0.14186E+01    0.80462E+01
    0.14472E+01    0.76588E+01
    0.14765E+01    0.72897E+01
    0.15063E+01    0.69381E+01
    0.15367E+01    0.66030E+01
    0.15678E+01    0.62837E+01
    0.15994E+01    0.59795E+01
    0.16318E+01    0.56898E+01
    0.16647E+01    0.54137E+01
    0.16984E+01    0.51507E+01
    0.17327E+01    0.49002E+01
    0.17677E+01    0.46616E+01
    0.18034E+01    0.44344E+01
    0.18398E+01    0.42180E+01
    0.18770E+01    0.40119E+01
    0.19149E+01    0.38157E+01
    0.19536E+01    0.36290E+01
    0.19930E+01    0.34513E+01
    0.20333E+01    0.32821E+01
    0.20744E+01    0.31212E+01
    0.21163E+01    0.29682E+01
    0.21590E+01    0.28226E+01
    0.22026E+01    0.26841E+01
