    0.10000E-03    0.60620E+03
    0.10202E-03    0.61806E+03
    0.10408E-03    0.63015E+03
    0.10618E-03    0.64248E+03
    0.10833E-03    0.65505E+03
    0.11052E-03    0.66786E+03
    0.11275E-03    0.68093E+03
    0.11503E-03    0.69425E+03
    0.11735E-03    0.70783E+03
    0.11972E-03    0.72168E+03
    0.12214E-03    0.73580E+03
    0.12461E-03    0.75020E+03
    0.12712E-03    0.76487E+03
    0.12969E-03    0.77984E+03
    0.13231E-03    0.79510E+03
    0.13499E-03    0.81065E+03
    0.13771E-03    0.82652E+03
    0.14049E-03    0.84269E+03
    0.14333E-03    0.85918E+03
    0.14623E-03    0.87599E+03
    0.14918E-03    0.89313E+03
    0.15220E-03    0.91061E+03
    0.15527E-03    0.92843E+03
    0.15841E-03    0.94660E+03
    0.16161E-03    0.96513E+03
    0.16487E-03    0.98402E+03
    0.16820E-03    0.10033E+04
    0.17160E-03    0.10229E+04
    0.17507E-03    0.10429E+04
    0.17860E-03    0.10634E+04
    0.18221E-03    0.10842E+04
    0.18589E-03    0.11054E+04
    0.18965E-03    0.11270E+04
    0.19348E-03    0.11491E+04
    0.19739E-03    0.11716E+04
    0.20138E-03    0.11945E+04
    0.20544E-03    0.12179E+04
    0.20959E-03    0.12418E+04
    0.21383E-03    0.12661E+04
    0.21815E-03    0.12909E+04
    0.22255E-03    0.13162E+04
    0.22705E-03    0.13419E+04
    0.23164E-03    0.13682E+04
    0.23632E-03    0.13950E+04
    0.24109E-03    0.14223E+04
    0.24596E-03    0.14502E+04
    0.25093E-03    0.14786E+04
    0.25600E-03    0.15076E+04
    0.26117E-03    0.15371E+04
    0.26645E-03    0.15672E+04
    0.27183E-03    0.15980E+04
    0.27732E-03    0.16293E+04
    0.28292E-03    0.16612E+04
    0.28864E-03    0.16938E+04
    0.29447E-03    0.17270E+04
    0.30042E-03    0.17608E+04
    0.30649E-03    0.17953E+04
    0.31268E-03    0.18305E+04
    0.31899E-03    0.18664E+04
    0.32544E-03    0.19030E+04
    0.33201E-03    0.19403E+04
    0.33872E-03    0.19784E+04
    0.34556E-03    0.20172E+04
    0.35254E-03    0.20567E+04
    0.35966E-03    0.20970E+04
    0.36693E-03    0.21382E+04
    0.37434E-03    0.21801E+04
    0.38190E-03    0.22229E+04
    0.38962E-03    0.22665E+04
    0.39749E-03    0.23110E+04
    0.40552E-03    0.23563E+04
    0.41371E-03    0.24025E+04
    0.42207E-03    0.24497E+04
    0.43060E-03    0.24977E+04
    0.43929E-03    0.25467E+04
    0.44817E-03    0.25967E+04
    0.45722E-03    0.26477E+04
    0.46646E-03    0.26996E+04
    0.47588E-03    0.27526E+04
    0.48550E-03    0.28066E+04
    0.49530E-03    0.28617E+04
    0.50531E-03    0.29178E+04
    0.51552E-03    0.29750E+04
    0.52593E-03    0.30334E+04
    0.53656E-03    0.30929E+04
    0.54739E-03    0.31536E+04
    0.55845E-03    0.32154E+04
    0.56973E-03    0.32785E+04
    0.58124E-03    0.33427E+04
    0.59299E-03    0.34083E+04
    0.60496E-03    0.34751E+04
    0.61719E-03    0.35431E+04
    0.62965E-03    0.36125E+04
    0.64237E-03    0.36833E+04
    0.65535E-03    0.37554E+04
    0.66859E-03    0.38288E+04
    0.68210E-03    0.39037E+04
    0.69588E-03    0.39800E+04
    0.70993E-03    0.40578E+04
    0.72427E-03    0.41371E+04
    0.73891E-03    0.42178E+04
    0.75383E-03    0.43001E+04
    0.76906E-03    0.43839E+04
    0.78460E-03    0.44693E+04
    0.80045E-03    0.45563E+04
    0.81662E-03    0.46449E+04
    0.83311E-03    0.47352E+04
    0.84994E-03    0.48271E+04
    0.86711E-03    0.49207E+04
    0.88463E-03    0.50160E+04
    0.90250E-03    0.51131E+04
    0.92073E-03    0.52119E+04
    0.93933E-03    0.53125E+04
    0.95831E-03    0.54149E+04
    0.97767E-03    0.55191E+04
    0.99742E-03    0.56252E+04
    0.10176E-02    0.57331E+04
    0.10381E-02    0.58430E+04
    0.10591E-02    0.59547E+04
    0.10805E-02    0.60684E+04
    0.11023E-02    0.61840E+04
    0.11246E-02    0.63016E+04
    0.11473E-02    0.64212E+04
    0.11705E-02    0.65428E+04
    0.11941E-02    0.66664E+04
    0.12182E-02    0.67921E+04
    0.12429E-02    0.69199E+04
    0.12680E-02    0.70498E+04
    0.12936E-02    0.71817E+04
    0.13197E-02    0.73158E+04
    0.13464E-02    0.74521E+04
    0.13736E-02    0.75905E+04
    0.14013E-02    0.77311E+04
    0.14296E-02    0.78738E+04
    0.14585E-02    0.80188E+04
    0.14880E-02    0.81661E+04
    0.15180E-02    0.83155E+04
    0.15487E-02    0.84673E+04
    0.15800E-02    0.86213E+04
    0.16119E-02    0.87776E+04
    0.16445E-02    0.89362E+04
    0.16777E-02    0.90971E+04
    0.17116E-02    0.92604E+04
    0.17462E-02    0.94260E+04
    0.17814E-02    0.95939E+04
    0.18174E-02    0.97642E+04
    0.18541E-02    0.99368E+04
    0.18916E-02    0.10112E+05
    0.19298E-02    0.10289E+05
    0.19688E-02    0.10469E+05
    0.20086E-02    0.10651E+05
    0.20491E-02    0.10836E+05
    0.20905E-02    0.11023E+05
    0.21328E-02    0.11212E+05
    0.21758E-02    0.11404E+05
    0.22198E-02    0.11598E+05
    0.22646E-02    0.11794E+05
    0.23104E-02    0.11993E+05
    0.23571E-02    0.12194E+05
    0.24047E-02    0.12398E+05
    0.24533E-02    0.12604E+05
    0.25028E-02    0.12812E+05
    0.25534E-02    0.13023E+05
    0.26050E-02    0.13236E+05
    0.26576E-02    0.13451E+05
    0.27113E-02    0.13668E+05
    0.27660E-02    0.13888E+05
    0.28219E-02    0.14110E+05
    0.28789E-02    0.14334E+05
    0.29371E-02    0.14561E+05
    0.29964E-02    0.14789E+05
    0.30569E-02    0.15019E+05
    0.31187E-02    0.15252E+05
    0.31817E-02    0.15487E+05
    0.32460E-02    0.15723E+05
    0.33115E-02    0.15962E+05
    0.33784E-02    0.16202E+05
    0.34467E-02    0.16444E+05
    0.35163E-02    0.16688E+05
    0.35874E-02    0.16934E+05
    0.36598E-02    0.17182E+05
    0.37338E-02    0.17431E+05
    0.38092E-02    0.17681E+05
    0.38861E-02    0.17933E+05
    0.39646E-02    0.18187E+05
    0.40447E-02    0.18441E+05
    0.41264E-02    0.18697E+05
    0.42098E-02    0.18955E+05
    0.42948E-02    0.19213E+05
    0.43816E-02    0.19472E+05
    0.44701E-02    0.19732E+05
    0.45604E-02    0.19993E+05
    0.46525E-02    0.20254E+05
    0.47465E-02    0.20516E+05
    0.48424E-02    0.20779E+05
    0.49402E-02    0.21042E+05
    0.50400E-02    0.21305E+05
    0.51419E-02    0.21568E+05
    0.52457E-02    0.21831E+05
    0.53517E-02    0.22094E+05
    0.54598E-02    0.22357E+05
    0.55701E-02    0.22619E+05
    0.56826E-02    0.22881E+05
    0.57974E-02    0.23141E+05
    0.59145E-02    0.23401E+05
    0.60340E-02    0.23659E+05
    0.61559E-02    0.23916E+05
    0.62803E-02    0.24172E+05
    0.64072E-02    0.24426E+05
    0.65366E-02    0.24678E+05
    0.66686E-02    0.24928E+05
    0.68033E-02    0.25176E+05
    0.69408E-02    0.25421E+05
    0.70810E-02    0.25663E+05
    0.72240E-02    0.25903E+05
    0.73700E-02    0.26139E+05
    0.75189E-02    0.26373E+05
    0.76708E-02    0.26602E+05
    0.78257E-02    0.26828E+05
    0.79838E-02    0.27050E+05
    0.81451E-02    0.27268E+05
    0.83096E-02    0.27481E+05
    0.84775E-02    0.27689E+05
    0.86488E-02    0.27892E+05
    0.88235E-02    0.28090E+05
    0.90017E-02    0.28282E+05
    0.91836E-02    0.28469E+05
    0.93691E-02    0.28649E+05
    0.95583E-02    0.28823E+05
    0.97514E-02    0.28990E+05
    0.99484E-02    0.29150E+05
    0.10149E-01    0.29302E+05
    0.10354E-01    0.29447E+05
    0.10564E-01    0.29583E+05
    0.10777E-01    0.29712E+05
    0.10995E-01    0.29832E+05
    0.11217E-01    0.29943E+05
    0.11443E-01    0.30044E+05
    0.11675E-01    0.30136E+05
    0.11910E-01    0.30219E+05
    0.12151E-01    0.30291E+05
    0.12397E-01    0.30352E+05
    0.12647E-01    0.30403E+05
    0.12902E-01    0.30442E+05
    0.13163E-01    0.30470E+05
    0.13429E-01    0.30486E+05
    0.13700E-01    0.30490E+05
    0.13977E-01    0.30481E+05
    0.14259E-01    0.30460E+05
    0.14547E-01    0.30426E+05
    0.14841E-01    0.30379E+05
    0.15141E-01    0.30318E+05
    0.15447E-01    0.30243E+05
    0.15759E-01    0.30154E+05
    0.16077E-01    0.30052E+05
    0.16402E-01    0.29934E+05
    0.16734E-01    0.29803E+05
    0.17072E-01    0.29656E+05
    0.17416E-01    0.29495E+05
    0.17768E-01    0.29319E+05
    0.18127E-01    0.29128E+05
    0.18493E-01    0.28922E+05
    0.18867E-01    0.28701E+05
    0.19248E-01    0.28465E+05
    0.19637E-01    0.28215E+05
    0.20034E-01    0.27949E+05
    0.20438E-01    0.27669E+05
    0.20851E-01    0.27375E+05
    0.21272E-01    0.27066E+05
    0.21702E-01    0.26744E+05
    0.22141E-01    0.26409E+05
    0.22588E-01    0.26060E+05
    0.23044E-01    0.25699E+05
    0.23510E-01    0.25326E+05
    0.23985E-01    0.24942E+05
    0.24469E-01    0.24546E+05
    0.24964E-01    0.24141E+05
    0.25468E-01    0.23727E+05
    0.25982E-01    0.23304E+05
    0.26507E-01    0.22874E+05
    0.27043E-01    0.22437E+05
    0.27589E-01    0.21994E+05
    0.28146E-01    0.21546E+05
    0.28715E-01    0.21095E+05
    0.29295E-01    0.20642E+05
    0.29887E-01    0.20187E+05
    0.30490E-01    0.19732E+05
    0.31106E-01    0.19278E+05
    0.31735E-01    0.18826E+05
    0.32376E-01    0.18377E+05
    0.33030E-01    0.17933E+05
    0.33697E-01    0.17495E+05
    0.34378E-01    0.17063E+05
    0.35072E-01    0.16639E+05
    0.35781E-01    0.16225E+05
    0.36504E-01    0.15820E+05
    0.37241E-01    0.15428E+05
    0.37993E-01    0.15047E+05
    0.38761E-01    0.14679E+05
    0.39544E-01    0.14324E+05
    0.40343E-01    0.13983E+05
    0.41158E-01    0.13656E+05
    0.41989E-01    0.13343E+05
    0.42838E-01    0.13046E+05
    0.43703E-01    0.12766E+05
    0.44586E-01    0.12502E+05
    0.45486E-01    0.12255E+05
    0.46405E-01    0.12026E+05
    0.47343E-01    0.11811E+05
    0.48299E-01    0.11611E+05
    0.49275E-01    0.11424E+05
    0.50270E-01    0.11248E+05
    0.51286E-01    0.11083E+05
    0.52322E-01    0.10927E+05
    0.53379E-01    0.10780E+05
    0.54457E-01    0.10639E+05
    0.55557E-01    0.10503E+05
    0.56680E-01    0.10370E+05
    0.57825E-01    0.10238E+05
    0.58993E-01    0.10106E+05
    0.60184E-01    0.99702E+04
    0.61400E-01    0.98297E+04
    0.62641E-01    0.96823E+04
    0.63906E-01    0.95257E+04
    0.65197E-01    0.93581E+04
    0.66514E-01    0.91777E+04
    0.67858E-01    0.89834E+04
    0.69229E-01    0.87744E+04
    0.70627E-01    0.85503E+04
    0.72054E-01    0.83117E+04
    0.73510E-01    0.80596E+04
    0.74994E-01    0.77955E+04
    0.76509E-01    0.75214E+04
    0.78055E-01    0.72396E+04
    0.79632E-01    0.69528E+04
    0.81241E-01    0.66642E+04
    0.82882E-01    0.63769E+04
    0.84556E-01    0.60944E+04
    0.86264E-01    0.58200E+04
    0.88007E-01    0.55568E+04
    0.89785E-01    0.53083E+04
    0.91598E-01    0.50771E+04
    0.93449E-01    0.48656E+04
    0.95337E-01    0.46752E+04
    0.97263E-01    0.45072E+04
    0.99227E-01    0.43613E+04
    0.10123E+00    0.42367E+04
    0.10328E+00    0.41321E+04
    0.10536E+00    0.40448E+04
    0.10749E+00    0.39721E+04
    0.10966E+00    0.39103E+04
    0.11188E+00    0.38556E+04
    0.11414E+00    0.38038E+04
    0.11644E+00    0.37506E+04
    0.11880E+00    0.36917E+04
    0.12120E+00    0.36235E+04
    0.12365E+00    0.35432E+04
    0.12614E+00    0.34491E+04
    0.12869E+00    0.33408E+04
    0.13129E+00    0.32191E+04
    0.13394E+00    0.30857E+04
    0.13665E+00    0.29439E+04
    0.13941E+00    0.27973E+04
    0.14223E+00    0.26503E+04
    0.14510E+00    0.25077E+04
    0.14803E+00    0.23749E+04
    0.15102E+00    0.22557E+04
    0.15407E+00    0.21529E+04
    0.15718E+00    0.20671E+04
    0.16036E+00    0.19973E+04
    0.16360E+00    0.19417E+04
    0.16690E+00    0.18976E+04
    0.17028E+00    0.18616E+04
    0.17371E+00    0.18295E+04
    0.17722E+00    0.17968E+04
    0.18080E+00    0.17587E+04
    0.18446E+00    0.17119E+04
    0.18818E+00    0.16553E+04
    0.19198E+00    0.15894E+04
    0.19586E+00    0.15165E+04
    0.19982E+00    0.14403E+04
    0.20386E+00    0.13642E+04
    0.20797E+00    0.12918E+04
    0.21218E+00    0.12269E+04
    0.21646E+00    0.11718E+04
    0.22083E+00    0.11269E+04
    0.22530E+00    0.10910E+04
    0.22985E+00    0.10617E+04
    0.23449E+00    0.10358E+04
    0.23923E+00    0.10097E+04
    0.24406E+00    0.98035E+03
    0.24899E+00    0.94621E+03
    0.25402E+00    0.90742E+03
    0.25915E+00    0.86540E+03
    0.26439E+00    0.82250E+03
    0.26973E+00    0.78144E+03
    0.27518E+00    0.74462E+03
    0.28074E+00    0.71321E+03
    0.28641E+00    0.68692E+03
    0.29219E+00    0.66433E+03
    0.29810E+00    0.64349E+03
    0.30412E+00    0.62237E+03
    0.31026E+00    0.59950E+03
    0.31653E+00    0.57458E+03
    0.32292E+00    0.54857E+03
    0.32945E+00    0.52293E+03
    0.33610E+00    0.49897E+03
    0.34289E+00    0.47761E+03
    0.34982E+00    0.45888E+03
    0.35689E+00    0.44195E+03
    0.36409E+00    0.42571E+03
    0.37145E+00    0.40924E+03
    0.37895E+00    0.39218E+03
    0.38661E+00    0.37490E+03
    0.39442E+00    0.35810E+03
    0.40239E+00    0.34243E+03
    0.41052E+00    0.32813E+03
    0.41881E+00    0.31495E+03
    0.42727E+00    0.30239E+03
    0.43590E+00    0.28998E+03
    0.44471E+00    0.27758E+03
    0.45369E+00    0.26543E+03
    0.46286E+00    0.25381E+03
    0.47221E+00    0.24293E+03
    0.48174E+00    0.23274E+03
    0.49148E+00    0.22300E+03
    0.50141E+00    0.21353E+03
    0.51153E+00    0.20426E+03
    0.52187E+00    0.19533E+03
    0.53241E+00    0.18683E+03
    0.54317E+00    0.17879E+03
    0.55414E+00    0.17109E+03
    0.56533E+00    0.16367E+03
    0.57675E+00    0.15652E+03
    0.58840E+00    0.14964E+03
    0.60029E+00    0.14308E+03
    0.61242E+00    0.13682E+03
    0.62479E+00    0.13083E+03
    0.63741E+00    0.12508E+03
    0.65029E+00    0.11957E+03
    0.66342E+00    0.11428E+03
    0.67683E+00    0.10922E+03
    0.69050E+00    0.10437E+03
    0.70445E+00    0.99717E+02
    0.71868E+00    0.95266E+02
    0.73320E+00    0.91004E+02
    0.74801E+00    0.86925E+02
    0.76312E+00    0.83022E+02
    0.77854E+00    0.79289E+02
    0.79426E+00    0.75718E+02
    0.81031E+00    0.72303E+02
    0.82668E+00    0.69037E+02
    0.84338E+00    0.65913E+02
    0.86041E+00    0.62926E+02
    0.87780E+00    0.60070E+02
    0.89553E+00    0.57339E+02
    0.91362E+00    0.54728E+02
    0.93208E+00    0.52232E+02
    0.95091E+00    0.49846E+02
    0.97011E+00    0.47565E+02
    0.98971E+00    0.45384E+02
    0.10097E+01    0.43300E+02
    0.10301E+01    0.41309E+02
    0.10509E+01    0.39406E+02
    0.10721E+01    0.37588E+02
    0.10938E+01    0.35851E+02
    0.11159E+01    0.34191E+02
    0.11384E+01    0.32606E+02
    0.11614E+01    0.31093E+02
    0.11849E+01    0.29647E+02
    0.12088E+01    0.28267E+02
    0.12333E+01    0.26949E+02
    0.12582E+01    0.25690E+02
    0.12836E+01    0.24489E+02
    0.13095E+01    0.23343E+02
    0.13360E+01    0.22248E+02
    0.13630E+01    0.21204E+02
    0.13905E+01    0.20207E+02
    0.14186E+01    0.19256E+02
    0.14472E+01    0.18348E+02
    0.14765E+01    0.17483E+02
    0.15063E+01    0.16657E+02
    0.15367E+01    0.15869E+02
    0.15678E+01    0.15117E+02
    0.15994E+01    0.14400E+02
    0.16318E+01    0.13717E+02
    0.16647E+01    0.13064E+02
    0.16984E+01    0.12443E+02
    0.17327E+01    0.11849E+02
    0.17677E+01    0.11284E+02
    0.18034E+01    0.10744E+02
    0.18398E+01    0.10230E+02
    0.18770E+01    0.97399E+01
    0.19149E+01    0.92724E+01
    0.19536E+01    0.88267E+01
    0.19930E+01    0.84020E+01
    0.20333E+01    0.79973E+01
    0.20744E+01    0.76118E+01
    0.21163E+01    0.72445E+01
    0.21590E+01    0.68948E+01
    0.22026E+01    0.65617E+01
    0.22471E+01    0.62447E+01
    0.22925E+01    0.59428E+01
    0.23388E+01    0.56555E+01
