    0.10000E-03    0.25778E+03
    0.10202E-03    0.26282E+03
    0.10408E-03    0.26796E+03
    0.10618E-03    0.27320E+03
    0.10833E-03    0.27854E+03
    0.11052E-03    0.28399E+03
    0.11275E-03    0.28954E+03
    0.11503E-03    0.29520E+03
    0.11735E-03    0.30097E+03
    0.11972E-03    0.30686E+03
    0.12214E-03    0.31286E+03
    0.12461E-03    0.31897E+03
    0.12712E-03    0.32521E+03
    0.12969E-03    0.33157E+03
    0.13231E-03    0.33805E+03
    0.13499E-03    0.34466E+03
    0.13771E-03    0.35140E+03
    0.14049E-03    0.35826E+03
    0.14333E-03    0.36527E+03
    0.14623E-03    0.37241E+03
    0.14918E-03    0.37969E+03
    0.15220E-03    0.38711E+03
    0.15527E-03    0.39468E+03
    0.15841E-03    0.40239E+03
    0.16161E-03    0.41026E+03
    0.16487E-03    0.41828E+03
    0.16820E-03    0.42645E+03
    0.17160E-03    0.43479E+03
    0.17507E-03    0.44329E+03
    0.17860E-03    0.45195E+03
    0.18221E-03    0.46078E+03
    0.18589E-03    0.46979E+03
    0.18965E-03    0.47897E+03
    0.19348E-03    0.48833E+03
    0.19739E-03    0.49787E+03
    0.20138E-03    0.50760E+03
    0.20544E-03    0.51752E+03
    0.20959E-03    0.52764E+03
    0.21383E-03    0.53795E+03
    0.21815E-03    0.54846E+03
    0.22255E-03    0.55917E+03
    0.22705E-03    0.57010E+03
    0.23164E-03    0.58124E+03
    0.23632E-03    0.59259E+03
    0.24109E-03    0.60417E+03
    0.24596E-03    0.61598E+03
    0.25093E-03    0.62801E+03
    0.25600E-03    0.64028E+03
    0.26117E-03    0.65278E+03
    0.26645E-03    0.66554E+03
    0.27183E-03    0.67853E+03
    0.27732E-03    0.69179E+03
    0.28292E-03    0.70530E+03
    0.28864E-03    0.71907E+03
    0.29447E-03    0.73312E+03
    0.30042E-03    0.74743E+03
    0.30649E-03    0.76203E+03
    0.31268E-03    0.77690E+03
    0.31899E-03    0.79207E+03
    0.32544E-03    0.80754E+03
    0.33201E-03    0.82330E+03
    0.33872E-03    0.83937E+03
    0.34556E-03    0.85575E+03
    0.35254E-03    0.87246E+03
    0.35966E-03    0.88948E+03
    0.36693E-03    0.90684E+03
    0.37434E-03    0.92453E+03
    0.38190E-03    0.94257E+03
    0.38962E-03    0.96096E+03
    0.39749E-03    0.97971E+03
    0.40552E-03    0.99882E+03
    0.41371E-03    0.10183E+04
    0.42207E-03    0.10382E+04
    0.43060E-03    0.10584E+04
    0.43929E-03    0.10790E+04
    0.44817E-03    0.11001E+04
    0.45722E-03    0.11215E+04
    0.46646E-03    0.11434E+04
    0.47588E-03    0.11656E+04
    0.48550E-03    0.11884E+04
    0.49530E-03    0.12115E+04
    0.50531E-03    0.12351E+04
    0.51552E-03    0.12592E+04
    0.52593E-03    0.12837E+04
    0.53656E-03    0.13087E+04
    0.54739E-03    0.13341E+04
    0.55845E-03    0.13601E+04
    0.56973E-03    0.13866E+04
    0.58124E-03    0.14135E+04
    0.59299E-03    0.14410E+04
    0.60496E-03    0.14690E+04
    0.61719E-03    0.14976E+04
    0.62965E-03    0.15267E+04
    0.64237E-03    0.15564E+04
    0.65535E-03    0.15866E+04
    0.66859E-03    0.16174E+04
    0.68210E-03    0.16488E+04
    0.69588E-03    0.16808E+04
    0.70993E-03    0.17134E+04
    0.72427E-03    0.17466E+04
    0.73891E-03    0.17805E+04
    0.75383E-03    0.18150E+04
    0.76906E-03    0.18502E+04
    0.78460E-03    0.18860E+04
    0.80045E-03    0.19225E+04
    0.81662E-03    0.19597E+04
    0.83311E-03    0.19976E+04
    0.84994E-03    0.20363E+04
    0.86711E-03    0.20756E+04
    0.88463E-03    0.21157E+04
    0.90250E-03    0.21566E+04
    0.92073E-03    0.21982E+04
    0.93933E-03    0.22406E+04
    0.95831E-03    0.22838E+04
    0.97767E-03    0.23278E+04
    0.99742E-03    0.23726E+04
    0.10176E-02    0.24182E+04
    0.10381E-02    0.24647E+04
    0.10591E-02    0.25121E+04
    0.10805E-02    0.25603E+04
    0.11023E-02    0.26094E+04
    0.11246E-02    0.26595E+04
    0.11473E-02    0.27104E+04
    0.11705E-02    0.27623E+04
    0.11941E-02    0.28151E+04
    0.12182E-02    0.28689E+04
    0.12429E-02    0.29237E+04
    0.12680E-02    0.29794E+04
    0.12936E-02    0.30362E+04
    0.13197E-02    0.30940E+04
    0.13464E-02    0.31528E+04
    0.13736E-02    0.32127E+04
    0.14013E-02    0.32736E+04
    0.14296E-02    0.33357E+04
    0.14585E-02    0.33988E+04
    0.14880E-02    0.34630E+04
    0.15180E-02    0.35284E+04
    0.15487E-02    0.35949E+04
    0.15800E-02    0.36626E+04
    0.16119E-02    0.37315E+04
    0.16445E-02    0.38016E+04
    0.16777E-02    0.38729E+04
    0.17116E-02    0.39454E+04
    0.17462E-02    0.40191E+04
    0.17814E-02    0.40941E+04
    0.18174E-02    0.41704E+04
    0.18541E-02    0.42480E+04
    0.18916E-02    0.43269E+04
    0.19298E-02    0.44071E+04
    0.19688E-02    0.44887E+04
    0.20086E-02    0.45716E+04
    0.20491E-02    0.46559E+04
    0.20905E-02    0.47415E+04
    0.21328E-02    0.48286E+04
    0.21758E-02    0.49171E+04
    0.22198E-02    0.50070E+04
    0.22646E-02    0.50984E+04
    0.23104E-02    0.51912E+04
    0.23571E-02    0.52855E+04
    0.24047E-02    0.53813E+04
    0.24533E-02    0.54786E+04
    0.25028E-02    0.55774E+04
    0.25534E-02    0.56777E+04
    0.26050E-02    0.57796E+04
    0.26576E-02    0.58831E+04
    0.27113E-02    0.59881E+04
    0.27660E-02    0.60947E+04
    0.28219E-02    0.62029E+04
    0.28789E-02    0.63127E+04
    0.29371E-02    0.64241E+04
    0.29964E-02    0.65371E+04
    0.30569E-02    0.66517E+04
    0.31187E-02    0.67680E+04
    0.31817E-02    0.68860E+04
    0.32460E-02    0.70056E+04
    0.33115E-02    0.71268E+04
    0.33784E-02    0.72498E+04
    0.34467E-02    0.73744E+04
    0.35163E-02    0.75006E+04
    0.35874E-02    0.76286E+04
    0.36598E-02    0.77582E+04
    0.37338E-02    0.78895E+04
    0.38092E-02    0.80225E+04
    0.38861E-02    0.81572E+04
    0.39646E-02    0.82936E+04
    0.40447E-02    0.84316E+04
    0.41264E-02    0.85714E+04
    0.42098E-02    0.87127E+04
    0.42948E-02    0.88558E+04
    0.43816E-02    0.90005E+04
    0.44701E-02    0.91469E+04
    0.45604E-02    0.92948E+04
    0.46525E-02    0.94444E+04
    0.47465E-02    0.95957E+04
    0.48424E-02    0.97485E+04
    0.49402E-02    0.99029E+04
    0.50400E-02    0.10059E+05
    0.51419E-02    0.10216E+05
    0.52457E-02    0.10375E+05
    0.53517E-02    0.10536E+05
    0.54598E-02    0.10698E+05
    0.55701E-02    0.10861E+05
    0.56826E-02    0.11026E+05
    0.57974E-02    0.11192E+05
    0.59145E-02    0.11359E+05
    0.60340E-02    0.11528E+05
    0.61559E-02    0.11698E+05
    0.62803E-02    0.11869E+05
    0.64072E-02    0.12042E+05
    0.65366E-02    0.12215E+05
    0.66686E-02    0.12390E+05
    0.68033E-02    0.12566E+05
    0.69408E-02    0.12742E+05
    0.70810E-02    0.12920E+05
    0.72240E-02    0.13098E+05
    0.73700E-02    0.13277E+05
    0.75189E-02    0.13457E+05
    0.76708E-02    0.13637E+05
    0.78257E-02    0.13818E+05
    0.79838E-02    0.13999E+05
    0.81451E-02    0.14181E+05
    0.83096E-02    0.14363E+05
    0.84775E-02    0.14545E+05
    0.86488E-02    0.14727E+05
    0.88235E-02    0.14909E+05
    0.90017E-02    0.15091E+05
    0.91836E-02    0.15273E+05
    0.93691E-02    0.15455E+05
    0.95583E-02    0.15636E+05
    0.97514E-02    0.15816E+05
    0.99484E-02    0.15996E+05
    0.10149E-01    0.16175E+05
    0.10354E-01    0.16353E+05
    0.10564E-01    0.16530E+05
    0.10777E-01    0.16706E+05
    0.10995E-01    0.16881E+05
    0.11217E-01    0.17053E+05
    0.11443E-01    0.17225E+05
    0.11675E-01    0.17394E+05
    0.11910E-01    0.17561E+05
    0.12151E-01    0.17726E+05
    0.12397E-01    0.17889E+05
    0.12647E-01    0.18049E+05
    0.12902E-01    0.18207E+05
    0.13163E-01    0.18362E+05
    0.13429E-01    0.18513E+05
    0.13700E-01    0.18661E+05
    0.13977E-01    0.18806E+05
    0.14259E-01    0.18947E+05
    0.14547E-01    0.19084E+05
    0.14841E-01    0.19217E+05
    0.15141E-01    0.19346E+05
    0.15447E-01    0.19470E+05
    0.15759E-01    0.19589E+05
    0.16077E-01    0.19703E+05
    0.16402E-01    0.19813E+05
    0.16734E-01    0.19916E+05
    0.17072E-01    0.20014E+05
    0.17416E-01    0.20106E+05
    0.17768E-01    0.20192E+05
    0.18127E-01    0.20272E+05
    0.18493E-01    0.20345E+05
    0.18867E-01    0.20411E+05
    0.19248E-01    0.20471E+05
    0.19637E-01    0.20523E+05
    0.20034E-01    0.20568E+05
    0.20438E-01    0.20605E+05
    0.20851E-01    0.20634E+05
    0.21272E-01    0.20656E+05
    0.21702E-01    0.20669E+05
    0.22141E-01    0.20674E+05
    0.22588E-01    0.20670E+05
    0.23044E-01    0.20658E+05
    0.23510E-01    0.20638E+05
    0.23985E-01    0.20608E+05
    0.24469E-01    0.20570E+05
    0.24964E-01    0.20523E+05
    0.25468E-01    0.20467E+05
    0.25982E-01    0.20402E+05
    0.26507E-01    0.20328E+05
    0.27043E-01    0.20245E+05
    0.27589E-01    0.20153E+05
    0.28146E-01    0.20053E+05
    0.28715E-01    0.19943E+05
    0.29295E-01    0.19826E+05
    0.29887E-01    0.19700E+05
    0.30490E-01    0.19565E+05
    0.31106E-01    0.19423E+05
    0.31735E-01    0.19274E+05
    0.32376E-01    0.19117E+05
    0.33030E-01    0.18953E+05
    0.33697E-01    0.18783E+05
    0.34378E-01    0.18606E+05
    0.35072E-01    0.18424E+05
    0.35781E-01    0.18237E+05
    0.36504E-01    0.18044E+05
    0.37241E-01    0.17848E+05
    0.37993E-01    0.17648E+05
    0.38761E-01    0.17445E+05
    0.39544E-01    0.17239E+05
    0.40343E-01    0.17032E+05
    0.41158E-01    0.16823E+05
    0.41989E-01    0.16613E+05
    0.42838E-01    0.16402E+05
    0.43703E-01    0.16192E+05
    0.44586E-01    0.15982E+05
    0.45486E-01    0.15774E+05
    0.46405E-01    0.15567E+05
    0.47343E-01    0.15364E+05
    0.48299E-01    0.15163E+05
    0.49275E-01    0.14966E+05
    0.50270E-01    0.14772E+05
    0.51286E-01    0.14583E+05
    0.52322E-01    0.14399E+05
    0.53379E-01    0.14220E+05
    0.54457E-01    0.14045E+05
    0.55557E-01    0.13875E+05
    0.56680E-01    0.13708E+05
    0.57825E-01    0.13545E+05
    0.58993E-01    0.13386E+05
    0.60184E-01    0.13228E+05
    0.61400E-01    0.13073E+05
    0.62641E-01    0.12919E+05
    0.63906E-01    0.12766E+05
    0.65197E-01    0.12613E+05
    0.66514E-01    0.12458E+05
    0.67858E-01    0.12303E+05
    0.69229E-01    0.12144E+05
    0.70627E-01    0.11983E+05
    0.72054E-01    0.11817E+05
    0.73510E-01    0.11647E+05
    0.74994E-01    0.11470E+05
    0.76509E-01    0.11287E+05
    0.78055E-01    0.11097E+05
    0.79632E-01    0.10899E+05
    0.81241E-01    0.10693E+05
    0.82882E-01    0.10478E+05
    0.84556E-01    0.10256E+05
    0.86264E-01    0.10027E+05
    0.88007E-01    0.97913E+04
    0.89785E-01    0.95512E+04
    0.91598E-01    0.93076E+04
    0.93449E-01    0.90621E+04
    0.95337E-01    0.88161E+04
    0.97263E-01    0.85715E+04
    0.99227E-01    0.83303E+04
    0.10123E+00    0.80941E+04
    0.10328E+00    0.78647E+04
    0.10536E+00    0.76438E+04
    0.10749E+00    0.74327E+04
    0.10966E+00    0.72326E+04
    0.11188E+00    0.70447E+04
    0.11414E+00    0.68694E+04
    0.11644E+00    0.67069E+04
    0.11880E+00    0.65569E+04
    0.12120E+00    0.64182E+04
    0.12365E+00    0.62893E+04
    0.12614E+00    0.61680E+04
    0.12869E+00    0.60518E+04
    0.13129E+00    0.59379E+04
    0.13394E+00    0.58236E+04
    0.13665E+00    0.57063E+04
    0.13941E+00    0.55842E+04
    0.14223E+00    0.54555E+04
    0.14510E+00    0.53194E+04
    0.14803E+00    0.51758E+04
    0.15102E+00    0.50253E+04
    0.15407E+00    0.48691E+04
    0.15718E+00    0.47092E+04
    0.16036E+00    0.45478E+04
    0.16360E+00    0.43875E+04
    0.16690E+00    0.42310E+04
    0.17028E+00    0.40806E+04
    0.17371E+00    0.39387E+04
    0.17722E+00    0.38072E+04
    0.18080E+00    0.36871E+04
    0.18446E+00    0.35790E+04
    0.18818E+00    0.34817E+04
    0.19198E+00    0.33935E+04
    0.19586E+00    0.33115E+04
    0.19982E+00    0.32324E+04
    0.20386E+00    0.31532E+04
    0.20797E+00    0.30716E+04
    0.21218E+00    0.29857E+04
    0.21646E+00    0.28948E+04
    0.22083E+00    0.27987E+04
    0.22530E+00    0.26990E+04
    0.22985E+00    0.25977E+04
    0.23449E+00    0.24980E+04
    0.23923E+00    0.24034E+04
    0.24406E+00    0.23143E+04
    0.24899E+00    0.22323E+04
    0.25402E+00    0.21581E+04
    0.25915E+00    0.20910E+04
    0.26439E+00    0.20294E+04
    0.26973E+00    0.19710E+04
    0.27518E+00    0.19134E+04
    0.28074E+00    0.18544E+04
    0.28641E+00    0.17929E+04
    0.29219E+00    0.17291E+04
    0.29810E+00    0.16638E+04
    0.30412E+00    0.15991E+04
    0.31026E+00    0.15370E+04
    0.31653E+00    0.14788E+04
    0.32292E+00    0.14253E+04
    0.32945E+00    0.13761E+04
    0.33610E+00    0.13304E+04
    0.34289E+00    0.12867E+04
    0.34982E+00    0.12434E+04
    0.35689E+00    0.11995E+04
    0.36409E+00    0.11550E+04
    0.37145E+00    0.11105E+04
    0.37895E+00    0.10671E+04
    0.38661E+00    0.10258E+04
    0.39442E+00    0.98713E+03
    0.40239E+00    0.95105E+03
    0.41052E+00    0.91691E+03
    0.41881E+00    0.88385E+03
    0.42727E+00    0.85119E+03
    0.43590E+00    0.81871E+03
    0.44471E+00    0.78671E+03
    0.45369E+00    0.75576E+03
    0.46286E+00    0.72631E+03
    0.47221E+00    0.69843E+03
    0.48174E+00    0.67191E+03
    0.49148E+00    0.64636E+03
    0.50141E+00    0.62141E+03
    0.51153E+00    0.59697E+03
    0.52187E+00    0.57324E+03
    0.53241E+00    0.55046E+03
    0.54317E+00    0.52869E+03
    0.55414E+00    0.50789E+03
    0.56533E+00    0.48787E+03
    0.57675E+00    0.46845E+03
    0.58840E+00    0.44962E+03
    0.60029E+00    0.43147E+03
    0.61242E+00    0.41405E+03
    0.62479E+00    0.39734E+03
    0.63741E+00    0.38130E+03
    0.65029E+00    0.36580E+03
    0.66342E+00    0.35086E+03
    0.67683E+00    0.33647E+03
    0.69050E+00    0.32266E+03
    0.70445E+00    0.30940E+03
    0.71868E+00    0.29664E+03
    0.73320E+00    0.28437E+03
    0.74801E+00    0.27257E+03
    0.76312E+00    0.26122E+03
    0.77854E+00    0.25032E+03
    0.79426E+00    0.23984E+03
    0.81031E+00    0.22977E+03
    0.82668E+00    0.22009E+03
    0.84338E+00    0.21080E+03
    0.86041E+00    0.20188E+03
    0.87780E+00    0.19331E+03
    0.89553E+00    0.18509E+03
    0.91362E+00    0.17720E+03
    0.93208E+00    0.16963E+03
    0.95091E+00    0.16236E+03
    0.97011E+00    0.15539E+03
    0.98971E+00    0.14871E+03
    0.10097E+01    0.14229E+03
    0.10301E+01    0.13614E+03
    0.10509E+01    0.13024E+03
    0.10721E+01    0.12459E+03
    0.10938E+01    0.11916E+03
    0.11159E+01    0.11396E+03
    0.11384E+01    0.10898E+03
    0.11614E+01    0.10421E+03
    0.11849E+01    0.99629E+02
    0.12088E+01    0.95245E+02
    0.12333E+01    0.91045E+02
    0.12582E+01    0.87022E+02
    0.12836E+01    0.83169E+02
    0.13095E+01    0.79479E+02
    0.13360E+01    0.75947E+02
    0.13630E+01    0.72565E+02
    0.13905E+01    0.69328E+02
    0.14186E+01    0.66230E+02
    0.14472E+01    0.63265E+02
    0.14765E+01    0.60427E+02
    0.15063E+01    0.57711E+02
    0.15367E+01    0.55113E+02
    0.15678E+01    0.52626E+02
    0.15994E+01    0.50247E+02
    0.16318E+01    0.47971E+02
    0.16647E+01    0.45794E+02
    0.16984E+01    0.43711E+02
    0.17327E+01    0.41719E+02
    0.17677E+01    0.39814E+02
    0.18034E+01    0.37992E+02
    0.18398E+01    0.36251E+02
    0.18770E+01    0.34587E+02
    0.19149E+01    0.32998E+02
    0.19536E+01    0.31480E+02
    0.19930E+01    0.30031E+02
    0.20333E+01    0.28647E+02
    0.20744E+01    0.27326E+02
    0.21163E+01    0.26066E+02
