    0.10000E-03    0.12538E+04
    0.10202E-03    0.12783E+04
    0.10408E-03    0.13032E+04
    0.10618E-03    0.13287E+04
    0.10833E-03    0.13546E+04
    0.11052E-03    0.13811E+04
    0.11275E-03    0.14081E+04
    0.11503E-03    0.14356E+04
    0.11735E-03    0.14636E+04
    0.11972E-03    0.14922E+04
    0.12214E-03    0.15214E+04
    0.12461E-03    0.15511E+04
    0.12712E-03    0.15813E+04
    0.12969E-03    0.16122E+04
    0.13231E-03    0.16437E+04
    0.13499E-03    0.16758E+04
    0.13771E-03    0.17085E+04
    0.14049E-03    0.17419E+04
    0.14333E-03    0.17759E+04
    0.14623E-03    0.18105E+04
    0.14918E-03    0.18459E+04
    0.15220E-03    0.18819E+04
    0.15527E-03    0.19186E+04
    0.15841E-03    0.19560E+04
    0.16161E-03    0.19942E+04
    0.16487E-03    0.20331E+04
    0.16820E-03    0.20728E+04
    0.17160E-03    0.21132E+04
    0.17507E-03    0.21544E+04
    0.17860E-03    0.21964E+04
    0.18221E-03    0.22392E+04
    0.18589E-03    0.22829E+04
    0.18965E-03    0.23274E+04
    0.19348E-03    0.23727E+04
    0.19739E-03    0.24190E+04
    0.20138E-03    0.24661E+04
    0.20544E-03    0.25142E+04
    0.20959E-03    0.25631E+04
    0.21383E-03    0.26131E+04
    0.21815E-03    0.26639E+04
    0.22255E-03    0.27158E+04
    0.22705E-03    0.27687E+04
    0.23164E-03    0.28226E+04
    0.23632E-03    0.28775E+04
    0.24109E-03    0.29335E+04
    0.24596E-03    0.29905E+04
    0.25093E-03    0.30487E+04
    0.25600E-03    0.31080E+04
    0.26117E-03    0.31684E+04
    0.26645E-03    0.32300E+04
    0.27183E-03    0.32927E+04
    0.27732E-03    0.33567E+04
    0.28292E-03    0.34218E+04
    0.28864E-03    0.34883E+04
    0.29447E-03    0.35560E+04
    0.30042E-03    0.36250E+04
    0.30649E-03    0.36953E+04
    0.31268E-03    0.37669E+04
    0.31899E-03    0.38399E+04
    0.32544E-03    0.39143E+04
    0.33201E-03    0.39901E+04
    0.33872E-03    0.40674E+04
    0.34556E-03    0.41461E+04
    0.35254E-03    0.42263E+04
    0.35966E-03    0.43080E+04
    0.36693E-03    0.43913E+04
    0.37434E-03    0.44761E+04
    0.38190E-03    0.45625E+04
    0.38962E-03    0.46506E+04
    0.39749E-03    0.47403E+04
    0.40552E-03    0.48317E+04
    0.41371E-03    0.49248E+04
    0.42207E-03    0.50196E+04
    0.43060E-03    0.51162E+04
    0.43929E-03    0.52146E+04
    0.44817E-03    0.53148E+04
    0.45722E-03    0.54168E+04
    0.46646E-03    0.55208E+04
    0.47588E-03    0.56267E+04
    0.48550E-03    0.57345E+04
    0.49530E-03    0.58442E+04
    0.50531E-03    0.59560E+04
    0.51552E-03    0.60699E+04
    0.52593E-03    0.61858E+04
    0.53656E-03    0.63038E+04
    0.54739E-03    0.64239E+04
    0.55845E-03    0.65462E+04
    0.56973E-03    0.66707E+04
    0.58124E-03    0.67974E+04
    0.59299E-03    0.69264E+04
    0.60496E-03    0.70577E+04
    0.61719E-03    0.71912E+04
    0.62965E-03    0.73272E+04
    0.64237E-03    0.74655E+04
    0.65535E-03    0.76062E+04
    0.66859E-03    0.77494E+04
    0.68210E-03    0.78951E+04
    0.69588E-03    0.80433E+04
    0.70993E-03    0.81940E+04
    0.72427E-03    0.83472E+04
    0.73891E-03    0.85031E+04
    0.75383E-03    0.86616E+04
    0.76906E-03    0.88227E+04
    0.78460E-03    0.89866E+04
    0.80045E-03    0.91531E+04
    0.81662E-03    0.93224E+04
    0.83311E-03    0.94944E+04
    0.84994E-03    0.96693E+04
    0.86711E-03    0.98469E+04
    0.88463E-03    0.10027E+05
    0.90250E-03    0.10211E+05
    0.92073E-03    0.10397E+05
    0.93933E-03    0.10586E+05
    0.95831E-03    0.10778E+05
    0.97767E-03    0.10973E+05
    0.99742E-03    0.11171E+05
    0.10176E-02    0.11372E+05
    0.10381E-02    0.11576E+05
    0.10591E-02    0.11783E+05
    0.10805E-02    0.11993E+05
    0.11023E-02    0.12206E+05
    0.11246E-02    0.12422E+05
    0.11473E-02    0.12641E+05
    0.11705E-02    0.12864E+05
    0.11941E-02    0.13089E+05
    0.12182E-02    0.13318E+05
    0.12429E-02    0.13549E+05
    0.12680E-02    0.13784E+05
    0.12936E-02    0.14022E+05
    0.13197E-02    0.14263E+05
    0.13464E-02    0.14507E+05
    0.13736E-02    0.14754E+05
    0.14013E-02    0.15004E+05
    0.14296E-02    0.15257E+05
    0.14585E-02    0.15514E+05
    0.14880E-02    0.15773E+05
    0.15180E-02    0.16036E+05
    0.15487E-02    0.16301E+05
    0.15800E-02    0.16570E+05
    0.16119E-02    0.16841E+05
    0.16445E-02    0.17116E+05
    0.16777E-02    0.17394E+05
    0.17116E-02    0.17674E+05
    0.17462E-02    0.17957E+05
    0.17814E-02    0.18244E+05
    0.18174E-02    0.18533E+05
    0.18541E-02    0.18824E+05
    0.18916E-02    0.19119E+05
    0.19298E-02    0.19416E+05
    0.19688E-02    0.19716E+05
    0.20086E-02    0.20019E+05
    0.20491E-02    0.20323E+05
    0.20905E-02    0.20631E+05
    0.21328E-02    0.20941E+05
    0.21758E-02    0.21253E+05
    0.22198E-02    0.21567E+05
    0.22646E-02    0.21884E+05
    0.23104E-02    0.22203E+05
    0.23571E-02    0.22523E+05
    0.24047E-02    0.22846E+05
    0.24533E-02    0.23171E+05
    0.25028E-02    0.23497E+05
    0.25534E-02    0.23825E+05
    0.26050E-02    0.24154E+05
    0.26576E-02    0.24485E+05
    0.27113E-02    0.24818E+05
    0.27660E-02    0.25151E+05
    0.28219E-02    0.25486E+05
    0.28789E-02    0.25821E+05
    0.29371E-02    0.26158E+05
    0.29964E-02    0.26495E+05
    0.30569E-02    0.26832E+05
    0.31187E-02    0.27171E+05
    0.31817E-02    0.27509E+05
    0.32460E-02    0.27847E+05
    0.33115E-02    0.28186E+05
    0.33784E-02    0.28524E+05
    0.34467E-02    0.28862E+05
    0.35163E-02    0.29199E+05
    0.35874E-02    0.29536E+05
    0.36598E-02    0.29872E+05
    0.37338E-02    0.30207E+05
    0.38092E-02    0.30540E+05
    0.38861E-02    0.30872E+05
    0.39646E-02    0.31202E+05
    0.40447E-02    0.31531E+05
    0.41264E-02    0.31857E+05
    0.42098E-02    0.32181E+05
    0.42948E-02    0.32502E+05
    0.43816E-02    0.32821E+05
    0.44701E-02    0.33137E+05
    0.45604E-02    0.33449E+05
    0.46525E-02    0.33758E+05
    0.47465E-02    0.34064E+05
    0.48424E-02    0.34366E+05
    0.49402E-02    0.34663E+05
    0.50400E-02    0.34956E+05
    0.51419E-02    0.35244E+05
    0.52457E-02    0.35527E+05
    0.53517E-02    0.35804E+05
    0.54598E-02    0.36075E+05
    0.55701E-02    0.36340E+05
    0.56826E-02    0.36598E+05
    0.57974E-02    0.36850E+05
    0.59145E-02    0.37095E+05
    0.60340E-02    0.37333E+05
    0.61559E-02    0.37563E+05
    0.62803E-02    0.37786E+05
    0.64072E-02    0.38000E+05
    0.65366E-02    0.38207E+05
    0.66686E-02    0.38404E+05
    0.68033E-02    0.38593E+05
    0.69408E-02    0.38772E+05
    0.70810E-02    0.38941E+05
    0.72240E-02    0.39101E+05
    0.73700E-02    0.39249E+05
    0.75189E-02    0.39387E+05
    0.76708E-02    0.39514E+05
    0.78257E-02    0.39629E+05
    0.79838E-02    0.39733E+05
    0.81451E-02    0.39824E+05
    0.83096E-02    0.39902E+05
    0.84775E-02    0.39967E+05
    0.86488E-02    0.40019E+05
    0.88235E-02    0.40057E+05
    0.90017E-02    0.40081E+05
    0.91836E-02    0.40091E+05
    0.93691E-02    0.40086E+05
    0.95583E-02    0.40066E+05
    0.97514E-02    0.40031E+05
    0.99484E-02    0.39980E+05
    0.10149E-01    0.39913E+05
    0.10354E-01    0.39829E+05
    0.10564E-01    0.39728E+05
    0.10777E-01    0.39610E+05
    0.10995E-01    0.39475E+05
    0.11217E-01    0.39322E+05
    0.11443E-01    0.39151E+05
    0.11675E-01    0.38962E+05
    0.11910E-01    0.38755E+05
    0.12151E-01    0.38529E+05
    0.12397E-01    0.38283E+05
    0.12647E-01    0.38019E+05
    0.12902E-01    0.37735E+05
    0.13163E-01    0.37432E+05
    0.13429E-01    0.37110E+05
    0.13700E-01    0.36768E+05
    0.13977E-01    0.36406E+05
    0.14259E-01    0.36025E+05
    0.14547E-01    0.35624E+05
    0.14841E-01    0.35203E+05
    0.15141E-01    0.34763E+05
    0.15447E-01    0.34304E+05
    0.15759E-01    0.33827E+05
    0.16077E-01    0.33330E+05
    0.16402E-01    0.32815E+05
    0.16734E-01    0.32283E+05
    0.17072E-01    0.31732E+05
    0.17416E-01    0.31165E+05
    0.17768E-01    0.30582E+05
    0.18127E-01    0.29983E+05
    0.18493E-01    0.29370E+05
    0.18867E-01    0.28742E+05
    0.19248E-01    0.28101E+05
    0.19637E-01    0.27448E+05
    0.20034E-01    0.26784E+05
    0.20438E-01    0.26110E+05
    0.20851E-01    0.25427E+05
    0.21272E-01    0.24737E+05
    0.21702E-01    0.24040E+05
    0.22141E-01    0.23339E+05
    0.22588E-01    0.22635E+05
    0.23044E-01    0.21929E+05
    0.23510E-01    0.21222E+05
    0.23985E-01    0.20517E+05
    0.24469E-01    0.19816E+05
    0.24964E-01    0.19119E+05
    0.25468E-01    0.18428E+05
    0.25982E-01    0.17746E+05
    0.26507E-01    0.17073E+05
    0.27043E-01    0.16412E+05
    0.27589E-01    0.15764E+05
    0.28146E-01    0.15131E+05
    0.28715E-01    0.14513E+05
    0.29295E-01    0.13914E+05
    0.29887E-01    0.13334E+05
    0.30490E-01    0.12774E+05
    0.31106E-01    0.12236E+05
    0.31735E-01    0.11720E+05
    0.32376E-01    0.11229E+05
    0.33030E-01    0.10762E+05
    0.33697E-01    0.10321E+05
    0.34378E-01    0.99054E+04
    0.35072E-01    0.95156E+04
    0.35781E-01    0.91516E+04
    0.36504E-01    0.88133E+04
    0.37241E-01    0.85004E+04
    0.37993E-01    0.82129E+04
    0.38761E-01    0.79507E+04
    0.39544E-01    0.77141E+04
    0.40343E-01    0.75031E+04
    0.41158E-01    0.73177E+04
    0.41989E-01    0.71570E+04
    0.42838E-01    0.70184E+04
    0.43703E-01    0.68998E+04
    0.44586E-01    0.67994E+04
    0.45486E-01    0.67153E+04
    0.46405E-01    0.66462E+04
    0.47343E-01    0.65905E+04
    0.48299E-01    0.65471E+04
    0.49275E-01    0.65144E+04
    0.50270E-01    0.64894E+04
    0.51286E-01    0.64692E+04
    0.52322E-01    0.64508E+04
    0.53379E-01    0.64309E+04
    0.54457E-01    0.64059E+04
    0.55557E-01    0.63722E+04
    0.56680E-01    0.63264E+04
    0.57825E-01    0.62653E+04
    0.58993E-01    0.61858E+04
    0.60184E-01    0.60855E+04
    0.61400E-01    0.59628E+04
    0.62641E-01    0.58169E+04
    0.63906E-01    0.56476E+04
    0.65197E-01    0.54560E+04
    0.66514E-01    0.52440E+04
    0.67858E-01    0.50138E+04
    0.69229E-01    0.47686E+04
    0.70627E-01    0.45117E+04
    0.72054E-01    0.42468E+04
    0.73510E-01    0.39786E+04
    0.74994E-01    0.37111E+04
    0.76509E-01    0.34494E+04
    0.78055E-01    0.31987E+04
    0.79632E-01    0.29633E+04
    0.81241E-01    0.27477E+04
    0.82882E-01    0.25552E+04
    0.84556E-01    0.23877E+04
    0.86264E-01    0.22460E+04
    0.88007E-01    0.21304E+04
    0.89785E-01    0.20400E+04
    0.91598E-01    0.19732E+04
    0.93449E-01    0.19284E+04
    0.95337E-01    0.19029E+04
    0.97263E-01    0.18938E+04
    0.99227E-01    0.18976E+04
    0.10123E+00    0.19100E+04
    0.10328E+00    0.19263E+04
    0.10536E+00    0.19416E+04
    0.10749E+00    0.19505E+04
    0.10966E+00    0.19486E+04
    0.11188E+00    0.19319E+04
    0.11414E+00    0.18969E+04
    0.11644E+00    0.18415E+04
    0.11880E+00    0.17657E+04
    0.12120E+00    0.16712E+04
    0.12365E+00    0.15630E+04
    0.12614E+00    0.14471E+04
    0.12869E+00    0.13303E+04
    0.13129E+00    0.12186E+04
    0.13394E+00    0.11170E+04
    0.13665E+00    0.10288E+04
    0.13941E+00    0.95655E+03
    0.14223E+00    0.90135E+03
    0.14510E+00    0.86354E+03
    0.14803E+00    0.84171E+03
    0.15102E+00    0.83322E+03
    0.15407E+00    0.83387E+03
    0.15718E+00    0.83876E+03
    0.16036E+00    0.84291E+03
    0.16360E+00    0.84189E+03
    0.16690E+00    0.83194E+03
    0.17028E+00    0.81046E+03
    0.17371E+00    0.77667E+03
    0.17722E+00    0.73236E+03
    0.18080E+00    0.68163E+03
    0.18446E+00    0.62901E+03
    0.18818E+00    0.57870E+03
    0.19198E+00    0.53501E+03
    0.19586E+00    0.50072E+03
    0.19982E+00    0.47660E+03
    0.20386E+00    0.46166E+03
    0.20797E+00    0.45358E+03
    0.21218E+00    0.44936E+03
    0.21646E+00    0.44567E+03
    0.22083E+00    0.43921E+03
    0.22530E+00    0.42741E+03
    0.22985E+00    0.40943E+03
    0.23449E+00    0.38656E+03
    0.23923E+00    0.36130E+03
    0.24406E+00    0.33649E+03
    0.24899E+00    0.31475E+03
    0.25402E+00    0.29772E+03
    0.25915E+00    0.28563E+03
    0.26439E+00    0.27740E+03
    0.26973E+00    0.27108E+03
    0.27518E+00    0.26466E+03
    0.28074E+00    0.25651E+03
    0.28641E+00    0.24582E+03
    0.29219E+00    0.23305E+03
    0.29810E+00    0.21953E+03
    0.30412E+00    0.20688E+03
    0.31026E+00    0.19621E+03
    0.31653E+00    0.18779E+03
    0.32292E+00    0.18111E+03
    0.32945E+00    0.17520E+03
    0.33610E+00    0.16899E+03
    0.34289E+00    0.16192E+03
    0.34982E+00    0.15409E+03
    0.35689E+00    0.14608E+03
    0.36409E+00    0.13867E+03
    0.37145E+00    0.13226E+03
    0.37895E+00    0.12676E+03
    0.38661E+00    0.12181E+03
    0.39442E+00    0.11687E+03
    0.40239E+00    0.11170E+03
    0.41052E+00    0.10638E+03
    0.41881E+00    0.10123E+03
    0.42727E+00    0.96504E+02
    0.43590E+00    0.92249E+02
    0.44471E+00    0.88335E+02
    0.45369E+00    0.84489E+02
    0.46286E+00    0.80624E+02
    0.47221E+00    0.76848E+02
    0.48174E+00    0.73275E+02
    0.49148E+00    0.69952E+02
    0.50141E+00    0.66818E+02
    0.51153E+00    0.63814E+02
    0.52187E+00    0.60899E+02
    0.53241E+00    0.58074E+02
    0.54317E+00    0.55387E+02
    0.55414E+00    0.52854E+02
    0.56533E+00    0.50443E+02
    0.57675E+00    0.48133E+02
    0.58840E+00    0.45921E+02
    0.60029E+00    0.43803E+02
    0.61242E+00    0.41776E+02
    0.62479E+00    0.39838E+02
    0.63741E+00    0.37985E+02
    0.65029E+00    0.36214E+02
    0.66342E+00    0.34523E+02
    0.67683E+00    0.32908E+02
    0.69050E+00    0.31368E+02
    0.70445E+00    0.29897E+02
    0.71868E+00    0.28495E+02
    0.73320E+00    0.27158E+02
    0.74801E+00    0.25882E+02
    0.76312E+00    0.24665E+02
    0.77854E+00    0.23504E+02
    0.79426E+00    0.22397E+02
    0.81031E+00    0.21341E+02
    0.82668E+00    0.20333E+02
    0.84338E+00    0.19372E+02
    0.86041E+00    0.18455E+02
    0.87780E+00    0.17580E+02
    0.89553E+00    0.16746E+02
    0.91362E+00    0.15950E+02
    0.93208E+00    0.15191E+02
    0.95091E+00    0.14467E+02
    0.97011E+00    0.13777E+02
    0.98971E+00    0.13118E+02
    0.10097E+01    0.12491E+02
    0.10301E+01    0.11893E+02
    0.10509E+01    0.11322E+02
    0.10721E+01    0.10779E+02
    0.10938E+01    0.10261E+02
    0.11159E+01    0.97672E+01
    0.11384E+01    0.92968E+01
    0.11614E+01    0.88487E+01
    0.11849E+01    0.84216E+01
    0.12088E+01    0.80148E+01
    0.12333E+01    0.76273E+01
    0.12582E+01    0.72581E+01
    0.12836E+01    0.69064E+01
    0.13095E+01    0.65714E+01
    0.13360E+01    0.62524E+01
    0.13630E+01    0.59486E+01
    0.13905E+01    0.56592E+01
    0.14186E+01    0.53837E+01
    0.14472E+01    0.51213E+01
    0.14765E+01    0.48714E+01
    0.15063E+01    0.46336E+01
    0.15367E+01    0.44070E+01
    0.15678E+01    0.41914E+01
    0.15994E+01    0.39860E+01
    0.16318E+01    0.37906E+01
    0.16647E+01    0.36045E+01
    0.16984E+01    0.34273E+01
    0.17327E+01    0.32587E+01
    0.17677E+01    0.30982E+01
    0.18034E+01    0.29454E+01
    0.18398E+01    0.28001E+01
    0.18770E+01    0.26618E+01
    0.19149E+01    0.25303E+01
    0.19536E+01    0.24052E+01
    0.19930E+01    0.22863E+01
    0.20333E+01    0.21732E+01
    0.20744E+01    0.20656E+01
    0.21163E+01    0.19634E+01
