    0.10000E-03    0.76177E+03
    0.10202E-03    0.77668E+03
    0.10408E-03    0.79187E+03
    0.10618E-03    0.80737E+03
    0.10833E-03    0.82317E+03
    0.11052E-03    0.83928E+03
    0.11275E-03    0.85570E+03
    0.11503E-03    0.87245E+03
    0.11735E-03    0.88953E+03
    0.11972E-03    0.90694E+03
    0.12214E-03    0.92469E+03
    0.12461E-03    0.94279E+03
    0.12712E-03    0.96124E+03
    0.12969E-03    0.98006E+03
    0.13231E-03    0.99924E+03
    0.13499E-03    0.10188E+04
    0.13771E-03    0.10388E+04
    0.14049E-03    0.10591E+04
    0.14333E-03    0.10798E+04
    0.14623E-03    0.11010E+04
    0.14918E-03    0.11225E+04
    0.15220E-03    0.11445E+04
    0.15527E-03    0.11669E+04
    0.15841E-03    0.11898E+04
    0.16161E-03    0.12131E+04
    0.16487E-03    0.12368E+04
    0.16820E-03    0.12611E+04
    0.17160E-03    0.12858E+04
    0.17507E-03    0.13110E+04
    0.17860E-03    0.13366E+04
    0.18221E-03    0.13628E+04
    0.18589E-03    0.13895E+04
    0.18965E-03    0.14168E+04
    0.19348E-03    0.14445E+04
    0.19739E-03    0.14728E+04
    0.20138E-03    0.15017E+04
    0.20544E-03    0.15312E+04
    0.20959E-03    0.15612E+04
    0.21383E-03    0.15918E+04
    0.21815E-03    0.16230E+04
    0.22255E-03    0.16548E+04
    0.22705E-03    0.16873E+04
    0.23164E-03    0.17204E+04
    0.23632E-03    0.17541E+04
    0.24109E-03    0.17885E+04
    0.24596E-03    0.18236E+04
    0.25093E-03    0.18594E+04
    0.25600E-03    0.18959E+04
    0.26117E-03    0.19331E+04
    0.26645E-03    0.19710E+04
    0.27183E-03    0.20097E+04
    0.27732E-03    0.20492E+04
    0.28292E-03    0.20894E+04
    0.28864E-03    0.21305E+04
    0.29447E-03    0.21723E+04
    0.30042E-03    0.22150E+04
    0.30649E-03    0.22585E+04
    0.31268E-03    0.23029E+04
    0.31899E-03    0.23481E+04
    0.32544E-03    0.23943E+04
    0.33201E-03    0.24414E+04
    0.33872E-03    0.24894E+04
    0.34556E-03    0.25383E+04
    0.35254E-03    0.25882E+04
    0.35966E-03    0.26391E+04
    0.36693E-03    0.26910E+04
    0.37434E-03    0.27440E+04
    0.38190E-03    0.27980E+04
    0.38962E-03    0.28530E+04
    0.39749E-03    0.29092E+04
    0.40552E-03    0.29664E+04
    0.41371E-03    0.30248E+04
    0.42207E-03    0.30844E+04
    0.43060E-03    0.31451E+04
    0.43929E-03    0.32071E+04
    0.44817E-03    0.32702E+04
    0.45722E-03    0.33346E+04
    0.46646E-03    0.34003E+04
    0.47588E-03    0.34673E+04
    0.48550E-03    0.35356E+04
    0.49530E-03    0.36052E+04
    0.50531E-03    0.36762E+04
    0.51552E-03    0.37486E+04
    0.52593E-03    0.38225E+04
    0.53656E-03    0.38978E+04
    0.54739E-03    0.39745E+04
    0.55845E-03    0.40528E+04
    0.56973E-03    0.41326E+04
    0.58124E-03    0.42139E+04
    0.59299E-03    0.42969E+04
    0.60496E-03    0.43814E+04
    0.61719E-03    0.44676E+04
    0.62965E-03    0.45555E+04
    0.64237E-03    0.46450E+04
    0.65535E-03    0.47363E+04
    0.66859E-03    0.48293E+04
    0.68210E-03    0.49241E+04
    0.69588E-03    0.50208E+04
    0.70993E-03    0.51192E+04
    0.72427E-03    0.52195E+04
    0.73891E-03    0.53218E+04
    0.75383E-03    0.54259E+04
    0.76906E-03    0.55320E+04
    0.78460E-03    0.56400E+04
    0.80045E-03    0.57501E+04
    0.81662E-03    0.58622E+04
    0.83311E-03    0.59763E+04
    0.84994E-03    0.60925E+04
    0.86711E-03    0.62109E+04
    0.88463E-03    0.63313E+04
    0.90250E-03    0.64540E+04
    0.92073E-03    0.65788E+04
    0.93933E-03    0.67058E+04
    0.95831E-03    0.68350E+04
    0.97767E-03    0.69665E+04
    0.99742E-03    0.71003E+04
    0.10176E-02    0.72363E+04
    0.10381E-02    0.73747E+04
    0.10591E-02    0.75154E+04
    0.10805E-02    0.76585E+04
    0.11023E-02    0.78040E+04
    0.11246E-02    0.79518E+04
    0.11473E-02    0.81021E+04
    0.11705E-02    0.82548E+04
    0.11941E-02    0.84100E+04
    0.12182E-02    0.85677E+04
    0.12429E-02    0.87278E+04
    0.12680E-02    0.88905E+04
    0.12936E-02    0.90557E+04
    0.13197E-02    0.92234E+04
    0.13464E-02    0.93937E+04
    0.13736E-02    0.95666E+04
    0.14013E-02    0.97421E+04
    0.14296E-02    0.99201E+04
    0.14585E-02    0.10101E+05
    0.14880E-02    0.10284E+05
    0.15180E-02    0.10470E+05
    0.15487E-02    0.10659E+05
    0.15800E-02    0.10850E+05
    0.16119E-02    0.11044E+05
    0.16445E-02    0.11240E+05
    0.16777E-02    0.11440E+05
    0.17116E-02    0.11642E+05
    0.17462E-02    0.11846E+05
    0.17814E-02    0.12054E+05
    0.18174E-02    0.12264E+05
    0.18541E-02    0.12476E+05
    0.18916E-02    0.12692E+05
    0.19298E-02    0.12910E+05
    0.19688E-02    0.13131E+05
    0.20086E-02    0.13354E+05
    0.20491E-02    0.13580E+05
    0.20905E-02    0.13809E+05
    0.21328E-02    0.14040E+05
    0.21758E-02    0.14274E+05
    0.22198E-02    0.14511E+05
    0.22646E-02    0.14750E+05
    0.23104E-02    0.14992E+05
    0.23571E-02    0.15236E+05
    0.24047E-02    0.15483E+05
    0.24533E-02    0.15733E+05
    0.25028E-02    0.15984E+05
    0.25534E-02    0.16239E+05
    0.26050E-02    0.16495E+05
    0.26576E-02    0.16754E+05
    0.27113E-02    0.17016E+05
    0.27660E-02    0.17279E+05
    0.28219E-02    0.17545E+05
    0.28789E-02    0.17813E+05
    0.29371E-02    0.18083E+05
    0.29964E-02    0.18355E+05
    0.30569E-02    0.18630E+05
    0.31187E-02    0.18906E+05
    0.31817E-02    0.19184E+05
    0.32460E-02    0.19464E+05
    0.33115E-02    0.19745E+05
    0.33784E-02    0.20029E+05
    0.34467E-02    0.20313E+05
    0.35163E-02    0.20600E+05
    0.35874E-02    0.20888E+05
    0.36598E-02    0.21177E+05
    0.37338E-02    0.21467E+05
    0.38092E-02    0.21758E+05
    0.38861E-02    0.22051E+05
    0.39646E-02    0.22344E+05
    0.40447E-02    0.22638E+05
    0.41264E-02    0.22933E+05
    0.42098E-02    0.23228E+05
    0.42948E-02    0.23524E+05
    0.43816E-02    0.23820E+05
    0.44701E-02    0.24117E+05
    0.45604E-02    0.24413E+05
    0.46525E-02    0.24709E+05
    0.47465E-02    0.25005E+05
    0.48424E-02    0.25300E+05
    0.49402E-02    0.25595E+05
    0.50400E-02    0.25890E+05
    0.51419E-02    0.26183E+05
    0.52457E-02    0.26475E+05
    0.53517E-02    0.26766E+05
    0.54598E-02    0.27056E+05
    0.55701E-02    0.27343E+05
    0.56826E-02    0.27628E+05
    0.57974E-02    0.27912E+05
    0.59145E-02    0.28193E+05
    0.60340E-02    0.28471E+05
    0.61559E-02    0.28747E+05
    0.62803E-02    0.29019E+05
    0.64072E-02    0.29289E+05
    0.65366E-02    0.29554E+05
    0.66686E-02    0.29816E+05
    0.68033E-02    0.30074E+05
    0.69408E-02    0.30328E+05
    0.70810E-02    0.30577E+05
    0.72240E-02    0.30821E+05
    0.73700E-02    0.31060E+05
    0.75189E-02    0.31294E+05
    0.76708E-02    0.31523E+05
    0.78257E-02    0.31745E+05
    0.79838E-02    0.31962E+05
    0.81451E-02    0.32172E+05
    0.83096E-02    0.32375E+05
    0.84775E-02    0.32571E+05
    0.86488E-02    0.32760E+05
    0.88235E-02    0.32940E+05
    0.90017E-02    0.33113E+05
    0.91836E-02    0.33277E+05
    0.93691E-02    0.33433E+05
    0.95583E-02    0.33579E+05
    0.97514E-02    0.33716E+05
    0.99484E-02    0.33843E+05
    0.10149E-01    0.33960E+05
    0.10354E-01    0.34066E+05
    0.10564E-01    0.34162E+05
    0.10777E-01    0.34246E+05
    0.10995E-01    0.34319E+05
    0.11217E-01    0.34380E+05
    0.11443E-01    0.34428E+05
    0.11675E-01    0.34464E+05
    0.11910E-01    0.34487E+05
    0.12151E-01    0.34497E+05
    0.12397E-01    0.34493E+05
    0.12647E-01    0.34475E+05
    0.12902E-01    0.34443E+05
    0.13163E-01    0.34396E+05
    0.13429E-01    0.34335E+05
    0.13700E-01    0.34258E+05
    0.13977E-01    0.34166E+05
    0.14259E-01    0.34057E+05
    0.14547E-01    0.33933E+05
    0.14841E-01    0.33793E+05
    0.15141E-01    0.33636E+05
    0.15447E-01    0.33463E+05
    0.15759E-01    0.33273E+05
    0.16077E-01    0.33066E+05
    0.16402E-01    0.32842E+05
    0.16734E-01    0.32600E+05
    0.17072E-01    0.32342E+05
    0.17416E-01    0.32067E+05
    0.17768E-01    0.31774E+05
    0.18127E-01    0.31465E+05
    0.18493E-01    0.31139E+05
    0.18867E-01    0.30796E+05
    0.19248E-01    0.30437E+05
    0.19637E-01    0.30061E+05
    0.20034E-01    0.29670E+05
    0.20438E-01    0.29263E+05
    0.20851E-01    0.28842E+05
    0.21272E-01    0.28406E+05
    0.21702E-01    0.27956E+05
    0.22141E-01    0.27493E+05
    0.22588E-01    0.27018E+05
    0.23044E-01    0.26531E+05
    0.23510E-01    0.26033E+05
    0.23985E-01    0.25525E+05
    0.24469E-01    0.25009E+05
    0.24964E-01    0.24484E+05
    0.25468E-01    0.23953E+05
    0.25982E-01    0.23416E+05
    0.26507E-01    0.22875E+05
    0.27043E-01    0.22330E+05
    0.27589E-01    0.21784E+05
    0.28146E-01    0.21237E+05
    0.28715E-01    0.20691E+05
    0.29295E-01    0.20147E+05
    0.29887E-01    0.19607E+05
    0.30490E-01    0.19071E+05
    0.31106E-01    0.18542E+05
    0.31735E-01    0.18021E+05
    0.32376E-01    0.17509E+05
    0.33030E-01    0.17007E+05
    0.33697E-01    0.16517E+05
    0.34378E-01    0.16040E+05
    0.35072E-01    0.15577E+05
    0.35781E-01    0.15129E+05
    0.36504E-01    0.14698E+05
    0.37241E-01    0.14283E+05
    0.37993E-01    0.13886E+05
    0.38761E-01    0.13507E+05
    0.39544E-01    0.13147E+05
    0.40343E-01    0.12806E+05
    0.41158E-01    0.12484E+05
    0.41989E-01    0.12183E+05
    0.42838E-01    0.11902E+05
    0.43703E-01    0.11643E+05
    0.44586E-01    0.11404E+05
    0.45486E-01    0.11185E+05
    0.46405E-01    0.10983E+05
    0.47343E-01    0.10797E+05
    0.48299E-01    0.10626E+05
    0.49275E-01    0.10467E+05
    0.50270E-01    0.10320E+05
    0.51286E-01    0.10183E+05
    0.52322E-01    0.10054E+05
    0.53379E-01    0.99327E+04
    0.54457E-01    0.98159E+04
    0.55557E-01    0.97024E+04
    0.56680E-01    0.95899E+04
    0.57825E-01    0.94760E+04
    0.58993E-01    0.93580E+04
    0.60184E-01    0.92332E+04
    0.61400E-01    0.90989E+04
    0.62641E-01    0.89525E+04
    0.63906E-01    0.87912E+04
    0.65197E-01    0.86134E+04
    0.66514E-01    0.84177E+04
    0.67858E-01    0.82034E+04
    0.69229E-01    0.79706E+04
    0.70627E-01    0.77208E+04
    0.72054E-01    0.74556E+04
    0.73510E-01    0.71775E+04
    0.74994E-01    0.68893E+04
    0.76509E-01    0.65939E+04
    0.78055E-01    0.62949E+04
    0.79632E-01    0.59960E+04
    0.81241E-01    0.57009E+04
    0.82882E-01    0.54133E+04
    0.84556E-01    0.51366E+04
    0.86264E-01    0.48747E+04
    0.88007E-01    0.46311E+04
    0.89785E-01    0.44083E+04
    0.91598E-01    0.42087E+04
    0.93449E-01    0.40340E+04
    0.95337E-01    0.38847E+04
    0.97263E-01    0.37599E+04
    0.99227E-01    0.36585E+04
    0.10123E+00    0.35779E+04
    0.10328E+00    0.35148E+04
    0.10536E+00    0.34657E+04
    0.10749E+00    0.34262E+04
    0.10966E+00    0.33919E+04
    0.11188E+00    0.33581E+04
    0.11414E+00    0.33202E+04
    0.11644E+00    0.32739E+04
    0.11880E+00    0.32158E+04
    0.12120E+00    0.31431E+04
    0.12365E+00    0.30537E+04
    0.12614E+00    0.29474E+04
    0.12869E+00    0.28256E+04
    0.13129E+00    0.26912E+04
    0.13394E+00    0.25481E+04
    0.13665E+00    0.24017E+04
    0.13941E+00    0.22578E+04
    0.14223E+00    0.21221E+04
    0.14510E+00    0.19994E+04
    0.14803E+00    0.18929E+04
    0.15102E+00    0.18042E+04
    0.15407E+00    0.17333E+04
    0.15718E+00    0.16789E+04
    0.16036E+00    0.16389E+04
    0.16360E+00    0.16100E+04
    0.16690E+00    0.15879E+04
    0.17028E+00    0.15673E+04
    0.17371E+00    0.15428E+04
    0.17722E+00    0.15103E+04
    0.18080E+00    0.14673E+04
    0.18446E+00    0.14134E+04
    0.18818E+00    0.13498E+04
    0.19198E+00    0.12796E+04
    0.19586E+00    0.12069E+04
    0.19982E+00    0.11357E+04
    0.20386E+00    0.10705E+04
    0.20797E+00    0.10147E+04
    0.21218E+00    0.96950E+03
    0.21646E+00    0.93478E+03
    0.22083E+00    0.90869E+03
    0.22530E+00    0.88807E+03
    0.22985E+00    0.86899E+03
    0.23449E+00    0.84781E+03
    0.23923E+00    0.82210E+03
    0.24406E+00    0.79095E+03
    0.24899E+00    0.75493E+03
    0.25402E+00    0.71601E+03
    0.25915E+00    0.67720E+03
    0.26439E+00    0.64156E+03
    0.26973E+00    0.61101E+03
    0.27518E+00    0.58598E+03
    0.28074E+00    0.56572E+03
    0.28641E+00    0.54852E+03
    0.29219E+00    0.53200E+03
    0.29810E+00    0.51409E+03
    0.30412E+00    0.49390E+03
    0.31026E+00    0.47176E+03
    0.31653E+00    0.44881E+03
    0.32292E+00    0.42670E+03
    0.32945E+00    0.40680E+03
    0.33610E+00    0.38963E+03
    0.34289E+00    0.37483E+03
    0.34982E+00    0.36132E+03
    0.35689E+00    0.34790E+03
    0.36409E+00    0.33390E+03
    0.37145E+00    0.31922E+03
    0.37895E+00    0.30446E+03
    0.38661E+00    0.29042E+03
    0.39442E+00    0.27761E+03
    0.40239E+00    0.26610E+03
    0.41052E+00    0.25547E+03
    0.41881E+00    0.24514E+03
    0.42727E+00    0.23475E+03
    0.43590E+00    0.22436E+03
    0.44471E+00    0.21425E+03
    0.45369E+00    0.20473E+03
    0.46286E+00    0.19592E+03
    0.47221E+00    0.18765E+03
    0.48174E+00    0.17968E+03
    0.49148E+00    0.17185E+03
    0.50141E+00    0.16421E+03
    0.51153E+00    0.15691E+03
    0.52187E+00    0.15001E+03
    0.53241E+00    0.14347E+03
    0.54317E+00    0.13720E+03
    0.55414E+00    0.13116E+03
    0.56533E+00    0.12531E+03
    0.57675E+00    0.11972E+03
    0.58840E+00    0.11441E+03
    0.60029E+00    0.10934E+03
    0.61242E+00    0.10447E+03
    0.62479E+00    0.99813E+02
    0.63741E+00    0.95348E+02
    0.65029E+00    0.91073E+02
    0.66342E+00    0.86979E+02
    0.67683E+00    0.83060E+02
    0.69050E+00    0.79310E+02
    0.70445E+00    0.75722E+02
    0.71868E+00    0.72290E+02
    0.73320E+00    0.69008E+02
    0.74801E+00    0.65871E+02
    0.76312E+00    0.62872E+02
    0.77854E+00    0.60005E+02
    0.79426E+00    0.57266E+02
    0.81031E+00    0.54647E+02
    0.82668E+00    0.52145E+02
    0.84338E+00    0.49754E+02
    0.86041E+00    0.47469E+02
    0.87780E+00    0.45285E+02
    0.89553E+00    0.43199E+02
    0.91362E+00    0.41206E+02
    0.93208E+00    0.39302E+02
    0.95091E+00    0.37483E+02
    0.97011E+00    0.35745E+02
    0.98971E+00    0.34086E+02
    0.10097E+01    0.32501E+02
    0.10301E+01    0.30987E+02
    0.10509E+01    0.29542E+02
    0.10721E+01    0.28163E+02
    0.10938E+01    0.26846E+02
    0.11159E+01    0.25588E+02
    0.11384E+01    0.24388E+02
    0.11614E+01    0.23243E+02
    0.11849E+01    0.22150E+02
    0.12088E+01    0.21107E+02
    0.12333E+01    0.20112E+02
    0.12582E+01    0.19162E+02
    0.12836E+01    0.18257E+02
    0.13095E+01    0.17393E+02
    0.13360E+01    0.16568E+02
    0.13630E+01    0.15782E+02
    0.13905E+01    0.15033E+02
    0.14186E+01    0.14318E+02
    0.14472E+01    0.13636E+02
    0.14765E+01    0.12986E+02
    0.15063E+01    0.12367E+02
    0.15367E+01    0.11776E+02
    0.15678E+01    0.11213E+02
    0.15994E+01    0.10676E+02
    0.16318E+01    0.10164E+02
    0.16647E+01    0.96758E+01
    0.16984E+01    0.92107E+01
    0.17327E+01    0.87674E+01
    0.17677E+01    0.83449E+01
    0.18034E+01    0.79422E+01
    0.18398E+01    0.75584E+01
    0.18770E+01    0.71927E+01
    0.19149E+01    0.68444E+01
    0.19536E+01    0.65125E+01
    0.19930E+01    0.61965E+01
    0.20333E+01    0.58956E+01
    0.20744E+01    0.56091E+01
    0.21163E+01    0.53364E+01
    0.21590E+01    0.50769E+01
    0.22026E+01    0.48299E+01
    0.22471E+01    0.45949E+01
