    0.10000E-03    0.35767E+03
    0.10202E-03    0.36466E+03
    0.10408E-03    0.37179E+03
    0.10618E-03    0.37906E+03
    0.10833E-03    0.38647E+03
    0.11052E-03    0.39403E+03
    0.11275E-03    0.40173E+03
    0.11503E-03    0.40958E+03
    0.11735E-03    0.41759E+03
    0.11972E-03    0.42575E+03
    0.12214E-03    0.43408E+03
    0.12461E-03    0.44256E+03
    0.12712E-03    0.45121E+03
    0.12969E-03    0.46003E+03
    0.13231E-03    0.46903E+03
    0.13499E-03    0.47819E+03
    0.13771E-03    0.48754E+03
    0.14049E-03    0.49707E+03
    0.14333E-03    0.50678E+03
    0.14623E-03    0.51669E+03
    0.14918E-03    0.52679E+03
    0.15220E-03    0.53708E+03
    0.15527E-03    0.54758E+03
    0.15841E-03    0.55828E+03
    0.16161E-03    0.56919E+03
    0.16487E-03    0.58032E+03
    0.16820E-03    0.59166E+03
    0.17160E-03    0.60322E+03
    0.17507E-03    0.61501E+03
    0.17860E-03    0.62702E+03
    0.18221E-03    0.63928E+03
    0.18589E-03    0.65177E+03
    0.18965E-03    0.66450E+03
    0.19348E-03    0.67749E+03
    0.19739E-03    0.69072E+03
    0.20138E-03    0.70422E+03
    0.20544E-03    0.71797E+03
    0.20959E-03    0.73200E+03
    0.21383E-03    0.74630E+03
    0.21815E-03    0.76088E+03
    0.22255E-03    0.77574E+03
    0.22705E-03    0.79089E+03
    0.23164E-03    0.80634E+03
    0.23632E-03    0.82209E+03
    0.24109E-03    0.83814E+03
    0.24596E-03    0.85451E+03
    0.25093E-03    0.87119E+03
    0.25600E-03    0.88821E+03
    0.26117E-03    0.90555E+03
    0.26645E-03    0.92323E+03
    0.27183E-03    0.94125E+03
    0.27732E-03    0.95962E+03
    0.28292E-03    0.97836E+03
    0.28864E-03    0.99745E+03
    0.29447E-03    0.10169E+04
    0.30042E-03    0.10368E+04
    0.30649E-03    0.10570E+04
    0.31268E-03    0.10776E+04
    0.31899E-03    0.10986E+04
    0.32544E-03    0.11201E+04
    0.33201E-03    0.11419E+04
    0.33872E-03    0.11642E+04
    0.34556E-03    0.11869E+04
    0.35254E-03    0.12100E+04
    0.35966E-03    0.12336E+04
    0.36693E-03    0.12577E+04
    0.37434E-03    0.12822E+04
    0.38190E-03    0.13072E+04
    0.38962E-03    0.13327E+04
    0.39749E-03    0.13586E+04
    0.40552E-03    0.13851E+04
    0.41371E-03    0.14121E+04
    0.42207E-03    0.14396E+04
    0.43060E-03    0.14676E+04
    0.43929E-03    0.14962E+04
    0.44817E-03    0.15253E+04
    0.45722E-03    0.15550E+04
    0.46646E-03    0.15853E+04
    0.47588E-03    0.16161E+04
    0.48550E-03    0.16475E+04
    0.49530E-03    0.16796E+04
    0.50531E-03    0.17122E+04
    0.51552E-03    0.17455E+04
    0.52593E-03    0.17794E+04
    0.53656E-03    0.18140E+04
    0.54739E-03    0.18492E+04
    0.55845E-03    0.18851E+04
    0.56973E-03    0.19217E+04
    0.58124E-03    0.19590E+04
    0.59299E-03    0.19970E+04
    0.60496E-03    0.20357E+04
    0.61719E-03    0.20752E+04
    0.62965E-03    0.21154E+04
    0.64237E-03    0.21564E+04
    0.65535E-03    0.21982E+04
    0.66859E-03    0.22407E+04
    0.68210E-03    0.22841E+04
    0.69588E-03    0.23282E+04
    0.70993E-03    0.23732E+04
    0.72427E-03    0.24191E+04
    0.73891E-03    0.24658E+04
    0.75383E-03    0.25134E+04
    0.76906E-03    0.25619E+04
    0.78460E-03    0.26113E+04
    0.80045E-03    0.26616E+04
    0.81662E-03    0.27128E+04
    0.83311E-03    0.27650E+04
    0.84994E-03    0.28182E+04
    0.86711E-03    0.28724E+04
    0.88463E-03    0.29275E+04
    0.90250E-03    0.29837E+04
    0.92073E-03    0.30409E+04
    0.93933E-03    0.30992E+04
    0.95831E-03    0.31585E+04
    0.97767E-03    0.32189E+04
    0.99742E-03    0.32804E+04
    0.10176E-02    0.33431E+04
    0.10381E-02    0.34068E+04
    0.10591E-02    0.34717E+04
    0.10805E-02    0.35378E+04
    0.11023E-02    0.36051E+04
    0.11246E-02    0.36736E+04
    0.11473E-02    0.37432E+04
    0.11705E-02    0.38142E+04
    0.11941E-02    0.38863E+04
    0.12182E-02    0.39598E+04
    0.12429E-02    0.40345E+04
    0.12680E-02    0.41106E+04
    0.12936E-02    0.41880E+04
    0.13197E-02    0.42667E+04
    0.13464E-02    0.43467E+04
    0.13736E-02    0.44282E+04
    0.14013E-02    0.45110E+04
    0.14296E-02    0.45953E+04
    0.14585E-02    0.46810E+04
    0.14880E-02    0.47681E+04
    0.15180E-02    0.48567E+04
    0.15487E-02    0.49468E+04
    0.15800E-02    0.50384E+04
    0.16119E-02    0.51315E+04
    0.16445E-02    0.52261E+04
    0.16777E-02    0.53223E+04
    0.17116E-02    0.54200E+04
    0.17462E-02    0.55193E+04
    0.17814E-02    0.56203E+04
    0.18174E-02    0.57228E+04
    0.18541E-02    0.58270E+04
    0.18916E-02    0.59328E+04
    0.19298E-02    0.60403E+04
    0.19688E-02    0.61494E+04
    0.20086E-02    0.62603E+04
    0.20491E-02    0.63728E+04
    0.20905E-02    0.64871E+04
    0.21328E-02    0.66031E+04
    0.21758E-02    0.67208E+04
    0.22198E-02    0.68403E+04
    0.22646E-02    0.69615E+04
    0.23104E-02    0.70846E+04
    0.23571E-02    0.72094E+04
    0.24047E-02    0.73360E+04
    0.24533E-02    0.74644E+04
    0.25028E-02    0.75946E+04
    0.25534E-02    0.77267E+04
    0.26050E-02    0.78606E+04
    0.26576E-02    0.79963E+04
    0.27113E-02    0.81338E+04
    0.27660E-02    0.82732E+04
    0.28219E-02    0.84145E+04
    0.28789E-02    0.85576E+04
    0.29371E-02    0.87025E+04
    0.29964E-02    0.88493E+04
    0.30569E-02    0.89979E+04
    0.31187E-02    0.91484E+04
    0.31817E-02    0.93007E+04
    0.32460E-02    0.94549E+04
    0.33115E-02    0.96109E+04
    0.33784E-02    0.97687E+04
    0.34467E-02    0.99283E+04
    0.35163E-02    0.10090E+05
    0.35874E-02    0.10253E+05
    0.36598E-02    0.10418E+05
    0.37338E-02    0.10585E+05
    0.38092E-02    0.10753E+05
    0.38861E-02    0.10924E+05
    0.39646E-02    0.11096E+05
    0.40447E-02    0.11269E+05
    0.41264E-02    0.11444E+05
    0.42098E-02    0.11621E+05
    0.42948E-02    0.11800E+05
    0.43816E-02    0.11980E+05
    0.44701E-02    0.12162E+05
    0.45604E-02    0.12345E+05
    0.46525E-02    0.12530E+05
    0.47465E-02    0.12716E+05
    0.48424E-02    0.12903E+05
    0.49402E-02    0.13092E+05
    0.50400E-02    0.13282E+05
    0.51419E-02    0.13473E+05
    0.52457E-02    0.13666E+05
    0.53517E-02    0.13860E+05
    0.54598E-02    0.14054E+05
    0.55701E-02    0.14250E+05
    0.56826E-02    0.14447E+05
    0.57974E-02    0.14644E+05
    0.59145E-02    0.14842E+05
    0.60340E-02    0.15041E+05
    0.61559E-02    0.15241E+05
    0.62803E-02    0.15442E+05
    0.64072E-02    0.15642E+05
    0.65366E-02    0.15844E+05
    0.66686E-02    0.16045E+05
    0.68033E-02    0.16247E+05
    0.69408E-02    0.16448E+05
    0.70810E-02    0.16650E+05
    0.72240E-02    0.16851E+05
    0.73700E-02    0.17052E+05
    0.75189E-02    0.17253E+05
    0.76708E-02    0.17453E+05
    0.78257E-02    0.17653E+05
    0.79838E-02    0.17851E+05
    0.81451E-02    0.18049E+05
    0.83096E-02    0.18246E+05
    0.84775E-02    0.18442E+05
    0.86488E-02    0.18636E+05
    0.88235E-02    0.18829E+05
    0.90017E-02    0.19020E+05
    0.91836E-02    0.19209E+05
    0.93691E-02    0.19397E+05
    0.95583E-02    0.19582E+05
    0.97514E-02    0.19765E+05
    0.99484E-02    0.19945E+05
    0.10149E-01    0.20123E+05
    0.10354E-01    0.20297E+05
    0.10564E-01    0.20469E+05
    0.10777E-01    0.20637E+05
    0.10995E-01    0.20802E+05
    0.11217E-01    0.20963E+05
    0.11443E-01    0.21120E+05
    0.11675E-01    0.21272E+05
    0.11910E-01    0.21421E+05
    0.12151E-01    0.21564E+05
    0.12397E-01    0.21703E+05
    0.12647E-01    0.21837E+05
    0.12902E-01    0.21965E+05
    0.13163E-01    0.22088E+05
    0.13429E-01    0.22204E+05
    0.13700E-01    0.22315E+05
    0.13977E-01    0.22419E+05
    0.14259E-01    0.22517E+05
    0.14547E-01    0.22608E+05
    0.14841E-01    0.22692E+05
    0.15141E-01    0.22768E+05
    0.15447E-01    0.22837E+05
    0.15759E-01    0.22898E+05
    0.16077E-01    0.22951E+05
    0.16402E-01    0.22995E+05
    0.16734E-01    0.23031E+05
    0.17072E-01    0.23058E+05
    0.17416E-01    0.23076E+05
    0.17768E-01    0.23085E+05
    0.18127E-01    0.23084E+05
    0.18493E-01    0.23074E+05
    0.18867E-01    0.23053E+05
    0.19248E-01    0.23023E+05
    0.19637E-01    0.22983E+05
    0.20034E-01    0.22932E+05
    0.20438E-01    0.22871E+05
    0.20851E-01    0.22799E+05
    0.21272E-01    0.22716E+05
    0.21702E-01    0.22623E+05
    0.22141E-01    0.22519E+05
    0.22588E-01    0.22405E+05
    0.23044E-01    0.22280E+05
    0.23510E-01    0.22144E+05
    0.23985E-01    0.21997E+05
    0.24469E-01    0.21840E+05
    0.24964E-01    0.21673E+05
    0.25468E-01    0.21495E+05
    0.25982E-01    0.21308E+05
    0.26507E-01    0.21111E+05
    0.27043E-01    0.20904E+05
    0.27589E-01    0.20689E+05
    0.28146E-01    0.20464E+05
    0.28715E-01    0.20232E+05
    0.29295E-01    0.19992E+05
    0.29887E-01    0.19745E+05
    0.30490E-01    0.19491E+05
    0.31106E-01    0.19230E+05
    0.31735E-01    0.18965E+05
    0.32376E-01    0.18694E+05
    0.33030E-01    0.18419E+05
    0.33697E-01    0.18141E+05
    0.34378E-01    0.17860E+05
    0.35072E-01    0.17577E+05
    0.35781E-01    0.17292E+05
    0.36504E-01    0.17007E+05
    0.37241E-01    0.16723E+05
    0.37993E-01    0.16439E+05
    0.38761E-01    0.16158E+05
    0.39544E-01    0.15879E+05
    0.40343E-01    0.15604E+05
    0.41158E-01    0.15333E+05
    0.41989E-01    0.15067E+05
    0.42838E-01    0.14806E+05
    0.43703E-01    0.14551E+05
    0.44586E-01    0.14300E+05
    0.45486E-01    0.14057E+05
    0.46405E-01    0.13820E+05
    0.47343E-01    0.13592E+05
    0.48299E-01    0.13373E+05
    0.49275E-01    0.13163E+05
    0.50270E-01    0.12963E+05
    0.51286E-01    0.12771E+05
    0.52322E-01    0.12586E+05
    0.53379E-01    0.12408E+05
    0.54457E-01    0.12237E+05
    0.55557E-01    0.12071E+05
    0.56680E-01    0.11909E+05
    0.57825E-01    0.11752E+05
    0.58993E-01    0.11598E+05
    0.60184E-01    0.11446E+05
    0.61400E-01    0.11294E+05
    0.62641E-01    0.11144E+05
    0.63906E-01    0.10992E+05
    0.65197E-01    0.10838E+05
    0.66514E-01    0.10681E+05
    0.67858E-01    0.10519E+05
    0.69229E-01    0.10352E+05
    0.70627E-01    0.10178E+05
    0.72054E-01    0.99968E+04
    0.73510E-01    0.98063E+04
    0.74994E-01    0.96058E+04
    0.76509E-01    0.93947E+04
    0.78055E-01    0.91732E+04
    0.79632E-01    0.89419E+04
    0.81241E-01    0.87017E+04
    0.82882E-01    0.84543E+04
    0.84556E-01    0.82015E+04
    0.86264E-01    0.79453E+04
    0.88007E-01    0.76882E+04
    0.89785E-01    0.74324E+04
    0.91598E-01    0.71804E+04
    0.93449E-01    0.69343E+04
    0.95337E-01    0.66962E+04
    0.97263E-01    0.64682E+04
    0.99227E-01    0.62520E+04
    0.10123E+00    0.60490E+04
    0.10328E+00    0.58606E+04
    0.10536E+00    0.56877E+04
    0.10749E+00    0.55303E+04
    0.10966E+00    0.53885E+04
    0.11188E+00    0.52614E+04
    0.11414E+00    0.51471E+04
    0.11644E+00    0.50439E+04
    0.11880E+00    0.49489E+04
    0.12120E+00    0.48591E+04
    0.12365E+00    0.47716E+04
    0.12614E+00    0.46830E+04
    0.12869E+00    0.45905E+04
    0.13129E+00    0.44915E+04
    0.13394E+00    0.43841E+04
    0.13665E+00    0.42672E+04
    0.13941E+00    0.41404E+04
    0.14223E+00    0.40048E+04
    0.14510E+00    0.38620E+04
    0.14803E+00    0.37144E+04
    0.15102E+00    0.35650E+04
    0.15407E+00    0.34170E+04
    0.15718E+00    0.32736E+04
    0.16036E+00    0.31379E+04
    0.16360E+00    0.30127E+04
    0.16690E+00    0.29001E+04
    0.17028E+00    0.28010E+04
    0.17371E+00    0.27152E+04
    0.17722E+00    0.26410E+04
    0.18080E+00    0.25757E+04
    0.18446E+00    0.25162E+04
    0.18818E+00    0.24594E+04
    0.19198E+00    0.24020E+04
    0.19586E+00    0.23405E+04
    0.19982E+00    0.22731E+04
    0.20386E+00    0.21988E+04
    0.20797E+00    0.21180E+04
    0.21218E+00    0.20328E+04
    0.21646E+00    0.19467E+04
    0.22083E+00    0.18621E+04
    0.22530E+00    0.17816E+04
    0.22985E+00    0.17079E+04
    0.23449E+00    0.16425E+04
    0.23923E+00    0.15856E+04
    0.24406E+00    0.15361E+04
    0.24899E+00    0.14918E+04
    0.25402E+00    0.14499E+04
    0.25915E+00    0.14079E+04
    0.26439E+00    0.13637E+04
    0.26973E+00    0.13160E+04
    0.27518E+00    0.12652E+04
    0.28074E+00    0.12127E+04
    0.28641E+00    0.11607E+04
    0.29219E+00    0.11112E+04
    0.29810E+00    0.10659E+04
    0.30412E+00    0.10254E+04
    0.31026E+00    0.98930E+03
    0.31653E+00    0.95632E+03
    0.32292E+00    0.92471E+03
    0.32945E+00    0.89296E+03
    0.33610E+00    0.86014E+03
    0.34289E+00    0.82616E+03
    0.34982E+00    0.79185E+03
    0.35689E+00    0.75859E+03
    0.36409E+00    0.72746E+03
    0.37145E+00    0.69886E+03
    0.37895E+00    0.67260E+03
    0.38661E+00    0.64800E+03
    0.39442E+00    0.62410E+03
    0.40239E+00    0.60017E+03
    0.41052E+00    0.57612E+03
    0.41881E+00    0.55235E+03
    0.42727E+00    0.52946E+03
    0.43590E+00    0.50790E+03
    0.44471E+00    0.48777E+03
    0.45369E+00    0.46876E+03
    0.46286E+00    0.45038E+03
    0.47221E+00    0.43237E+03
    0.48174E+00    0.41466E+03
    0.49148E+00    0.39744E+03
    0.50141E+00    0.38102E+03
    0.51153E+00    0.36546E+03
    0.52187E+00    0.35063E+03
    0.53241E+00    0.33639E+03
    0.54317E+00    0.32254E+03
    0.55414E+00    0.30910E+03
    0.56533E+00    0.29618E+03
    0.57675E+00    0.28382E+03
    0.58840E+00    0.27203E+03
    0.60029E+00    0.26071E+03
    0.61242E+00    0.24979E+03
    0.62479E+00    0.23925E+03
    0.63741E+00    0.22913E+03
    0.65029E+00    0.21945E+03
    0.66342E+00    0.21016E+03
    0.67683E+00    0.20125E+03
    0.69050E+00    0.19268E+03
    0.70445E+00    0.18446E+03
    0.71868E+00    0.17657E+03
    0.73320E+00    0.16899E+03
    0.74801E+00    0.16172E+03
    0.76312E+00    0.15474E+03
    0.77854E+00    0.14805E+03
    0.79426E+00    0.14164E+03
    0.81031E+00    0.13548E+03
    0.82668E+00    0.12959E+03
    0.84338E+00    0.12393E+03
    0.86041E+00    0.11852E+03
    0.87780E+00    0.11333E+03
    0.89553E+00    0.10835E+03
    0.91362E+00    0.10359E+03
    0.93208E+00    0.99025E+02
    0.95091E+00    0.94653E+02
    0.97011E+00    0.90466E+02
    0.98971E+00    0.86456E+02
    0.10097E+01    0.82615E+02
    0.10301E+01    0.78939E+02
    0.10509E+01    0.75418E+02
    0.10721E+01    0.72048E+02
    0.10938E+01    0.68823E+02
    0.11159E+01    0.65736E+02
    0.11384E+01    0.62782E+02
    0.11614E+01    0.59956E+02
    0.11849E+01    0.57252E+02
    0.12088E+01    0.54665E+02
    0.12333E+01    0.52191E+02
    0.12582E+01    0.49826E+02
    0.12836E+01    0.47563E+02
    0.13095E+01    0.45400E+02
    0.13360E+01    0.43332E+02
    0.13630E+01    0.41355E+02
    0.13905E+01    0.39465E+02
    0.14186E+01    0.37658E+02
    0.14472E+01    0.35931E+02
    0.14765E+01    0.34281E+02
    0.15063E+01    0.32703E+02
    0.15367E+01    0.31196E+02
    0.15678E+01    0.29755E+02
    0.15994E+01    0.28378E+02
    0.16318E+01    0.27063E+02
    0.16647E+01    0.25806E+02
    0.16984E+01    0.24606E+02
    0.17327E+01    0.23460E+02
    0.17677E+01    0.22366E+02
    0.18034E+01    0.21321E+02
    0.18398E+01    0.20325E+02
    0.18770E+01    0.19375E+02
    0.19149E+01    0.18468E+02
    0.19536E+01    0.17604E+02
    0.19930E+01    0.16779E+02
